20000101
0.0
0.0
0.0
2.8
0.0
0.0
0.0
0.0
2.3
0.0
0.0
0.0
0.0
0.0
0.0
0.0
0.0
0.0
0.0
5.3
0.0
0.0
2.5
0.0
0.0
0.0
0.0
0.0
0.0
10.2
0.5
0.0
0.0
0.0
0.3
0.0
0.0
0.0
0.0
0.0
1.0
0.0
0.0
0.0
1.5
0.0
0.0
0.0
24.9
0.3
0.0
0.0
0.0
0.0
4.3
0.0
0.0
0.0
0.0
0.0
3.3
0.0
0.0
0.0
0.0
0.0
0.0
0.0
0.0
0.0
0.3
2.5
0.0
0.0
1.3
9.4
0.0
0.0
9.9
12.2
1.5
0.0
0.0
0.0
1.3
0.0
9.9
0.0
0.0
0.0
0.0
0.0
0.5
0.0
0.0
0.0
0.0
0.0
7.1
0.0
0.0
2.5
0.0
0.0
0.0
0.0
0.0
15.5
0.0
1.3
8.1
3.0
0.0
0.0
18.5
0.0
0.0
0.0
0.5
0.5
0.0
0.0
2.0
0.0
0.0
0.0
0.0
0.0
0.0
11.2
0.8
0.0
0.0
5.1
0.0
0.0
0.0
0.0
0.5
0.0
0.0
0.0
0.8
8.1
0.0
0.0
0.0
41.7
0.0
0.0
0.0
0.0
0.0
0.0
0.0
0.0
3.0
0.0
0.0
0.0
0.0
0.0
1.3
42.4
2.3
1.5
0.0
0.0
0.0
0.0
0.0
3.0
65.5
0.0
0.0
25.4
12.2
16.3
0.0
0.0
0.0
0.0
0.0
0.0
2.3
0.0
34.5
5.3
0.0
0.0
0.0
0.0
21.6
0.5
0.0
0.0
0.0
0.0
0.0
0.0
6.3
0.0
0.0
0.0
0.0
0.0
0.0
0.0
0.0
0.0
0.0
0.0
1.0
1.3
0.0
5.1
0.0
0.0
45.7
0.0
0.8
8.1
0.0
0.0
0.0
0.0
0.0
0.0
0.0
0.0
1.8
0.0
0.0
0.0
1.0
12.7
8.6
0.0
0.0
3.3
0.0
0.8
0.0
0.0
0.0
0.0
0.0
0.0
0.0
0.0
0.0
0.0
0.0
0.0
0.8
9.1
0.0
0.0
3.8
0.0
0.0
0.0
0.0
0.0
7.4
2.0
0.3
10.7
5.8
18.5
0.0
0.0
0.0
0.0
0.0
0.0
0.0
3.3
25.4
8.1
0.0
0.0
0.0
0.0
0.0
0.0
0.0
0.5
27.2
0.0
4.1
0.0
0.0
0.0
0.0
0.0
2.3
5.8
0.0
0.0
0.3
0.0
0.0
0.5
0.0
0.0
1.8
0.0
0.0
0.0
1.0
30.2
0.8
16.0
7.6
0.0
0.0
6.9
0.0
0.0
0.0
0.0
0.0
0.0
0.0
0.0
0.0
0.0
0.0
3.6
7.9
0.0
0.0
0.0
0.0
0.0
1.8
0.0
0.0
0.0
0.0
0.0
0.0
0.0
0.0
5.3
6.9
0.0
13.0
0.0
0.0
1.8
0.0
1.8
0.0
1.5
0.0
0.0
0.0
0.0
0.0
0.3
0.0
3.3
2.5
0.0
0.0
0.0
0.0
0.0
0.0
0.0
0.0
0.0
0.0
0.0
0.0
4.6
0.0
4.3
0.0
0.0
0.0
0.0
0.0
0.0
0.0
0.0
0.0
0.0
0.0
4.3
1.8
0.0
34.8
24.6
0.8
0.0
0.0
0.0
0.0
0.3
0.0
0.0
0.0
4.8
11.4
0.0
0.0
0.0
14.2
1.5
0.3
0.0
0.0
0.0
0.0
0.0
3.0
0.0
14.0
43.7
0.0
0.0
1.3
0.0
0.3
0.0
0.0
0.0
0.0
0.0
0.0
0.0
0.0
0.0
3.0
0.8
0.0
5.6
20.6
5.8
0.0
0.0
0.0
0.0
0.0
0.0
0.0
0.0
0.0
0.0
0.0
0.3
0.0
0.0
2.0
0.0
0.8
0.0
0.0
7.6
0.0
0.0
0.5
7.9
13.5
7.9
0.0
0.0
2.3
0.0
0.0
0.0
0.0
2.3
2.0
2.0
0.0
0.0
1.0
5.8
0.0
0.0
0.5
0.0
0.0
0.0
0.0
0.0
1.5
1.5
7.4
0.0
0.0
0.0
3.6
0.0
0.0
3.0
5.1
0.0
0.0
19.0
0.5
0.0
5.8
0.3
1.3
1.3
0.5
2.8
5.8
0.0
1.5
0.0
12.7
18.0
10.9
0.5
19.8
5.3
31.2
0.3
0.0
0.0
0.0
0.0
0.0
0.0
0.0
4.3
0.0
0.0
0.0
0.0
0.0
7.4
0.5
0.0
0.0
0.0
0.0
0.0
0.0
0.0
0.0
0.0
0.0
0.0
0.0
4.3
0.0
0.0
0.0
0.0
0.0
0.0
0.0
0.0
0.0
0.0
0.0
0.0
23.4
11.4
10.4
0.0
0.0
0.0
1.0
0.0
16.0
0.0
0.3
0.0
0.0
0.0
0.0
0.0
20.3
0.0
0.0
0.0
0.0
0.0
0.0
1.8
0.0
0.0
0.0
0.0
0.0
7.9
0.5
0.0
3.8
0.0
0.0
0.0
49.8
0.0
0.5
5.3
0.0
0.0
0.0
0.0
18.5
0.0
0.0
0.0
0.0
0.0
0.0
5.8
0.0
9.1
4.8
0.0
0.0
0.0
0.0
0.0
0.0
0.0
0.8
29.2
2.5
15.2
0.0
10.2
1.5
0.0
0.0
0.0
0.0
0.0
0.0
0.0
0.0
0.0
0.0
16.0
10.9
0.0
0.0
0.0
11.4
2.8
25.1
0.0
15.0
0.0
18.5
0.0
0.0
0.0
0.0
0.0
0.0
5.6
0.0
3.3
0.0
0.0
0.0
0.0
0.0
0.0
0.0
2.3
0.0
0.0
0.0
0.0
0.0
0.0
0.0
0.0
0.0
0.0
0.0
0.0
0.0
0.0
0.0
0.0
1.0
0.0
0.0
0.0
0.0
40.6
2.0
0.0
1.8
0.3
3.8
8.9
0.5
0.0
0.0
0.0
0.0
2.8
0.0
0.0
0.0
0.0
0.0
3.3
15.0
13.0
1.0
4.1
13.2
0.8
0.0
0.3
0.0
0.0
8.6
1.8
0.0
0.0
0.0
0.0
0.0
0.0
0.0
0.0
0.0
0.0
0.0
0.0
1.8
0.0
0.0
0.0
0.0
0.0
0.0
0.0
0.0
0.0
0.0
0.0
0.0
1.5
0.0
0.0
0.0
0.0
1.5
0.0
0.0
0.0
0.0
0.0
19.0
54.9
3.0
0.0
0.0
0.0
0.0
0.0
0.0
0.0
0.0
3.3
3.6
0.0
0.0
0.0
0.0
0.0
0.0
0.0
1.3
21.6
2.8
0.5
0.0
0.0
0.0
6.1
1.5
0.0
0.0
8.9
8.6
0.0
0.0
0.0
0.0
0.3
17.5
0.5
0.0
0.3
0.0
0.0
2.3
0.3
0.3
0.0
0.3
3.6
0.0
0.0
0.0
0.0
8.1
2.0
0.0
0.0
0.0
1.8
0.0
0.0
0.0
0.0
0.0
0.0
0.0
0.0
6.9
19.8
0.3
0.0
0.0
1.3
0.0
0.0
0.0
0.0
0.0
0.0
24.9
26.2
4.6
0.0
0.0
35.8
0.0
0.0
64.0
0.0
0.0
0.0
2.3
0.0
0.0
0.0
8.1
59.7
0.5
11.9
0.0
3.3
77.5
6.9
0.5
0.0
0.8
11.9
9.9
0.0
0.0
0.0
0.0
0.0
1.8
0.3
0.0
0.0
2.0
0.0
0.0
0.0
0.0
0.8
0.0
0.0
6.3
3.6
0.0
0.0
0.0
2.0
1.3
59.4
10.9
3.0
1.0
3.8
0.0
0.0
0.0
0.0
0.0
0.0
0.0
0.0
0.3
3.6
0.0
0.0
0.0
0.0
0.0
0.0
0.0
0.0
0.0
0.0
0.0
0.0
0.0
0.0
0.0
13.7
0.8
0.0
0.0
0.0
0.0
0.0
0.3
0.0
0.0
0.0
20.1
0.0
0.0
11.4
29.2
0.0
2.3
0.0
0.0
0.0
0.0
0.0
0.0
0.0
0.0
0.0
0.0
0.0
0.0
0.0
0.0
0.0
21.1
5.3
4.3
17.0
0.0
28.2
3.6
0.0
0.0
46.2
22.9
0.0
0.0
0.0
0.0
0.0
0.0
0.0
0.0
0.0
0.0
0.0
0.0
0.0
0.0
0.0
0.0
0.0
0.0
0.0
0.0
0.0
11.9
4.1
0.0
3.3
1.0
6.9
4.1
0.0
0.5
0.0
0.0
0.0
0.0
0.0
0.0
0.0
0.0
0.0
6.6
6.1
2.8
0.0
0.0
0.0
0.0
0.0
0.0
0.0
2.5
0.0
0.0
0.0
0.0
0.0
33.8
0.0
0.0
0.0
0.0
1.8
5.1
3.8
0.0
0.0
12.7
2.0
3.6
0.0
0.0
0.0
2.0
4.3
3.0
0.0
0.0
0.0
0.3
0.0
0.0
0.0
0.0
3.3
0.0
0.0
0.0
1.0
0.0
0.0
2.8
0.0
0.0
0.0
0.0
0.0
0.0
0.0
0.0
0.0
0.0
0.0
0.0
0.0
0.0
0.0
0.0
0.0
0.0
0.0
0.0
0.0
0.0
0.0
0.0
0.0
24.6
20.3
0.0
0.0
0.0
0.0
0.0
11.7
0.0
0.0
0.0
0.0
0.0
0.0
0.0
4.8
3.0
0.0
0.3
0.0
0.0
0.0
0.0
0.0
0.0
0.0
0.0
0.0
0.0
2.8
1.5
0.0
0.3
0.0
0.0
0.0
0.0
0.0
0.0
0.8
0.0
0.0
2.5
0.0
0.5
7.9
0.0
0.0
1.0
0.0
0.0
0.0
0.0
0.0
1.0
3.3
0.0
0.0
0.0
16.3
15.0
0.0
0.0
0.0
0.0
0.0
0.0
0.0
1.8
0.0
0.0
0.0
0.0
0.3
0.5
0.0
0.0
0.5
0.0
0.0
0.0
0.0
0.0
0.0
0.3
5.6
0.0
0.0
0.0
0.0
0.0
1.8
15.7
9.4
0.0
0.0
0.0
2.8
0.0
0.0
0.0
13.2
0.0
0.0
0.0
0.0
0.0
2.0
8.1
0.0
22.4
0.3
0.0
0.0
0.0
0.0
0.0
0.0
0.0
0.0
14.0
0.0
0.0
2.8
0.0
0.0
0.0
0.0
18.0
8.6
0.0
0.0
5.3
15.5
4.3
0.5
0.0
0.0
26.4
0.0
0.5
0.0
13.5
13.2
13.2
0.0
0.0
0.5
4.3
0.3
0.0
0.5
0.0
0.8
0.0
0.0
0.0
0.0
5.6
0.0
0.0
0.0
1.0
0.0
2.0
0.0
0.0
15.5
1.3
0.0
0.0
10.7
0.3
0.0
3.6
21.1
0.5
0.8
9.4
0.0
0.0
0.0
0.0
2.0
0.0
0.0
0.0
0.0
0.0
0.0
38.1
2.8
0.0
0.0
3.8
0.0
0.0
0.0
0.0
0.0
0.0
0.0
0.0
21.6
55.4
0.0
0.0
0.0
0.0
0.0
0.0
0.0
21.6
8.9
0.0
1.0
0.0
0.0
0.0
0.0
0.0
0.0
1.0
12.7
0.0
0.0
0.0
0.0
1.8
1.0
0.0
1.3
0.0
0.0
0.0
0.0
0.0
0.0
0.0
3.3
0.0
0.0
0.0
0.0
0.0
0.0
0.0
0.0
0.0
0.0
0.0
0.0
0.0
0.0
1.8
10.7
0.3
86.4
10.4
0.0
0.0
0.0
0.0
0.0
0.0
0.0
0.0
0.0
0.0
1.0
2.5
0.0
0.0
0.0
0.0
0.0
0.0
0.0
5.1
0.0
0.0
0.0
0.0
14.0
0.0
0.0
0.0
0.0
0.0
0.0
1.3
0.0
0.0
0.0
0.0
0.0
24.6
0.0
0.5
0.0
22.9
0.5
0.0
0.0
0.0
0.0
0.0
0.0
0.0
0.0
0.0
9.4
2.5
0.0
1.5
0.0
0.0
0.0
0.0
1.5
0.0
0.0
21.8
0.0
0.0
0.0
0.0
0.0
0.8
0.5
0.0
0.0
0.5
0.3
0.0
62.2
6.9
0.0
0.0
0.0
0.0
16.5
0.0
0.0
0.0
0.0
0.0
0.0
0.0
0.0
0.0
0.0
7.1
0.3
0.0
0.0
0.0
8.1
0.5
0.0
0.0
4.1
0.0
0.0
0.0
1.3
0.8
0.0
0.0
0.0
15.5
0.0
0.0
0.0
0.0
0.0
0.0
0.0
0.0
0.0
0.0
0.0
11.4
6.3
0.0
0.0
0.0
0.0
0.0
0.0
0.0
0.0
0.0
0.0
0.0
1.0
5.3
0.3
0.0
0.0
0.0
0.0
0.0
0.0
4.3
2.5
0.5
0.0
3.0
0.0
0.0
0.5
6.3
0.0
0.0
2.5
1.5
0.5
0.0
0.0
0.0
0.0
0.0
0.0
0.0
0.0
0.0
0.0
0.0
0.3
0.3
0.0
0.0
0.0
0.0
0.0
0.0
0.0
0.0
0.5
0.0
0.0
1.5
22.6
0.0
0.0
0.0
0.0
0.0
0.0
0.0
0.0
4.1
0.0
4.3
2.5
0.0
0.0
0.0
0.0
0.0
0.0
0.3
0.0
18.0
30.0
0.0
10.7
0.3
0.0
0.0
0.0
0.0
0.0
0.0
0.0
0.0
0.0
0.0
0.0
0.0
0.0
0.0
0.0
0.0
0.0
0.0
0.0
0.0
0.0
11.2
0.0
13.5
0.0
36.3
0.0
0.0
0.0
0.0
5.8
2.8
5.1
1.5
0.0
1.5
0.0
0.0
0.0
0.0
0.0
4.6
5.3
0.8
22.9
9.4
0.0
0.0
0.0
8.4
0.0
0.0
0.0
0.0
8.4
45.2
0.0
3.0
1.8
0.0
0.0
12.2
0.5
0.0
0.0
0.0
0.0
0.0
0.0
0.0
0.0
4.6
25.4
0.0
8.1
0.0
1.5
43.4
0.8
0.0
0.0
0.0
0.0
0.0
0.0
0.0
17.0
3.3
0.0
0.0
0.0
0.0
0.0
3.6
7.1
4.8
0.5
0.3
9.1
0.0
3.0
5.6
4.8
21.8
0.0
0.0
0.0
0.0
0.0
0.0
0.0
0.0
0.0
0.0
2.0
0.0
0.5
0.0
0.0
0.0
0.0
16.3
1.3
0.0
0.0
0.0
2.5
0.3
0.0
0.0
0.0
0.0
0.8
0.0
0.0
0.0
0.0
0.0
0.0
0.0
9.4
0.3
7.4
11.4
0.0
0.0
13.7
1.5
76.5
0.3
13.5
0.8
0.0
0.0
0.0
0.0
0.0
0.0
0.0
0.0
0.0
0.0
0.0
0.0
0.0
0.0
0.0
0.0
0.0
6.6
0.0
0.0
0.0
0.0
0.0
0.0
0.0
0.0
0.0
0.0
0.0
0.0
0.0
0.0
0.0
6.1
0.0
0.0
0.0
0.0
0.0
9.1
17.5
0.0
0.0
0.0
15.5
1.0
15.7
0.3
0.0
13.5
19.0
0.3
0.0
0.0
3.3
16.5
0.0
0.0
24.6
0.0
12.4
4.3
0.0
16.0
28.7
0.0
18.3
0.0
0.0
0.0
0.0
0.0
0.0
0.5
1.0
0.0
0.0
0.0
0.5
1.3
0.0
7.6
0.3
0.0
0.3
0.0
8.4
36.3
0.0
2.8
9.4
0.0
7.1
10.9
0.0
0.0
0.0
0.0
0.0
10.9
9.4
0.0
0.8
5.1
0.5
0.0
0.0
0.0
0.0
0.0
0.0
0.0
0.0
0.0
0.0
0.0
0.0
0.0
0.0
0.0
0.0
0.0
0.0
0.0
0.0
2.5
8.9
21.3
21.6
15.2
0.0
2.5
0.0
0.0
1.5
5.8
42.7
6.9
0.0
0.3
0.0
0.0
0.0
0.0
0.0
0.3
0.8
0.0
0.0
0.0
0.0
0.0
2.0
3.6
0.0
0.0
0.0
0.0
0.0
0.0
0.0
6.1
7.1
2.0
1.5
0.0
0.0
4.6
14.5
0.5
0.5
0.0
0.0
0.0
3.6
0.5
0.0
0.0
0.0
0.0
0.0
0.0
4.8
0.5
0.0
0.0
0.0
0.0
0.0
1.3
0.0
0.0
0.0
0.8
0.0
0.0
0.0
0.0
0.0
0.0
0.0
0.0
0.0
0.0
0.0
10.7
0.8
7.1
3.0
0.0
0.0
0.0
0.0
1.3
0.0
0.0
0.0
0.0
0.0
0.0
2.3
0.0
0.0
0.0
0.0
13.5
15.0
1.3
0.0
0.0
0.0
0.0
0.0
0.0
0.0
11.7
1.8
0.0
0.0
4.1
1.0
0.0
0.0
1.8
0.0
0.0
0.0
0.0
0.0
0.0
0.0
0.0
2.3
0.0
0.0
13.2
0.0
0.3
0.0
0.0
0.0
0.0
18.5
7.6
0.0
0.0
0.0
0.0
0.0
0.0
0.0
0.5
0.0
3.3
0.3
0.0
0.0
0.0
0.0
0.0
0.3
0.0
0.0
9.4
0.0
1.0
0.0
0.0
12.7
0.0
0.0
0.0
0.0
0.0
0.0
0.0
0.0
0.0
0.0
0.0
0.0
0.0
0.0
0.0
0.0
0.0
0.0
0.0
0.0
6.2
0.0
0.0
0.0
0.0
0.0
0.0
5.6
13.5
0.5
0.3
0.0
0.0
0.0
6.6
0.0
0.8
0.0
0.0
0.0
0.0
0.0
11.2
0.0
0.0
0.0
0.0
0.0
0.0
0.0
0.0
0.0
0.0
0.0
0.0
0.0
0.0
0.0
5.6
11.9
4.3
6.6
1.8
0.0
0.0
7.1
8.6
0.0
1.3
0.0
0.0
0.0
13.0
0.5
0.0
0.0
0.0
0.0
0.0
0.0
0.0
0.0
0.0
0.0
0.0
0.0
1.8
0.0
0.0
0.0
0.0
8.1
0.0
11.9
0.0
0.0
5.6
31.8
0.0
0.0
0.0
4.1
0.3
7.9
0.0
0.0
7.6
0.0
0.0
0.0
0.0
0.0
0.0
0.0
0.0
0.0
0.0
0.0
0.0
0.0
0.0
0.0
0.0
0.0
0.0
0.0
0.0
3.6
31.0
1.0
0.0
2.5
0.0
0.0
0.0
0.0
0.0
0.0
1.0
14.0
0.0
0.0
0.0
0.0
25.7
0.0
0.0
0.0
0.0
0.0
0.0
2.5
0.0
12.2
13.2
0.0
0.0
0.0
0.0
0.0
0.0
0.0
0.0
0.0
0.0
5.4
30.9
0.0
0.0
4.3
1.8
0.0
1.8
0.0
0.8
0.0
0.0
5.6
0.0
0.0
3.0
0.0
4.3
2.5
0.3
0.0
0.0
0.8
0.0
0.0
0.0
0.0
0.0
13.0
0.5
0.0
0.3
0.5
0.0
3.8
0.0
0.3
7.9
0.3
0.0
0.0
0.0
0.0
0.0
0.0
2.8
0.0
5.8
6.9
0.0
0.0
0.0
0.0
0.0
0.0
10.2
0.0
0.0
0.0
0.0
0.0
0.0
1.5
25.7
0.0
0.8
0.0
0.0
0.8
0.0
0.0
0.0
0.0
0.0
0.0
0.0
5.8
1.8
0.0
0.0
0.0
0.8
2.5
0.0
0.0
0.0
0.0
0.0
0.0
0.0
0.0
0.0
0.0
0.0
0.0
0.0
0.0
0.0
0.0
0.0
0.0
2.0
6.3
7.1
0.0
38.4
33.0
0.0
0.0
0.5
0.0
0.0
0.0
0.0
3.6
1.8
0.0
0.0
0.0
0.0
0.0
4.3
0.0
0.0
6.9
0.0
0.0
10.7
0.0
0.0
27.2
45.2
1.0
0.0
0.0
0.0
0.0
0.0
0.0
2.2
2.8
6.8
0.0
10.4
0.0
0.0
0.0
0.0
0.0
2.3
1.3
0.0
0.0
0.0
17.8
11.2
1.0
0.0
3.6
0.0
0.0
0.0
0.0
0.0
0.0
4.1
0.0
0.8
2.0
2.0
28.4
0.5
0.0
0.0
0.0
0.0
0.0
0.0
0.0
7.4
0.0
0.0
0.0
0.0
0.0
0.0
16.0
16.5
0.0
0.0
0.0
0.0
4.6
0.0
0.0
0.0
0.0
2.5
0.0
0.0
0.0
0.0
0.0
5.6
9.9
0.0
0.0
0.0
0.0
0.0
0.0
0.0
9.1
0.0
0.0
0.0
5.1
0.0
0.0
0.0
0.3
0.0
0.0
0.0
0.0
0.8
6.3
18.0
46.2
3.6
0.0
0.0
0.0
0.0
0.0
2.8
2.0
5.1
0.0
0.0
0.0
0.0
5.3
0.5
0.0
0.0
0.0
0.0
0.0
0.0
0.0
0.0
0.0
0.0
7.6
11.7
11.7
1.8
0.3
0.0
0.0
0.0
0.0
0.0
0.0
0.0
0.3
0.0
0.0
0.0
0.0
0.0
0.0
6.1
8.4
16.5
0.3
0.0
0.0
0.0
0.0
1.5
0.5
0.3
0.0
0.0
0.0
0.0
2.5
32.3
5.1
0.0
0.0
0.0
0.0
2.8
0.0
0.0
0.0
0.0
7.9
0.0
0.0
0.0
0.0
0.0
0.0
1.3
0.0
0.0
0.0
0.0
0.0
0.0
0.0
0.0
0.0
0.0
15.7
1.3
0.0
0.0
0.0
0.0
37.6
0.0
0.5
0.0
0.0
9.1
0.0
0.0
0.0
7.1
2.5
0.3
0.0
0.0
0.0
0.0
0.0
0.0
0.0
0.0
0.0
0.0
0.0
0.0
0.0
14.2
0.0
1.3
0.0
9.1
16.0
0.0
0.0
0.0
0.0
0.0
0.0
0.0
0.0
0.0
0.0
0.0
0.0
0.0
39.9
41.9
0.0
0.0
0.0
0.0
0.0
0.8
0.0
0.0
0.0
0.5
1.0
0.0
0.0
0.0
0.0
0.0
1.3
0.0
0.0
22.1
1.8
0.0
0.0
0.0
0.0
0.0
0.0
0.0
0.0
11.4
0.3
0.0
0.0
0.0
14.0
0.5
0.0
0.0
0.0
0.0
0.0
0.0
21.6
1.8
16.5
0.3
0.0
0.0
0.0
0.0
6.6
0.5
0.0
2.5
0.0
0.0
0.0
0.0
0.0
0.0
0.0
0.0
0.3
0.0
0.0
0.0
0.0
3.3
0.0
0.0
0.0
0.0
0.0
8.6
10.2
0.0
0.0
2.8
0.5
0.0
0.0
0.0
0.0
0.0
0.0
35.6
0.5
0.0
0.0
7.1
7.6
0.3
0.0
0.0
0.0
0.0
0.0
0.0
0.0
0.0
0.0
0.0
0.0
0.5
0.0
0.0
0.0
1.8
1.3
1.3
1.3
5.8
10.9
0.0
0.0
2.8
0.0
0.0
0.0
12.4
16.8
0.0
0.0
9.7
0.0
0.0
0.0
0.0
0.0
0.0
14.0
1.2
0.0
2.0
3.7
0.0
0.0
0.0
0.0
0.0
0.0
0.0
0.0
0.0
6.1
14.2
3.8
0.0
0.0
0.0
0.0
0.0
2.8
3.8
15.0
0.0
0.0
0.0
0.5
0.0
0.0
0.0
0.0
0.0
0.0
2.8
0.0
0.0
0.0
0.0
0.0
0.0
0.0
0.0
0.3
0.5
8.9
1.3
2.5
0.0
0.0
18.8
0.0
0.3
1.8
0.3
0.0
0.0
4.6
0.0
0.0
0.3
0.0
0.0
0.0
0.0
0.0
0.0
0.0
12.2
0.0
0.0
25.1
38.6
3.8
0.0
0.0
0.0
1.3
16.5
0.0
0.0
0.0
0.0
0.0
12.4
0.0
0.0
0.0
0.0
1.4
5.8
0.0
0.5
0.0
0.0
0.0
21.8
16.8
0.0
0.0
0.0
0.0
0.0
0.0
0.0
0.0
0.0
1.3
0.0
0.0
0.0
0.0
0.0
0.0
0.0
24.4
0.0
0.0
0.0
0.0
0.0
0.0
0.0
0.0
0.0
0.0
0.0
5.1
1.3
16.5
6.1
6.3
2.0
0.0
0.0
8.9
0.0
0.0
0.0
0.0
0.0
0.0
0.0
0.0
0.0
0.0
0.0
8.9
6.9
0.0
0.0
0.0
4.1
0.0
0.0
0.0
0.0
2.5
0.0
0.0
0.0
0.0
0.0
0.0
0.0
0.0
0.0
0.3
0.0
0.0
0.0
0.0
10.2
0.0
53.1
0.0
0.0
0.0
0.0
0.0
0.0
0.0
0.0
0.0
0.0
0.0
0.0
1.5
0.0
28.2
0.0
0.0
0.0
0.0
1.8
0.0
0.0
1.0
12.4
0.0
0.0
0.0
0.0
0.0
0.0
0.0
0.0
0.0
0.0
0.0
0.0
0.0
0.0
0.0
0.0
11.7
0.0
0.0
0.0
0.0
0.0
0.0
0.0
18.6
35.3
0.0
0.0
0.0
4.3
2.0
0.0
0.0
0.0
0.0
1.8
11.4
0.0
0.3
0.5
4.1
2.0
13.2
13.0
10.7
13.7
0.3
0.0
3.6
10.4
0.0
0.0
0.0
0.0
6.1
0.0
4.3
0.0
0.0
0.0
4.8
0.0
4.1
0.0
0.0
1.5
0.3
0.0
0.0
3.0
0.0
0.0
94.5
6.3
0.0
0.0
0.0
0.0
0.0
0.0
0.0
0.0
0.5
0.0
0.0
0.0
0.8
0.0
1.0
0.0
0.0
0.0
0.0
0.0
1.8
0.0
15.5
0.0
0.0
9.9
14.2
35.3
2.0
0.0
0.5
0.0
0.0
0.0
0.3
0.0
0.0
0.0
32.3
1.0
0.0
0.3
0.0
1.3
3.8
0.0
0.0
2.3
1.3
0.0
4.3
0.0
0.0
5.8
1.3
0.0
0.0
0.0
0.0
0.0
0.0
0.0
0.0
0.0
1.8
0.5
3.0
0.0
20.6
9.7
0.0
0.0
0.0
0.0
0.0
0.0
0.0
1.3
5.6
0.0
0.0
1.0
13.7
0.0
0.0
2.0
0.0
0.0
0.0
0.0
10.2
11.9
22.4
1.3
2.3
0.5
0.0
0.0
0.0
0.0
15.7
2.5
0.0
0.0
0.0
0.0
0.3
20.1
0.0
0.8
1.5
0.0
0.0
0.0
3.3
0.0
0.0
0.0
0.0
10.2
0.5
0.0
24.1
3.8
0.0
2.8
0.0
12.2
0.0
0.0
0.0
5.3
0.0
0.0
0.3
3.8
0.0
9.9
1.3
0.3
0.0
0.0
10.4
0.0
0.0
80.3
34.0
0.0
0.0
10.4
0.8
7.9
4.3
0.0
0.0
0.0
8.1
0.0
0.0
0.0
0.0
0.0
0.0
0.0
0.0
2.8
0.0
2.5
6.6
0.0
4.1
1.3
5.8
0.0
0.0
12.4
22.6
0.0
0.0
0.0
0.0
48.3
0.0
0.0
131.8
20.1
0.0
0.0
0.0
0.0
0.0
0.8
1.3
0.0
23.9
0.0
0.0
4.1
0.0
0.0
6.9
0.0
8.6
1.0
0.0
0.0
0.0
3.6
0.0
47.8
0.0
0.0
0.0
0.0
0.0
0.0
0.0
0.0
0.0
0.0
0.0
0.0
0.0
0.0
0.0
6.1
0.0
0.0
0.0
0.0
0.0
0.0
8.4
0.0
0.0
0.0
0.0
0.0
1.5
48.8
0.0
8.1
0.8
10.9
0.0
0.0
39.4
17.3
33.0
35.6
0.0
0.0
0.0
0.0
0.0
0.0
0.0
0.0
0.0
0.0
0.0
0.0
0.0
0.0
11.2
0.0
0.0
0.0
0.0
0.0
0.0
0.0
6.9
0.0
0.0
0.0
0.0
0.0
0.0
2.3
6.3
0.0
3.3
0.0
0.0
0.0
0.0
0.0
21.6
4.1
0.0
0.0
0.0
0.0
0.0
0.0
0.0
0.0
0.0
0.0
0.0
0.0
0.0
0.0
0.0
0.0
2.8
8.1
0.8
1.0
2.0
0.3
0.0
0.0
0.0
0.0
0.0
0.0
0.0
0.5
0.0
0.0
0.0
0.0
0.0
3.8
6.3
0.0
0.0
0.5
0.0
0.0
0.0
0.3
7.6
4.1
0.0
0.0
0.0
0.0
12.4
0.0
2.3
0.0
21.1
10.2
0.0
0.0
0.0
9.1
5.3
0.0
0.0
29.5
0.0
0.0
0.0
0.0
0.0
0.0
0.3
0.0
0.3
0.0
0.0
0.0
4.1
0.0
0.0
0.0
2.8
0.0
0.0
0.0
0.0
1.0
0.0
0.0
0.0
0.0
0.0
0.0
2.0
0.0
3.3
0.0
0.0
0.0
0.0
0.0
0.0
0.0
0.0
0.0
0.0
0.0
0.0
1.3
18.8
6.3
0.0
0.3
0.0
0.0
0.0
0.8
0.0
0.0
0.0
0.0
0.0
0.0
0.0
0.0
18.3
0.0
0.0
0.0
0.0
0.0
0.0
0.0
0.0
5.3
0.0
20.6
14.2
0.0
0.0
0.0
0.0
0.0
0.0
0.0
0.3
0.0
0.0
0.0
2.0
0.0
10.4
2.0
0.3
0.0
30.5
2.0
6.9
2.3
0.0
15.7
0.0
0.0
3.3
0.5
0.0
0.0
22.6
1.8
0.0
19.3
1.0
0.0
0.0
0.0
0.0
2.8
14.2
0.3
0.0
0.0
0.0
0.0
0.8
0.0
32.3
0.3
53.1
1.0
3.8
0.0
0.0
0.0
0.0
0.0
8.4
6.1
0.0
5.8
0.0
2.5
26.2
0.0
35.6
0.0
0.0
0.0
0.0
0.0
0.0
0.0
0.0
0.0
16.3
10.2
9.4
2.3
0.0
0.0
0.0
0.8
17.5
5.3
0.0
0.0
0.0
4.1
2.3
6.3
19.6
4.8
0.0
7.6
0.0
3.3
6.6
0.0
18.3
21.1
0.0
0.0
0.0
0.0
0.0
0.0
0.0
23.6
0.0
0.0
0.0
0.0
0.0
3.0
21.1
0.0
0.0
0.0
9.1
0.0
0.0
0.3
0.0
0.0
45.2
0.0
0.0
0.0
0.0
0.0
0.0
0.0
0.0
0.0
13.5
0.8
0.0
0.0
8.4
0.0
0.0
0.0
1.0
0.0
0.3
21.6
0.0
0.0
4.0
0.0
1.3
0.0
0.0
0.0
0.0
0.0
0.0
39.1
36.3
0.0
30.0
0.3
0.3
0.0
0.0
0.0
0.0
0.0
8.4
0.5
0.0
0.0
0.0
0.0
0.0
0.0
0.0
30.2
0.5
0.0
0.0
0.0
0.0
0.0
0.0
0.0
0.0
0.0
0.0
0.0
0.0
0.0
41.1
0.0
0.0
0.0
1.0
1.3
8.9
0.0
0.0
0.0
0.3
11.7
0.0
0.0
0.0
15.2
4.8
0.3
45.5
7.1
0.0
2.8
1.5
25.4
3.0
0.8
0.8
0.0
0.0
0.0
0.0
0.0
59.9
1.0
0.0
5.6
2.5
8.4
0.0
52.3
10.7
0.0
0.0
0.0
0.5
0.0
0.0
0.0
0.0
0.0
0.0
0.0
0.0
0.0
0.0
0.0
21.3
34.0
8.9
10.7
1.8
0.0
0.0
0.0
0.0
11.0
1.9
0.1
0.0
0.0
0.0
0.0
0.0
0.8
0.0
0.0
0.0
1.8
0.0
18.0
0.0
0.0
0.0
2.0
0.0
0.0
0.0
0.0
0.0
0.8
0.0
1.8
0.0
0.5
33.8
34.7
8.6
3.0
4.3
0.0
0.0
3.3
0.0
0.0
0.0
0.0
0.0
0.0
5.8
1.0
0.0
0.0
0.0
0.0
0.0
0.0
0.0
0.0
0.0
0.0
0.0
0.5
2.3
2.8
0.0
14.7
1.8
1.0
0.0
3.6
0.0
0.0
0.0
0.0
0.0
0.0
0.0
3.3
7.6
0.0
0.0
5.8
1.3
0.0
0.0
0.0
0.0
4.3
0.0
0.0
0.0
0.0
2.5
4.8
26.2
0.0
0.0
0.0
0.0
0.0
0.0
0.0
0.0
0.0
0.0
0.0
0.0
0.0
1.3
0.0
2.0
7.6
0.0
11.4
6.6
0.5
0.0
0.0
0.0
0.0
0.0
3.0
0.0
0.0
0.0
2.3
16.0
0.0
8.6
5.6
0.0
0.0
0.0
0.0
13.0
0.3
4.6
4.1
6.3
0.0
0.0
0.0
0.0
0.0
0.0
0.0
0.0
0.0
0.0
0.0
0.0
0.0
0.0
3.0
0.8
12.2
20.1
2.8
2.8
0.0
0.0
0.0
22.6
5.6
0.0
0.0
0.0
0.0
0.0
0.0
0.0
0.0
46.5
1.3
3.3
4.6
0.0
0.3
41.9
9.4
0.0
0.0
8.4
3.8
0.0
0.0
17.5
15.7
2.3
0.0
0.0
0.0
0.0
11.9
16.3
0.0
0.0
4.6
2.5
0.0
0.3
45.5
0.0
0.0
0.0
37.6
11.4
0.0
4.3
0.0
0.0
18.5
0.0
4.8
6.9
23.4
17.0
0.0
0.0
0.0
6.6
0.0
0.0
0.0
0.0
0.0
0.0
3.3
0.0
3.8
14.5
2.3
0.0
0.0
0.0
0.0
0.0
0.0
0.0
0.0
0.0
3.3
54.1
11.9
0.3
0.0
0.0
21.6
0.0
0.0
0.3
1.3
0.0
0.0
0.0
0.0
0.0
0.0
13.0
0.0
0.0
0.0
0.0
0.0
5.8
0.0
0.0
29.5
0.0
0.0
0.0
0.0
0.0
0.0
14.2
0.0
0.0
0.0
0.0
0.0
0.0
0.0
0.0
0.0
0.0
11.2
9.7
56.4
0.0
0.0
0.0
0.0
0.0
0.0
1.3
20.1
0.5
0.0
0.0
0.0
0.5
0.0
0.0
15.0
2.5
0.0
19.3
9.9
1.3
0.0
5.1
0.0
0.0
0.0
0.0
0.0
0.3
3.3
0.0
0.0
0.0
0.0
0.0
0.0
0.0
0.0
0.0
0.0
0.0
0.0
0.0
0.0
0.0
0.0
0.0
0.0
0.0
0.0
27.2
11.2
6.9
0.0
0.0
0.0
0.0
0.0
0.0
0.0
0.0
0.0
1.3
0.0
0.0
0.0
0.0
0.0
0.0
0.0
0.0
0.0
0.0
0.0
0.0
0.0
0.0
0.0
0.0
0.3
6.9
0.0
30.2
0.5
0.0
0.0
0.0
16.0
0.0
0.0
0.0
0.0
0.0
0.0
0.0
0.0
0.0
0.0
0.0
10.6
2.9
0.0
0.0
1.0
0.0
0.0
0.0
0.0
0.0
0.0
0.0
2.5
7.8
0.0
0.0
0.0
0.0
0.8
14.3
11.3
0.0
0.0
0.0
0.0
0.0
1.1
0.4
0.0
0.0
4.7
2.3
0.0
0.0
0.0
0.0
0.0
3.7
0.0
4.9
1.3
0.5
0.0
1.6
0.0
0.0
0.0
0.0
0.0
0.0
0.0
3.3
30.8
0.0
0.0
0.0
0.8
0.0
0.0
0.0
0.0
0.0
0.0
0.0
0.0
0.0
0.0
0.0
0.0
0.0
7.4
4.9
2.2
0.0
3.1
6.8
0.1
0.6
17.0
0.0
0.0
0.0
0.0
28.7
0.0
0.0
0.0
8.4
0.6
0.0
0.0
0.0
0.0
2.7
0.0
0.0
0.0
1.3
0.4
0.0
0.0
0.6
0.0
0.0
0.0
0.0
0.0
0.0
0.0
0.0
0.0
0.0
0.0
10.4
0.0
0.0
0.0
1.0
4.9
0.0
19.3
0.0
0.0
0.0
0.0
21.8
0.5
0.0
8.7
9.9
0.0
3.8
32.7
0.0
0.4
10.9
2.0
1.7
0.0
0.0
0.0
5.3
0.0
0.0
0.0
4.0
0.0
0.0
0.0
0.0
1.0
0.0
0.0
5.9
8.7
6.1
0.0
0.0
0.0
0.0
0.0
0.0
17.7
0.8
12.4
15.6
0.5
0.5
18.7
0.0
0.0
0.0
2.2
13.5
0.0
2.6
5.4
0.0
0.0
0.0
0.0
14.4
0.3
0.0
26.5
19.3
2.8
0.4
2.2
22.7
1.2
12.1
1.3
0.0
0.7
0.0
12.6
32.4
2.1
0.0
0.0
0.0
0.0
0.0
0.0
0.0
0.0
0.0
19.5
0.0
0.0
0.0
0.0
1.1
0.0
0.0
0.0
0.0
0.0
0.0
0.0
0.0
0.0
0.0
0.0
8.2
0.0
6.3
0.0
0.0
0.0
0.0
0.0
0.0
0.0
0.0
0.0
0.0
0.0
0.0
0.4
0.0
0.0
0.0
0.0
1.2
0.0
0.0
0.0
0.0
0.0
0.0
0.4
0.0
0.0
0.0
2.9
0.0
0.0
0.0
0.0
0.0
2.4
0.0
0.0
0.0
2.2
0.0
0.0
0.0
0.0
5.1
10.7
0.0
0.0
0.0
2.0
9.3
0.0
0.0
0.0
4.5
0.0
0.0
0.0
0.0
0.0
0.0
0.0
15.8
1.5
0.0
0.0
0.0
0.0
0.0
0.0
0.0
0.0
0.0
0.0
0.0
0.0
0.0
0.0
7.2
0.3
0.0
0.0
0.0
13.6
1.6
2.8
0.0
0.0
0.0
0.8
0.0
0.5
1.6
0.0
0.0
0.0
0.7
0.0
0.0
21.4
18.5
0.1
0.0
1.5
9.7
8.8
0.0
0.0
0.0
0.0
0.1
0.0
0.0
0.0
0.0
0.0
0.0
0.0
8.0
8.8
0.0
0.0
0.0
13.3
0.0
2.6
0.0
0.0
0.0
0.0
3.9
0.0
0.0
0.0
0.0
0.0
0.0
0.0
0.0
1.0
6.5
21.7
0.0
0.0
0.0
0.0
24.5
2.2
0.3
0.0
0.0
0.0
0.0
13.9
0.0
0.0
0.0
1.6
0.6
0.0
0.0
0.0
0.0
0.0
0.0
0.0
0.0
0.0
0.0
1.3
3.1
0.0
0.4
0.0
17.1
0.0
0.0
0.0
0.0
0.0
1.2
0.0
0.0
3.1
4.2
1.9
0.0
0.0
0.0
0.0
0.0
0.0
13.1
2.9
0.0
0.0
0.5
0.0
0.0
0.4
0.0
0.0
1.4
0.1
2.3
0.0
0.0
0.0
0.0
0.8
0.0
0.8
0.0
0.0
0.0
0.0
0.0
10.7
0.0
0.3
2.9
0.0
4.1
0.0
0.0
5.4
0.4
0.0
0.0
1.4
0.0
0.0
0.0
12.4
0.0
7.1
0.0
0.3
0.0
0.0
5.7
0.0
0.0
0.0
0.0
0.0
0.0
4.2
0.0
0.0
0.0
0.0
1.2
2.7
0.0
0.0
0.0
0.0
0.0
0.0
0.0
0.0
7.0
13.6
20.3
0.0
0.0
0.0
1.7
2.3
0.0
0.0
0.0
0.0
0.1
0.0
2.5
2.0
46.2
2.3
10.8
0.0
12.3
1.4
0.0
7.9
0.0
0.0
0.0
0.0
0.0
0.0
0.0
0.0
0.0
0.0
0.0
0.0
0.0
39.9
0.0
0.0
0.0
0.0
0.0
0.0
0.0
1.3
0.0
0.0
17.4
0.0
0.1
0.0
0.0
0.0
0.0
0.0
0.0
0.0
0.0
5.2
0.0
0.0
0.0
0.0
8.8
0.0
0.0
0.0
0.0
0.0
0.0
0.0
1.1
0.0
0.0
0.0
0.0
0.0
9.9
0.0
2.8
0.0
0.0
0.0
0.0
0.0
0.8
0.0
2.1
0.0
0.0
0.0
0.0
0.0
0.0
0.0
3.1
0.3
0.0
0.0
0.0
0.0
0.0
0.0
0.0
0.0
0.0
0.0
0.0
0.0
0.0
19.1
0.0
14.4
0.0
0.0
0.0
0.0
0.0
0.0
0.0
5.3
0.0
0.0
0.7
8.6
0.0
0.3
0.0
0.0
0.0
0.0
0.0
0.0
0.0
4.8
0.0
0.0
0.0
0.0
77.4
16.5
1.5
0.0
0.0
7.3
0.0
4.8
0.0
0.0
0.0
0.0
0.0
4.0
0.0
0.0
0.0
1.4
0.0
0.0
0.0
0.3
0.0
0.0
9.5
5.0
1.0
0.0
0.0
0.0
0.0
0.0
0.0
0.3
30.1
0.7
0.0
0.0
0.0
1.9
0.0
0.0
0.0
56.0
4.2
0.0
0.0
15.2
2.5
0.9
0.0
0.0
22.8
0.0
0.0
9.6
0.0
0.0
0.0
0.0
0.0
0.0
0.0
3.7
0.0
0.0
1.1
4.4
0.0
0.0
0.0
0.0
23.0
0.0
0.0
0.0
0.0
0.0
0.0
0.0
0.0
0.0
0.0
0.0
0.0
0.0
0.0
0.0
0.0
0.0
0.0
0.0
0.0
0.0
17.7
0.0
0.0
2.2
3.7
3.0
0.4
0.0
0.0
0.0
0.0
14.2
0.0
0.0
5.7
0.0
11.9
4.7
0.0
0.0
0.0
0.0
0.0
0.0
0.0
0.0
0.0
0.0
4.6
0.0
0.0
0.0
0.0
0.0
0.0
0.0
0.0
0.0
23.9
0.0
11.5
0.0
0.0
0.0
0.0
0.0
0.0
0.0
0.0
0.0
0.0
0.0
0.0
0.0
0.0
5.2
0.2
38.8
0.6
0.0
0.4
0.0
0.0
0.0
0.0
0.0
10.0
0.0
5.9
5.9
0.0
0.0
0.0
0.0
0.0
0.0
0.8
2.9
0.0
0.0
12.7
0.0
0.0
0.0
18.8
7.1
3.1
0.9
0.3
0.0
0.6
0.9
1.6
0.0
0.0
0.0
18.3
23.6
0.0
0.0
0.0
0.0
0.0
0.0
2.5
0.0
0.0
0.0
0.0
0.0
4.1
33.8
0.0
0.0
0.0
0.0
0.0
0.0
0.0
0.0
0.0
0.0
0.0
0.0
0.4
2.9
0.0
0.0
43.6
0.0
0.0
1.0
1.7
23.1
8.3
15.2
23.2
0.0
0.0
0.0
0.0
9.8
0.8
0.0
0.0
7.0
0.3
0.0
0.0
0.0
17.5
46.9
8.4
3.3
0.0
0.0
1.0
28.0
0.0
0.0
0.0
0.0
0.0
0.0
0.0
0.0
0.0
2.5
37.2
0.0
4.7
0.4
0.0
24.9
27.8
27.6
5.7
0.0
24.2
28.6
3.0
0.0
0.0
0.0
0.0
0.0
0.0
0.0
3.8
0.0
0.3
0.0
0.0
1.1
45.3
0.3
0.0
0.0
0.0
0.0
0.0
0.0
6.6
5.8
0.1
8.6
0.0
0.0
10.6
3.0
0.0
0.0
0.0
0.0
0.0
0.0
0.0
0.3
1.4
15.8
0.0
0.0
0.0
0.0
0.0
0.0
0.0
0.0
0.0
0.0
7.9
0.0
0.0
0.0
0.0
19.8
0.0
0.0
0.0
12.2
0.0
0.0
6.6
0.0
0.0
0.0
0.0
2.3
0.0
0.0
0.0
0.0
1.4
0.0
0.0
0.0
0.0
0.0
0.0
0.0
0.0
0.0
0.4
0.0
0.0
0.0
0.0
0.0
0.0
0.0
0.0
0.0
0.0
0.0
0.0
0.0
0.0
0.0
6.3
2.1
0.0
0.0
4.6
0.8
0.0
0.0
0.5
0.0
0.0
0.0
1.3
0.5
0.0
0.0
0.0
0.0
0.0
0.0
0.0
7.4
0.0
0.0
0.0
1.6
29.0
0.0
1.4
2.0
0.0
0.0
0.0
0.0
0.0
0.5
0.0
0.0
7.1
0.8
0.0
5.1
0.0
0.2
0.0
5.6
0.0
0.0
0.0
0.0
0.0
0.0
1.3
17.8
25.4
0.1
0.0
0.0
0.0
10.4
8.4
0.0
0.0
0.0
0.0
1.7
0.0
0.0
0.0
0.0
0.8
2.7
0.0
0.0
3.7
4.9
0.0
0.0
0.0
0.0
0.0
0.0
0.0
0.0
0.0
0.0
0.0
0.0
0.0
0.0
0.0
0.0
1.1
0.0
0.0
0.0
0.0
15.2
1.3
0.1
0.0
0.1
0.0
0.9
2.7
11.9
0.0
0.0
0.0
0.0
0.0
0.0
0.0
0.0
0.0
1.8
4.4
0.0
0.0
1.9
16.4
0.0
0.0
0.0
0.6
12.9
0.0
0.0
0.0
0.5
0.9
0.0
0.0
1.0
0.0
3.0
0.0
0.0
0.0
0.2
0.0
0.0
0.0
0.0
0.0
0.6
12.2
4.4
0.0
0.0
12.2
0.0
0.0
0.0
0.3
0.0
0.0
0.0
0.0
0.0
8.7
0.8
0.9
12.6
0.0
6.2
3.8
0.0
3.4
0.0
0.6
0.0
0.0
0.0
0.0
2.7
0.0
0.0
0.0
0.0
0.0
0.4
0.0
0.0
0.0
15.5
0.9
0.0
0.0
0.0
0.0
0.0
2.7
0.0
0.0
0.0
0.0
0.0
0.8
0.0
5.1
7.8
0.0
0.0
0.0
0.0
4.6
34.5
9.7
0.3
0.0
0.0
0.3
0.0
0.0
0.0
0.0
0.0
3.3
2.0
0.0
0.0
0.0
0.0
0.0
0.0
6.5
0.0
0.0
2.5
0.0
0.6
19.8
12.2
1.3
0.1
0.3
0.0
0.0
0.0
0.0
0.0
0.0
6.9
0.3
13.7
0.0
8.6
1.0
10.9
6.9
2.8
0.0
0.0
0.0
0.0
0.0
0.0
0.0
0.0
0.0
0.0
0.0
1.8
2.2
0.0
0.0
0.6
0.0
35.6
0.0
0.0
0.0
55.1
0.0
17.3
6.0
0.0
0.0
0.0
0.0
0.0
0.0
0.0
0.0
18.5
0.0
25.1
16.5
4.3
0.8
0.0
0.0
0.0
8.9
5.1
0.8
0.0
0.0
0.0
0.0
0.5
0.0
16.3
0.0
0.0
0.0
0.0
0.0
0.0
0.0
0.0
0.0
0.0
0.0
0.0
0.0
0.0
0.0
0.0
14.0
3.8
0.0
0.0
0.0
0.0
0.0
0.0
0.0
0.0
0.0
1.8
0.0
4.8
20.8
0.3
0.8
2.8
2.3
0.0
0.0
0.0
0.3
1.5
0.0
0.0
0.0
37.3
0.3
0.0
0.0
0.0
0.0
0.0
0.5
36.6
3.0
1.3
0.0
3.6
0.0
0.0
0.0
13.5
0.0
0.0
0.0
43.9
64.8
0.3
0.8
0.0
0.0
17.8
0.3
0.3
0.0
0.0
3.0
0.0
0.0
0.0
0.0
0.0
0.0
0.0
0.0
0.0
0.0
19.6
47.8
1.5
0.0
1.3
1.5
0.0
1.5
1.3
17.8
0.0
1.3
17.3
2.3
0.3
0.0
0.0
0.0
0.0
0.0
0.0
0.0
0.0
0.3
0.0
0.0
17.0
0.0
0.0
0.0
0.0
0.0
0.0
5.3
0.8
0.0
0.0
0.0
0.0
0.0
0.0
0.0
0.0
0.0
0.0
0.0
0.0
5.1
0.0
0.0
0.0
1.3
0.0
0.0
27.7
0.0
4.1
0.0
0.0
0.0
0.0
0.0
0.0
0.0
0.0
11.7
0.0
0.0
1.0
0.0
0.0
0.0
0.0
0.0
0.0
4.8
0.0
0.0
0.5
0.0
0.0
0.0
17.8
0.0
0.0
0.0
0.9
1.4
0.0
0.0
0.0
0.0
0.0
2.5
10.7
0.0
3.3
0.0
0.0
0.0
0.0
0.0
5.3
0.0
0.0
0.0
0.0
0.0
0.0
0.0
0.0
0.0
0.0
0.0
0.0
1.8
1.5
0.3
0.0
0.0
0.0
12.7
5.1
0.0
0.0
16.8
1.8
0.0
0.0
0.0
0.0
0.0
0.0
0.0
0.0
0.0
0.0
0.8
0.0
1.3
0.0
0.0
15.2
0.0
0.0
0.0
0.0
2.3
0.0
0.0
13.0
0.0
0.0
0.0
0.0
0.0
0.0
0.0
0.0
0.0
0.0
0.0
0.8
0.3
0.0
0.0
0.0
0.0
0.0
5.6
0.3
0.0
0.0
0.0
10.7
8.4
0.0
0.0
0.0
0.5
0.0
0.0
0.0
1.5
2.0
0.0
0.0
0.0
0.3
5.8
2.5
0.0
0.0
0.8
0.0
0.0
0.0
0.0
0.0
0.0
22.9
0.3
0.5
0.0
0.0
1.3
6.1
0.0
0.0
0.0
0.0
0.0
0.0
0.0
0.0
0.5
0.0
0.0
26.4
19.3
0.5
20.8
10.7
0.0
0.0
5.6
5.1
2.5
1.0
0.0
0.0
0.8
0.0
0.0
0.0
5.1
0.0
10.9
0.0
2.3
62.7
4.8
0.0
0.0
0.0
0.0
0.0
9.4
0.0
44.4
0.0
0.0
0.0
1.5
8.9
0.0
1.5
15.0
2.0
5.8
17.0
0.5
14.0
0.0
0.0
0.0
39.6
3.0
14.7
0.0
21.3
0.0
0.0
3.0
0.0
0.0
0.0
0.0
13.2
4.6
59.9
0.8
0.3
6.9
0.0
0.0
0.0
0.0
6.3
0.0
0.0
14.0
0.5
0.0
0.0
0.0
0.0
1.8
1.8
0.5
0.0
0.0
0.0
0.0
0.0
0.0
0.0
0.0
0.0
0.0
0.0
6.9
21.5
0.0
0.0
0.0
0.0
0.0
0.0
0.0
0.0
8.1
0.3
0.0
0.0
0.0
0.0
0.0
0.0
0.0
0.0
1.0
0.5
0.0
0.0
0.0
0.0
0.0
0.0
0.0
0.0
0.0
33.3
0.0
23.6
2.8
0.0
0.0
0.0
0.0
0.0
21.6
1.3
0.0
0.0
0.0
0.0
0.0
0.0
0.0
0.0
0.0
0.0
0.0
0.0
0.0
0.0
0.0
0.0
0.0
0.0
0.0
2.0
0.0
0.0
0.0
0.0
0.0
0.0
0.0
0.0
0.0
0.0
0.0
1.8
0.0
0.0
4.3
0.3
0.0
3.0
12.7
0.0
0.0
2.3
7.1
0.0
0.5
0.0
0.0
8.6
0.0
0.0
0.0
0.0
0.0
3.0
0.0
0.0
0.0
0.0
12.4
40.6
0.3
0.0
10.2
4.8
0.0
0.0
0.0
1.5
18.2
6.5
0.0
3.8
6.1
0.8
0.0
0.0
0.0
0.0
1.8
0.5
0.0
0.0
0.0
0.5
1.8
22.6
1.5
6.1
0.0
0.0
0.0
0.0
4.8
0.3
0.5
22.9
0.3
0.0
57.4
14.0
34.7
0.0
0.0
0.0
0.0
0.0
0.0
0.0
0.0
0.0
4.8
2.3
4.8
0.0
0.0
0.0
0.0
0.0
1.5
0.5
0.0
0.0
5.6
0.0
0.0
0.0
0.0
0.0
0.0
0.0
0.0
0.0
0.0
0.0
0.0
0.0
2.8
0.0
0.0
0.0
0.0
0.3
0.8
0.0
0.0
1.3
0.0
1.1
3.4
0.0
0.0
0.0
0.0
0.0
0.0
0.0
0.0
0.0
3.8
0.0
0.0
0.0
0.0
0.0
0.0
0.5
4.6
0.0
0.0
7.6
1.3
2.3
0.0
0.0
0.0
16.5
13.5
0.5
10.2
0.0
0.0
0.0
0.0
0.0
0.0
0.0
0.5
5.1
0.0
0.0
0.0
0.0
0.0
28.4
0.3
0.0
0.0
0.0
0.0
0.0
10.7
1.5
0.0
0.0
11.9
0.0
0.0
0.0
0.0
0.0
0.0
0.0
0.0
1.0
2.0
5.8
0.0
0.0
0.0
0.0
8.4
10.2
0.0
2.3
6.9
2.0
0.0
2.0
0.0
0.0
0.0
15.5
14.0
14.7
0.0
14.2
0.0
7.1
0.0
0.0
1.3
1.3
0.0
0.0
0.0
0.0
0.0
0.0
0.0
0.0
11.2
0.5
4.8
0.0
0.0
17.8
4.8
0.0
0.0
0.0
0.0
0.0
0.0
0.0
0.0
0.0
0.0
0.0
0.0
4.6
0.0
0.0
0.0
0.0
0.0
3.0
0.5
4.6
0.0
0.0
0.0
10.7
0.0
0.0
0.0
1.3
0.0
10.4
3.0
0.3
23.1
2.0
6.1
0.0
0.0
0.0
0.0
2.8
19.6
0.0
0.0
0.0
10.4
4.8
24.4
4.8
15.7
0.5
0.0
14.7
0.0
0.0
13.2
7.9
0.0
0.0
0.0
3.0
9.4
0.0
8.0
0.0
0.0
0.0
0.0
0.0
0.0
0.0
40.1
0.0
9.7
9.1
0.0
0.0
0.0
0.0
0.5
0.0
0.0
0.8
27.2
5.1
5.8
43.2
7.9
0.3
43.4
0.0
0.0
0.0
0.0
0.0
0.0
0.0
2.5
20.6
7.1
5.1
0.0
0.0
0.0
0.0
1.3
4.3
0.0
0.0
0.0
0.0
0.0
0.0
0.0
0.0
2.3
0.0
0.0
0.0
2.0
2.0
1.8
0.3
0.0
0.0
0.0
6.9
0.0
0.0
0.0
0.0
1.0
1.8
0.3
0.0
20.6
0.3
0.0
0.0
1.0
0.0
0.0
0.0
0.0
0.0
2.5
2.8
0.0
0.0
0.0
0.0
0.0
0.0
24.1
0.5
0.0
0.0
0.0
1.0
4.8
0.0
0.0
0.0
0.0
0.0
0.0
0.0
0.0
0.0
0.0
0.0
0.0
0.0
15.2
1.0
0.0
0.0
0.0
6.9
8.1
0.0
0.0
0.0
0.0
0.0
11.9
0.0
0.0
0.0
0.0
0.0
0.0
1.8
0.0
0.0
0.0
0.0
1.5
1.3
0.0
0.0
0.0
0.0
0.0
0.0
2.0
10.2
0.0
0.0
0.0
0.0
0.0
0.0
0.0
8.1
3.0
1.5
0.0
0.0
0.0
0.0
0.0
0.0
0.0
0.0
1.8
2.0
0.5
5.1
0.5
0.0
4.6
0.5
0.0
0.0
0.0
0.0
0.0
0.0
0.0
0.0
0.0
0.0
0.0
0.0
0.0
0.0
0.0
0.0
0.5
0.0
5.6
0.0
0.0
0.0
0.0
0.0
0.0
0.0
0.0
0.0
0.0
0.0
3.8
1.5
0.0
0.0
0.0
0.0
0.0
1.0
10.4
0.0
0.0
0.0
0.0
0.0
13.0
0.0
0.0
0.8
0.0
0.0
5.3
15.2
0.0
0.0
0.0
1.5
0.0
0.0
0.0
0.0
0.0
2.5
13.1
4.6
0.3
7.1
0.0
21.3
33.5
0.5
0.0
0.0
16.3
19.3
9.1
0.0
0.0
0.0
0.3
6.6
0.0
0.0
0.0
0.8
16.5
2.5
0.0
0.0
0.0
2.0
0.0
0.0
0.0
0.0
0.0
27.9
0.3
6.6
58.9
2.5
0.0
0.0
14.2
2.3
0.0
0.0
0.0
0.0
0.0
13.2
0.0
0.0
0.0
0.0
0.0
0.0
0.5
8.4
14.2
12.4
0.0
4.8
3.6
0.0
0.0
0.3
0.0
0.0
0.0
1.0
0.0
0.0
0.0
0.0
0.0
0.0
0.0
0.0
0.0
0.0
0.0
0.0
0.0
0.0
7.6
0.3
0.0
3.6
0.0
2.5
0.0
0.0
2.3
0.0
0.0
0.0
0.5
0.0
0.0
0.0
13.7
0.0
0.0
0.0
0.0
10.4
0.0
0.0
0.0
0.0
25.4
3.0
0.0
0.0
0.0
0.0
6.3
0.0
0.0
0.0
0.0
0.0
17.3
0.0
0.0
0.0
48.5
1.5
0.0
0.0
0.0
0.0
0.5
0.0
0.8
0.0
0.8
0.0
0.0
0.0
0.0
9.1
0.0
0.0
0.0
0.0
0.0
1.5
0.0
0.5
0.0
0.0
0.0
0.0
0.0
0.0
0.0
0.0
0.3
14.5
0.0
0.0
0.0
0.0
0.0
0.0
0.0
0.0
0.0
0.0
0.0
0.0
0.0
0.0
0.0
0.0
0.0
0.0
0.0
0.0
1.8
0.0
0.0
0.0
0.0
0.0
0.0
0.0
0.0
0.0
0.0
0.0
0.0
0.0
0.0
0.5
25.1
23.1
10.2
7.6
0.0
11.9
22.1
0.5
0.0
0.0
14.5
0.0
0.0
0.0
0.0
0.0
0.0
0.0
3.6
0.8
0.8
0.0
0.0
0.0
0.0
0.0
0.5
0.0
0.3
0.0
0.3
0.3
3.8
0.0
0.0
0.0
0.0
0.0
1.5
0.0
0.0
4.6
5.8
0.0
4.1
15.2
0.0
0.0
0.0
0.0
0.0
0.0
0.0
0.0
0.0
0.0
1.5
0.0
0.0
0.0
0.0
1.5
0.0
0.0
0.0
0.0
0.0
0.0
0.0
0.0
0.0
0.0
0.0
0.0
1.8
0.0
0.0
0.0
0.0
0.0
2.3
2.5
0.0
0.0
0.0
0.0
0.0
0.8
0.0
0.0
0.0
0.0
0.0
0.0
0.0
3.3
0.0
0.0
0.0
0.3
0.0
0.0
1.3
0.0
0.0
0.0
0.0
0.0
0.0
9.4
10.9
0.0
0.0
0.0
0.0
0.0
0.0
0.0
0.0
0.0
0.0
0.0
0.0
0.5
0.0
0.8
0.0
0.0
0.0
6.9
0.0
0.0
0.0
0.0
0.0
0.0
1.8
6.3
21.1
45.0
1.0
1.3
6.9
8.4
0.0
0.0
0.3
2.5
2.0
0.0
0.0
5.6
8.4
1.0
0.0
0.0
0.0
0.0
0.0
0.0
0.0
0.0
0.0
7.9
0.0
0.0
0.0
0.0
0.0
0.0
17.8
20.3
0.0
23.6
5.6
2.6
0.0
0.0
0.0
5.9
4.6
1.5
0.0
0.0
0.0
0.0
6.3
0.0
0.0
0.0
0.0
36.6
9.4
0.0
0.0
0.0
0.0
0.0
0.0
0.0
0.0
2.8
0.0
0.0
0.0
0.0
0.0
0.0
0.0
0.0
8.1
0.0
0.0
0.0
1.8
0.0
0.0
1.0
0.0
0.0
0.0
0.0
1.0
9.1
0.0
0.0
0.3
0.0
17.0
1.0
0.0
0.0
0.0
10.4
0.0
0.0
0.0
38.9
25.7
0.5
0.0
0.0
0.0
0.0
0.0
0.0
0.0
0.0
0.5
42.2
16.5
0.5
0.0
0.3
0.0
0.0
0.0
0.0
6.6
11.2
36.6
1.3
0.0
0.0
3.0
0.0
0.0
5.3
0.0
0.0
8.1
0.0
15.7
0.0
4.3
0.0
0.0
0.0
0.0
0.0
0.0
0.0
0.0
14.0
0.0
0.0
0.0
0.0
1.5
0.0
0.0
0.0
0.0
0.0
0.0
0.0
0.0
4.8
63.8
4.1
1.0
0.0
0.0
0.0
0.0
0.0
1.3
2.3
0.0
0.0
0.0
0.0
0.0
0.0
0.0
0.5
74.4
6.1
0.0
5.3
1.3
0.0
0.0
2.8
26.9
0.0
0.0
0.0
72.9
3.3
0.0
0.0
0.0
0.0
0.0
0.0
4.1
2.8
60.2
3.6
0.0
0.0
0.0
0.0
0.0
0.0
0.0
0.0
0.0
0.0
2.8
0.0
0.0
0.0
0.0
1.3
2.3
0.0
0.0
0.0
0.0
0.0
0.0
0.0
0.0
14.5
1.3
5.8
66.0
0.0
1.3
7.4
0.0
6.1
0.0
4.8
0.0
0.0
0.0
0.0
0.5
0.0
0.0
0.0
0.0
0.0
6.6
5.1
0.5
0.0
0.0
12.2
4.1
4.3
1.0
0.3
10.7
3.0
0.0
0.0
5.1
0.5
0.0
0.0
1.8
0.0
9.4
4.3
0.0
0.0
0.0
0.0
0.0
0.0
0.0
10.2
0.0
20.1
0.0
0.0
0.0
0.0
12.2
9.7
1.3
0.0
0.3
0.0
3.0
0.0
0.0
0.0
0.0
0.0
0.0
9.4
0.0
0.0
0.0
0.0
0.0
2.0
0.3
0.0
0.0
0.0
0.0
0.0
11.0
4.8
0.0
0.0
19.8
