20000101
0.0
0.0
0.0
5.8
0.0
0.0
0.0
0.0
2.8
0.5
0.0
0.0
0.0
0.0
0.0
0.0
0.0
0.0
0.0
4.8
0.0
0.0
2.0
0.0
0.0
0.0
0.0
0.0
0.0
7.7
0.6
0.0
0.0
0.0
0.0
0.0
0.0
0.0
0.0
0.0
1.3
0.0
0.0
0.0
0.9
0.0
0.0
0.0
28.6
1.2
0.0
0.0
0.0
0.0
2.3
0.0
0.5
3.1
0.0
0.0
3.5
0.0
0.0
0.1
0.0
0.0
0.0
0.0
0.0
0.0
2.4
4.6
0.0
0.0
0.7
9.6
0.0
0.0
9.6
16.9
1.8
0.0
0.0
0.0
0.3
0.0
8.6
0.0
0.0
0.0
0.0
0.0
2.2
0.0
0.0
0.0
0.0
0.3
6.9
0.0
0.0
3.5
0.9
0.0
0.0
0.0
0.0
12.3
0.0
1.3
4.5
12.1
0.0
0.0
17.3
0.2
0.0
0.0
0.5
0.5
0.0
0.0
2.6
0.0
0.0
0.0
0.0
1.4
0.0
6.8
2.7
0.0
0.0
6.2
0.0
0.0
0.0
0.0
2.9
1.3
0.0
0.0
1.0
6.8
0.0
0.0
3.2
23.9
2.5
0.3
0.0
0.0
0.0
0.0
0.0
0.0
10.1
0.0
0.0
0.0
0.0
0.0
1.2
28.3
6.8
2.7
2.1
0.0
0.7
0.0
0.0
1.2
70.8
0.0
0.0
21.8
15.9
17.1
0.5
0.0
0.0
0.0
0.0
0.0
2.6
0.0
37.3
8.1
0.0
0.0
0.0
0.0
18.2
0.2
0.0
0.0
0.0
0.0
0.0
0.0
13.0
0.0
0.0
0.0
0.0
0.0
0.0
0.0
0.0
1.0
0.6
1.1
4.7
1.8
0.0
3.3
0.0
0.0
31.5
2.3
2.3
4.8
0.0
0.0
0.0
0.0
0.0
0.0
0.0
0.0
40.4
0.0
0.0
0.0
0.5
18.3
6.9
0.0
0.0
1.8
0.0
0.8
0.0
0.0
0.0
0.0
0.0
0.0
0.0
0.0
0.0
0.0
0.0
0.0
3.8
14.5
0.0
0.0
5.8
0.0
0.0
0.0
0.0
0.0
5.6
2.5
0.3
13.5
11.4
3.3
0.0
0.0
0.0
0.0
0.0
0.0
0.0
3.6
24.1
7.4
0.0
0.0
0.0
0.0
0.0
0.0
0.0
1.3
25.7
0.5
2.0
0.0
0.0
0.0
0.0
0.0
1.0
2.5
0.0
0.0
0.0
0.0
0.0
0.0
0.0
0.0
5.8
0.8
0.0
0.0
0.0
23.1
0.0
10.7
15.0
0.0
0.0
10.2
0.0
0.0
0.0
0.0
0.0
0.0
0.0
0.0
0.0
0.0
0.0
2.8
7.6
0.0
0.0
0.5
0.0
0.0
0.5
0.0
0.0
0.0
0.0
0.0
0.0
0.0
0.3
8.4
7.9
0.0
14.5
0.0
0.8
0.8
0.0
0.8
0.0
0.5
0.0
0.0
0.0
0.0
0.0
0.5
0.0
2.8
2.3
0.0
0.5
0.0
0.0
0.0
0.0
0.0
0.0
0.0
0.0
0.0
0.0
3.8
0.0
1.0
0.0
0.0
0.0
0.0
0.0
0.0
0.0
0.0
0.0
0.0
0.0
1.8
2.5
0.0
23.1
8.1
0.8
0.0
0.0
0.0
0.0
0.5
0.0
0.0
0.0
0.5
9.7
0.0
0.0
0.0
5.3
2.0
0.0
0.0
0.0
0.0
0.0
0.0
2.3
0.0
6.6
36.3
0.0
0.0
0.5
0.0
0.0
0.0
0.0
0.0
0.0
0.0
0.0
0.0
0.0
0.0
1.0
1.3
0.0
3.3
18.5
5.8
0.0
0.0
0.0
0.0
0.0
0.0
0.0
0.0
0.0
0.0
0.0
0.0
0.0
0.0
1.8
0.0
0.3
0.0
0.0
6.3
0.0
0.0
2.5
3.6
12.2
3.3
0.0
0.0
1.3
1.3
0.0
3.6
0.0
3.6
2.3
0.0
0.0
4.1
0.8
3.3
0.0
0.8
0.0
0.0
0.0
0.0
0.0
0.0
11.9
0.8
5.6
0.0
0.0
0.0
13.5
0.0
0.0
1.0
0.5
0.0
0.0
42.9
0.0
0.0
6.6
0.8
1.8
3.6
0.0
1.5
10.9
0.0
0.8
0.0
7.4
13.2
7.4
0.5
27.4
5.6
27.7
0.3
0.0
0.0
0.0
0.0
0.0
0.0
0.0
6.1
0.8
0.0
0.0
0.0
0.3
10.4
2.8
0.0
0.0
0.0
0.0
0.0
0.8
0.0
0.0
0.0
0.0
0.0
2.8
11.9
0.0
0.0
0.0
0.0
0.0
0.0
0.0
0.0
0.0
0.0
0.0
0.0
2.8
12.2
3.8
0.0
0.0
0.0
28.7
0.0
8.4
0.0
0.0
0.0
0.0
0.0
0.0
0.0
30.5
0.0
0.0
0.0
0.0
0.0
0.0
2.5
0.0
0.0
0.0
0.0
0.0
4.6
0.0
0.0
13.5
0.0
0.0
0.0
50.0
4.3
0.0
1.3
0.0
0.0
0.0
0.0
2.3
0.0
0.0
0.0
0.0
0.0
0.0
17.5
2.3
22.4
4.3
0.0
0.0
0.0
0.0
0.0
0.0
0.0
0.0
25.4
0.0
11.9
0.0
0.0
1.5
0.0
0.0
0.0
0.0
0.0
0.0
0.0
0.0
0.0
0.0
15.7
11.2
0.0
0.0
0.0
8.9
4.8
39.9
0.0
29.7
3.0
18.3
0.0
0.0
0.0
0.0
0.0
0.0
5.6
0.0
27.9
0.0
0.0
0.0
0.0
0.0
0.0
0.0
6.6
0.0
0.0
0.0
0.0
0.0
0.0
0.3
0.0
0.0
0.0
0.0
0.0
0.0
0.0
0.0
0.0
3.0
0.0
0.0
0.0
0.0
14.5
1.8
0.8
0.5
8.6
16.0
0.0
0.0
0.0
0.0
0.0
0.0
1.5
0.0
0.0
0.0
0.0
0.0
1.3
10.7
10.7
0.5
2.3
14.7
1.8
0.0
0.0
0.0
0.0
3.3
0.0
0.0
0.0
0.0
0.0
0.0
0.0
0.0
0.0
0.0
0.0
0.0
0.0
0.5
0.0
0.0
0.0
0.0
0.0
0.0
0.0
0.0
0.0
0.0
0.0
0.0
0.8
0.0
0.0
0.0
0.0
2.8
0.0
0.0
0.0
0.0
0.0
15.0
46.5
6.9
0.0
0.0
0.0
0.0
0.0
0.0
0.0
0.0
2.8
4.1
0.0
0.0
0.0
0.0
0.0
0.0
0.0
7.6
26.7
1.5
0.3
0.0
0.0
0.0
13.0
1.0
0.0
0.0
7.9
9.7
0.0
0.0
0.0
0.0
0.0
15.7
0.5
0.0
0.0
0.0
0.0
1.5
0.8
0.3
0.0
1.0
3.8
0.0
0.0
0.0
0.3
12.7
3.6
0.0
0.0
0.0
1.3
0.0
0.0
0.0
0.0
0.0
0.0
0.0
0.0
4.6
15.5
0.0
0.0
0.0
0.0
0.0
0.0
0.0
0.0
0.0
0.0
43.9
32.0
8.4
0.3
38.1
46.2
0.0
0.0
0.0
0.0
0.0
0.0
3.3
0.0
0.0
0.0
10.7
39.4
0.5
9.7
0.0
8.1
63.0
16.5
4.1
0.0
2.0
18.8
8.9
0.0
0.0
0.0
0.0
0.0
3.3
0.0
0.0
0.0
2.8
3.8
0.0
0.0
2.0
0.0
0.0
0.0
7.6
6.6
0.0
0.0
0.0
0.0
1.0
46.0
29.5
4.1
1.3
3.3
0.0
0.0
0.0
0.0
0.0
0.0
0.0
0.0
0.0
7.1
0.0
0.0
0.0
0.0
0.0
0.0
0.0
0.0
0.0
0.0
0.0
0.0
0.0
0.0
0.0
10.9
0.0
0.0
0.0
0.0
0.0
0.0
0.0
0.5
0.0
0.0
20.8
0.0
0.0
0.5
130.8
0.0
0.5
1.8
0.0
0.0
2.0
0.0
0.0
0.0
0.0
0.0
0.0
0.0
0.0
0.0
0.0
0.8
11.4
15.5
36.3
14.2
0.0
22.4
3.0
0.0
0.0
50.8
6.1
0.0
0.0
0.0
0.0
0.0
0.0
0.0
0.0
0.0
0.0
0.0
0.0
0.0
0.0
0.0
0.0
0.0
0.0
1.5
0.0
0.0
3.8
2.5
0.0
5.1
2.5
17.8
7.1
0.3
0.0
0.0
0.0
0.0
0.0
0.0
0.0
0.0
0.0
0.0
3.0
5.3
10.4
0.0
1.5
0.0
0.0
0.0
0.0
0.0
1.8
0.0
0.0
0.0
0.0
0.0
35.6
0.0
0.0
0.0
0.5
1.3
9.9
4.6
0.5
16.5
0.0
1.3
2.8
0.0
0.0
0.0
2.5
3.8
2.3
0.0
0.0
0.0
0.0
0.0
0.0
0.0
0.0
3.6
0.0
0.0
0.0
1.0
0.0
0.0
4.6
0.0
0.0
0.0
0.0
0.0
0.0
0.0
0.0
0.0
0.0
0.0
0.0
0.0
0.0
0.0
0.0
0.0
0.0
0.0
0.0
0.0
0.0
0.0
0.0
0.0
7.9
10.4
0.3
0.0
0.0
0.0
0.0
12.4
0.0
0.0
0.0
0.0
0.0
0.0
0.0
0.3
2.5
0.0
0.8
0.0
0.0
0.0
0.0
0.0
0.0
0.0
0.0
0.0
0.0
1.0
1.3
0.0
0.0
0.0
0.0
0.0
0.0
0.0
0.0
1.0
0.0
0.0
2.8
0.0
0.3
6.3
0.0
0.0
0.3
0.0
0.0
0.0
0.0
0.0
1.0
2.8
0.0
0.0
0.0
25.7
17.5
0.0
0.0
0.0
0.0
0.0
0.0
0.0
2.8
0.0
0.0
0.0
0.0
0.0
0.0
0.0
0.0
4.1
0.0
0.0
0.0
0.0
0.0
0.0
0.0
17.8
0.0
0.0
0.0
0.0
0.0
0.3
13.2
6.6
0.0
0.0
0.0
3.6
0.0
0.0
0.0
8.1
0.0
0.0
0.0
0.0
0.0
1.3
1.8
0.0
10.4
0.0
0.0
0.0
0.0
0.0
0.0
0.0
0.0
0.0
8.1
0.0
0.0
5.1
0.0
0.3
0.0
0.0
15.5
2.5
0.0
0.0
1.8
1.3
6.6
0.0
0.0
0.0
13.5
0.0
0.8
0.0
10.7
9.4
27.7
0.0
0.0
0.5
2.0
0.0
0.0
0.5
0.0
0.0
0.0
0.0
0.0
0.0
5.6
0.0
0.0
0.0
4.1
0.0
1.0
0.0
0.0
9.4
0.3
0.0
0.0
9.4
0.5
0.0
6.1
0.0
55.9
0.8
6.9
0.0
0.0
0.0
0.0
3.0
0.0
0.0
0.0
0.0
0.0
0.0
19.0
0.8
0.0
0.0
11.9
0.0
0.0
0.0
0.0
0.0
0.0
0.0
0.0
17.3
35.6
0.0
0.0
0.0
0.0
0.0
0.0
0.0
37.1
3.3
0.0
3.3
0.0
0.0
0.0
0.0
0.0
0.0
1.3
6.3
0.0
0.0
0.0
0.0
2.0
9.7
0.0
2.5
0.3
0.0
0.0
0.0
0.0
0.8
0.0
4.1
0.0
0.0
0.0
0.0
0.0
0.0
0.0
0.0
0.0
0.0
0.0
0.0
0.5
0.0
0.0
7.6
0.0
122.7
7.1
0.0
0.0
0.0
0.0
0.0
0.0
0.0
0.0
0.0
0.0
5.8
2.0
0.0
0.0
0.0
0.0
0.0
0.0
0.0
2.0
0.0
0.0
0.0
0.0
16.5
0.0
0.0
0.0
0.0
0.0
0.0
0.3
0.0
0.0
0.0
0.0
0.0
18.0
0.0
1.0
0.0
38.9
0.8
0.0
0.0
0.0
0.0
0.0
0.0
0.0
0.0
0.0
6.1
2.3
0.0
1.5
0.0
0.0
0.0
0.0
6.3
0.3
0.0
10.9
0.0
0.0
0.0
0.0
0.0
1.8
1.8
0.0
1.0
0.0
0.3
0.0
63.0
3.8
0.0
0.0
0.0
0.0
11.2
0.0
0.0
0.0
0.0
0.0
0.0
0.0
0.0
0.0
0.0
6.9
0.0
0.0
0.0
0.0
2.8
0.0
0.0
0.0
1.0
0.0
1.3
0.0
1.0
0.3
0.0
0.0
0.0
20.1
0.0
0.0
0.0
0.0
1.3
1.3
0.0
0.0
0.0
0.0
0.0
13.2
11.4
0.0
0.0
0.0
0.0
0.0
0.0
0.0
0.0
0.0
0.0
0.0
1.0
6.1
0.0
0.0
0.0
0.0
0.0
0.0
0.0
1.0
1.8
0.0
0.0
2.5
0.5
0.0
1.3
6.9
0.0
0.0
2.3
1.3
0.0
0.0
0.0
0.0
0.0
0.0
0.0
0.0
0.0
0.0
0.0
0.0
0.8
0.0
0.0
0.3
0.0
0.0
0.0
0.0
0.0
0.0
0.5
0.0
0.0
1.8
30.7
0.0
0.0
0.0
0.0
0.0
0.0
0.0
0.0
2.3
0.0
2.5
1.0
0.0
0.0
0.5
0.0
0.0
0.0
0.0
1.8
17.0
14.0
0.0
15.7
2.3
0.5
0.0
0.0
0.0
0.0
0.0
0.0
0.0
0.0
0.0
0.0
0.0
0.0
0.0
0.0
0.0
0.0
0.0
0.0
0.0
0.0
12.4
0.0
15.7
0.0
10.9
0.0
0.0
0.0
0.0
0.8
11.2
7.1
3.3
0.0
1.5
0.0
0.0
0.0
0.0
0.0
17.5
0.8
4.1
26.2
10.4
0.0
0.0
0.0
21.3
0.0
0.0
0.0
0.0
2.8
24.4
0.0
3.6
1.3
0.0
0.0
5.3
1.0
0.0
0.0
0.0
0.0
0.0
0.0
0.0
0.0
4.1
24.4
0.0
7.1
0.0
0.3
16.0
0.3
0.0
0.0
0.0
0.0
1.0
0.0
0.0
6.3
1.8
0.0
0.3
0.0
0.0
0.0
0.0
8.4
10.9
5.3
0.8
16.0
0.0
0.5
8.9
46.5
19.0
0.0
0.0
0.0
0.0
0.0
0.0
0.0
0.0
0.0
0.0
1.0
0.0
1.0
0.0
0.0
0.0
0.0
11.4
6.1
0.0
0.0
0.0
0.8
0.0
0.0
0.0
0.0
0.0
2.5
0.0
0.0
0.0
0.0
0.0
0.0
0.0
2.5
0.0
5.8
9.7
0.0
0.0
4.6
5.8
44.4
1.3
16.8
19.6
0.0
0.0
0.0
0.0
0.0
0.0
0.0
0.0
0.0
0.0
0.0
0.0
0.0
0.0
0.0
0.0
0.0
3.3
0.0
0.0
0.0
0.0
0.0
0.0
0.0
0.0
0.0
0.0
0.0
0.0
0.0
0.0
0.0
1.8
0.0
0.0
0.0
0.0
0.0
0.5
6.6
0.0
0.0
0.0
29.7
0.8
12.2
0.0
0.0
22.1
17.8
0.3
0.0
0.0
3.0
0.0
0.0
0.0
22.9
0.0
2.8
9.1
0.0
13.5
18.3
0.0
19.3
0.0
0.0
0.0
0.0
0.0
0.0
0.5
3.6
0.0
0.0
0.0
0.5
0.3
0.0
6.6
0.5
0.0
1.5
0.0
10.9
39.4
0.0
3.3
6.3
1.0
7.9
11.7
0.0
0.0
0.0
0.0
6.3
16.5
0.8
0.0
0.8
2.0
0.0
0.0
0.0
0.0
0.0
0.0
0.0
0.0
0.0
0.0
0.0
0.0
0.0
0.0
0.0
0.0
0.0
0.0
0.0
0.0
1.3
0.3
16.8
18.3
25.7
18.5
0.0
5.1
0.0
0.0
2.0
19.3
48.0
2.5
0.0
0.0
0.0
0.0
0.0
0.0
0.0
0.0
0.0
0.0
0.0
0.0
0.0
0.0
1.5
6.3
0.0
0.0
0.0
0.0
0.0
0.0
0.0
5.3
0.0
2.8
1.0
0.0
0.0
6.3
14.0
0.0
0.5
0.0
0.0
0.0
2.8
0.3
0.0
0.0
0.0
0.0
0.0
0.0
2.3
0.0
0.0
0.0
0.0
0.0
0.0
0.8
0.0
0.0
0.0
0.3
0.0
0.0
0.0
0.0
0.0
0.0
0.0
0.0
0.0
0.0
0.0
11.9
1.8
8.1
5.3
0.0
0.0
0.0
0.0
1.0
0.0
2.0
0.0
0.0
0.0
0.0
2.3
0.0
0.0
0.0
0.0
9.7
10.9
0.0
0.0
0.0
0.0
0.0
0.0
0.0
0.5
12.2
1.8
0.0
0.0
2.5
1.3
0.0
0.0
1.3
0.0
0.0
0.0
0.0
0.0
0.0
0.0
0.0
6.6
16.0
0.0
6.1
0.0
0.8
0.0
0.0
0.0
0.0
32.0
2.5
0.0
0.0
0.0
0.0
0.0
0.0
0.0
0.5
0.0
2.3
0.0
0.0
0.0
0.5
0.0
0.0
0.5
0.0
0.0
9.9
0.0
0.3
3.3
0.5
29.7
0.0
0.0
0.0
0.0
0.0
0.0
0.0
0.0
0.0
0.0
0.0
0.0
0.0
0.0
0.0
0.0
0.0
0.0
0.0
0.0
17.3
0.0
0.0
0.0
0.0
0.0
0.0
9.7
14.2
3.8
3.6
0.0
0.0
0.0
25.4
0.0
0.0
0.0
0.0
0.0
0.0
0.0
8.6
0.0
0.0
0.0
0.0
0.0
0.0
0.0
0.0
6.6
0.5
0.0
0.0
0.0
0.0
0.0
0.8
10.7
12.2
7.1
2.8
0.0
0.0
14.2
0.0
0.0
3.8
0.0
0.0
0.0
3.3
2.3
0.0
0.0
0.0
0.0
0.0
0.0
0.0
0.0
0.0
0.0
0.0
0.0
3.0
0.0
0.0
0.0
0.0
7.4
0.0
9.4
0.0
0.0
5.8
26.4
0.0
0.0
0.0
8.4
1.0
20.1
0.0
0.0
5.6
0.0
0.0
0.0
0.0
0.0
0.0
0.0
0.0
0.0
0.0
0.0
0.0
0.0
0.0
0.0
0.0
0.0
0.0
0.0
0.0
15.7
30.0
1.3
0.0
2.5
0.0
0.0
0.0
0.0
0.0
0.0
0.0
30.0
0.0
0.0
0.0
0.0
14.7
0.3
0.0
0.0
0.0
0.0
0.0
4.8
0.0
11.4
8.1
0.0
0.0
0.0
0.0
0.0
0.0
0.0
0.0
0.0
0.0
7.4
36.3
0.0
0.0
2.0
0.3
0.0
1.8
0.0
0.5
0.0
0.0
7.6
0.0
0.0
2.3
0.0
3.8
0.3
0.0
0.0
0.8
0.0
0.0
0.0
0.0
0.0
0.0
6.9
0.0
0.0
1.0
0.0
0.0
3.8
0.0
0.0
7.1
0.0
0.0
0.0
0.0
0.0
0.0
0.0
2.3
0.0
3.0
1.5
0.0
0.0
0.0
0.0
0.0
0.0
5.1
0.0
0.0
0.0
0.0
0.0
0.0
0.8
17.5
0.0
0.0
0.0
0.0
0.0
0.0
0.0
0.0
0.0
0.8
0.0
0.0
0.0
3.8
0.0
0.0
0.0
2.8
2.5
0.0
0.0
0.0
0.0
0.0
0.0
0.0
0.0
0.0
0.0
0.0
0.0
0.0
0.0
0.0
0.0
1.3
0.0
2.0
14.5
6.9
0.0
25.7
13.7
0.0
0.0
0.0
0.0
0.0
0.0
0.0
3.6
0.8
0.0
0.0
0.3
0.0
0.0
3.6
0.0
0.0
6.3
0.0
2.0
13.2
0.0
0.0
25.9
38.9
0.0
0.0
0.0
0.0
0.0
0.0
0.0
0.0
0.5
12.7
0.0
5.1
0.0
0.0
0.0
0.0
0.0
3.0
0.5
0.0
0.0
0.9
9.7
10.4
2.3
0.0
1.5
0.0
0.0
0.0
0.0
0.0
0.0
3.8
0.0
0.8
4.6
3.3
1.8
0.5
0.5
0.0
0.0
0.0
0.0
0.0
0.0
2.5
0.0
0.0
0.0
0.0
0.0
1.3
9.7
9.1
0.0
0.0
0.0
0.0
4.1
0.0
0.0
0.0
1.0
1.0
0.0
0.0
0.0
0.0
0.0
0.5
3.8
0.0
0.0
0.0
0.5
0.0
0.0
0.8
17.8
0.0
0.0
0.0
0.0
0.0
0.0
0.8
1.3
0.0
0.0
0.0
0.0
4.3
0.0
31.5
19.8
0.0
0.0
0.0
0.0
0.0
0.0
5.1
14.5
6.1
0.0
0.0
0.0
0.0
15.7
8.1
0.0
0.0
0.0
0.0
0.0
0.0
0.0
0.0
0.0
0.0
16.8
29.5
16.3
5.6
0.0
0.0
0.3
0.8
0.0
0.0
4.8
20.8
0.0
0.0
0.0
0.0
0.0
0.0
3.8
0.0
4.6
2.8
0.3
0.5
0.0
0.0
0.0
0.0
0.0
0.0
4.6
0.0
0.0
0.0
3.6
41.1
0.5
0.0
0.0
0.0
0.0
19.8
0.0
0.0
0.0
0.5
16.5
0.0
0.0
0.0
0.0
0.0
0.0
1.0
0.0
0.0
0.0
0.0
0.3
0.0
0.0
0.0
0.0
0.0
8.6
1.5
0.0
0.0
0.0
0.0
37.8
0.0
1.0
0.0
0.0
5.3
0.0
0.0
0.0
10.9
1.8
5.1
0.0
0.0
0.0
0.0
0.0
0.0
0.0
0.0
0.5
1.8
0.5
0.0
0.0
14.5
0.0
0.8
0.0
7.1
23.1
0.0
0.0
0.0
0.0
0.0
0.0
0.0
0.0
0.0
0.0
0.0
0.0
0.5
29.5
64.8
0.8
0.0
0.0
0.0
0.0
0.3
0.0
0.0
0.0
1.3
3.0
0.0
0.0
0.0
0.0
0.0
1.0
0.0
0.0
23.6
1.0
0.0
0.0
0.0
0.0
0.0
0.0
0.0
0.0
10.7
5.6
0.0
0.0
0.0
12.2
3.0
0.0
0.0
0.0
0.0
0.0
0.0
24.6
1.0
21.3
0.0
0.0
0.0
0.0
0.0
5.8
0.3
0.0
2.3
0.0
0.0
0.0
0.0
0.0
0.3
0.0
0.0
0.0
0.0
0.0
0.0
0.0
2.0
0.0
0.0
0.0
0.0
0.0
8.1
13.7
0.0
0.0
2.8
0.0
0.0
0.0
0.0
0.0
0.0
0.0
20.3
0.0
0.0
0.0
6.1
6.6
0.0
0.0
0.0
0.0
0.0
0.0
0.0
2.8
0.0
0.0
0.0
0.0
2.8
0.0
0.0
0.0
1.5
0.8
0.5
3.8
6.3
6.9
0.0
0.0
0.0
0.0
0.3
0.0
1.8
11.2
0.0
0.0
12.4
0.0
0.0
0.0
0.0
0.0
0.0
10.9
0.5
0.0
0.8
6.6
0.0
0.0
0.0
0.0
0.0
0.0
0.0
0.0
0.0
9.4
27.7
13.0
0.0
0.0
0.0
0.0
0.0
2.0
6.3
4.8
0.0
0.0
0.0
0.5
0.0
0.0
0.0
0.0
0.0
0.0
14.0
0.0
0.0
0.0
0.0
0.0
0.0
0.0
0.0
3.8
3.0
8.1
5.1
0.0
0.0
0.0
44.7
0.3
2.5
0.5
0.0
0.0
0.0
1.0
0.0
0.0
0.0
0.0
0.0
0.0
0.0
0.0
0.0
0.0
7.1
0.0
0.0
21.1
2.0
20.6
0.0
0.0
31.0
2.0
15.0
0.0
0.0
0.0
0.0
7.9
0.8
0.0
0.0
0.0
0.0
15.7
5.6
0.0
0.0
0.0
0.0
0.0
5.8
7.4
0.0
0.5
0.0
0.0
0.0
0.0
0.0
0.0
0.0
2.0
0.0
0.0
0.0
0.0
0.0
0.0
0.0
46.2
0.0
10.2
0.0
0.0
0.0
0.0
0.0
0.0
0.0
0.0
0.0
5.1
0.0
4.3
3.3
3.8
1.3
0.0
0.0
1.5
0.0
0.0
0.0
0.0
0.0
0.0
0.0
0.0
0.0
0.0
0.0
2.0
1.0
0.5
0.0
0.0
5.8
0.0
0.0
0.0
0.0
1.8
0.0
0.0
0.0
0.0
0.0
0.0
0.0
0.0
0.0
8.6
0.0
0.0
0.0
0.0
5.3
0.0
17.3
0.0
0.0
0.0
0.0
0.0
0.0
0.0
0.0
0.0
0.0
0.0
0.0
13.0
0.0
17.0
2.0
0.0
0.0
0.0
5.1
0.0
0.0
1.8
11.2
0.0
0.0
0.0
0.0
0.0
0.0
0.0
0.0
0.0
0.0
0.0
0.0
0.0
0.0
0.0
0.0
10.9
0.5
0.0
0.0
0.0
0.0
0.0
0.0
32.3
31.0
0.0
0.0
0.0
3.8
0.8
0.0
0.0
0.0
0.0
1.0
6.9
0.0
0.3
0.0
3.6
2.0
15.0
6.6
7.4
8.9
0.0
0.0
1.3
11.4
0.0
0.0
0.0
0.0
0.3
0.0
0.0
0.0
0.0
0.0
2.5
1.3
1.8
0.0
0.0
0.3
0.5
0.0
0.0
3.6
0.0
0.0
54.1
1.5
0.0
0.8
0.0
0.0
0.0
0.0
0.0
0.0
0.3
0.0
0.0
0.0
0.5
0.0
0.3
0.0
0.0
0.0
0.0
0.0
5.1
0.0
13.0
0.0
0.0
10.7
22.6
39.1
2.0
0.3
0.5
0.0
0.0
0.0
0.3
0.0
0.0
0.0
26.9
1.5
0.0
0.0
0.0
1.5
4.6
0.0
0.0
4.1
0.8
0.0
2.0
0.0
0.0
0.0
8.9
0.5
12.4
0.0
0.0
0.0
0.0
0.0
0.0
0.0
2.8
0.0
0.0
0.0
21.1
18.8
0.0
0.0
0.0
0.0
1.0
0.0
0.0
0.5
10.9
0.0
0.0
1.0
6.3
0.0
0.0
0.0
1.3
0.0
0.0
0.3
6.3
12.7
7.1
1.0
2.0
1.0
0.0
0.0
0.0
0.0
11.7
0.3
0.0
0.0
0.0
0.5
0.0
24.4
0.0
1.5
2.8
0.0
0.0
1.3
5.3
0.0
0.0
0.0
0.0
13.0
3.0
0.0
36.6
5.3
0.0
0.3
0.0
17.3
0.0
0.0
0.0
4.1
0.0
0.0
0.5
9.1
0.0
11.9
0.5
0.0
0.0
0.0
30.7
0.0
1.0
100.6
34.3
0.0
0.0
26.2
8.4
5.3
2.5
0.0
0.0
0.0
1.8
0.0
7.9
0.0
0.0
0.0
0.0
0.0
0.0
3.6
0.0
0.8
5.8
0.0
3.6
0.0
5.1
0.0
0.0
31.5
17.3
0.0
0.0
0.0
1.3
28.4
0.0
0.0
42.2
24.6
0.0
0.0
0.0
0.0
0.0
0.5
3.6
0.0
12.2
0.0
0.0
2.0
0.0
0.0
11.7
0.0
15.2
1.5
0.0
0.0
0.0
3.3
0.0
38.1
0.0
0.0
0.0
0.0
0.0
0.0
0.0
0.0
0.0
0.0
0.0
0.0
0.0
0.0
1.3
5.3
0.0
0.0
0.0
0.0
0.0
0.0
2.5
0.0
0.0
0.0
0.0
0.0
0.5
51.3
0.0
3.8
0.5
2.5
0.0
0.0
22.1
16.5
26.7
50.5
0.0
0.0
0.0
0.0
0.0
0.3
0.0
0.0
0.0
0.0
0.0
0.0
0.0
0.0
8.1
0.0
0.0
0.0
0.0
0.0
0.0
0.0
3.3
0.0
0.0
0.0
0.0
0.0
0.0
0.0
11.7
0.0
1.0
0.0
0.0
0.0
0.0
0.0
31.5
3.6
0.0
0.0
0.0
0.0
0.0
0.0
0.0
0.0
0.0
0.0
0.0
0.0
0.8
0.0
0.0
0.0
3.8
5.1
0.0
3.0
1.3
0.3
0.0
0.0
0.0
0.0
0.0
0.0
0.0
1.3
0.0
0.0
0.0
0.0
0.0
7.1
2.5
0.0
0.0
0.3
0.0
0.0
0.0
0.0
10.2
2.3
0.0
0.0
0.0
0.0
9.1
0.0
2.8
0.0
24.1
0.0
0.0
0.0
0.0
20.1
3.6
0.3
2.0
45.7
0.0
0.0
0.0
0.0
0.0
0.0
0.3
0.0
0.5
0.0
0.0
0.0
2.8
0.0
0.0
0.0
1.0
0.0
0.0
0.0
0.0
3.8
0.5
0.0
0.0
0.0
0.0
0.8
1.8
0.0
6.6
0.0
0.0
0.0
0.0
0.0
0.0
0.0
0.0
0.0
0.0
0.0
0.0
0.5
17.8
10.7
0.0
0.3
0.0
0.0
0.0
0.3
0.0
0.0
0.0
0.0
0.0
0.0
0.0
0.0
10.7
0.0
0.0
0.0
0.0
0.0
0.0
0.0
0.0
5.8
3.3
15.0
8.4
0.0
0.0
0.0
0.0
0.0
0.0
0.0
1.3
0.0
0.0
2.5
0.0
9.1
0.0
0.0
0.0
0.0
36.8
0.0
3.6
7.6
0.0
17.5
0.0
0.5
21.6
0.0
0.0
0.0
13.7
0.0
0.0
9.9
1.0
0.0
0.0
0.0
0.0
6.3
13.7
0.3
0.0
0.0
0.0
0.0
0.0
0.0
35.1
0.5
23.9
2.1
7.5
0.0
0.0
0.0
0.0
0.0
11.9
5.4
0.0
0.6
0.0
5.2
60.8
0.0
39.7
0.0
0.0
0.0
0.0
0.0
0.0
0.0
0.0
1.8
12.0
4.9
4.7
2.1
0.0
3.7
0.0
2.8
17.0
0.0
0.0
0.0
0.0
1.3
1.8
5.3
13.7
0.5
0.0
9.9
0.0
8.6
0.0
30.7
1.5
27.7
0.0
22.6
0.0
0.0
0.0
0.0
0.0
16.5
0.0
0.0
0.0
0.0
0.0
4.8
25.4
0.5
0.0
0.0
25.4
0.0
0.0
0.0
0.0
0.0
23.6
0.0
0.0
0.0
0.0
0.0
0.0
0.0
0.0
0.0
20.3
0.0
0.0
0.0
14.5
0.0
0.0
0.0
2.3
0.0
0.5
9.9
0.0
0.0
4.8
3.8
0.0
0.0
0.0
0.0
0.0
0.0
0.0
4.1
35.8
0.0
23.6
1.0
1.0
0.0
0.0
0.0
0.0
0.0
1.3
0.0
0.0
0.0
0.0
0.0
0.0
0.0
0.0
43.9
3.0
0.0
0.0
0.0
0.0
0.0
0.0
0.0
0.0
0.0
0.0
0.0
0.0
0.0
7.1
1.0
1.0
0.5
1.0
1.5
1.0
0.0
0.0
0.0
0.3
14.7
0.5
0.5
0.0
19.3
1.0
6.3
51.6
7.6
0.0
1.3
0.0
25.7
2.5
0.8
0.5
0.0
0.0
0.0
0.0
0.0
52.3
1.5
0.5
0.0
4.8
9.7
0.0
41.4
18.3
0.0
0.0
0.0
1.0
0.0
0.0
0.0
0.0
0.0
0.0
0.5
0.0
0.0
0.0
0.0
34.3
26.2
8.4
8.6
2.0
0.0
0.0
0.0
0.0
10.4
1.8
0.8
0.0
0.0
0.0
0.0
0.0
8.9
0.0
0.0
0.0
1.0
0.0
13.7
0.0
0.0
0.0
5.3
0.0
0.0
0.0
0.0
0.0
0.8
0.0
1.3
0.0
8.1
27.2
28.2
1.0
2.3
2.0
0.0
0.0
0.0
0.0
0.0
0.0
0.0
0.0
0.0
6.6
0.5
0.0
0.0
0.0
0.0
0.0
0.0
0.0
0.0
0.0
0.0
0.0
2.5
1.5
5.6
0.0
13.0
0.0
1.8
0.0
3.3
0.0
0.0
0.0
0.0
0.0
0.0
0.0
5.6
6.3
0.0
0.0
5.8
0.8
0.0
0.0
0.0
0.0
3.8
0.0
0.0
0.0
0.0
2.5
3.3
19.8
0.0
0.0
0.0
0.0
0.0
0.0
0.0
0.0
0.0
0.0
0.0
0.0
0.0
2.5
0.0
1.8
7.6
0.0
9.4
5.3
0.5
0.0
0.0
0.0
0.0
0.0
2.8
3.0
0.0
0.0
5.8
11.2
0.0
11.2
4.8
0.0
0.0
0.0
0.0
10.2
0.0
5.1
8.9
2.8
4.8
0.0
0.0
0.0
0.0
0.0
0.0
0.0
0.0
0.0
0.0
0.0
0.0
0.0
3.6
1.8
8.9
30.2
5.8
0.6
0.0
0.0
0.0
2.3
4.3
0.0
0.0
0.0
0.0
0.0
0.0
0.0
0.0
30.0
5.1
0.8
1.5
0.0
3.8
31.8
16.5
0.0
0.0
10.9
1.3
0.0
0.0
0.0
7.6
1.5
0.0
0.0
0.0
0.0
18.5
10.4
0.0
0.0
1.5
0.8
0.0
0.3
42.4
0.0
0.0
0.0
6.3
21.3
0.0
26.2
0.0
0.0
21.8
0.0
3.6
25.9
40.1
4.1
0.0
0.0
0.0
4.1
0.0
0.0
0.0
0.0
0.0
0.0
2.3
0.0
0.0
1.3
0.0
0.0
0.0
0.0
0.0
0.0
0.0
0.0
0.0
0.0
1.8
78.0
8.1
0.3
0.0
0.0
42.7
0.0
0.0
6.1
0.0
0.0
2.0
0.0
0.0
0.0
0.0
3.8
0.0
0.0
0.0
0.0
0.0
0.8
0.0
0.0
28.2
0.0
0.0
0.0
0.0
0.0
0.0
24.1
0.0
0.0
0.0
0.0
0.0
0.0
0.0
0.0
0.0
0.5
5.6
24.1
43.9
0.0
0.0
0.0
0.0
0.0
0.0
1.0
15.7
0.3
0.0
0.0
0.0
0.0
0.0
0.0
18.0
0.5
0.0
10.7
10.7
4.6
0.3
6.1
0.0
0.0
0.0
0.0
0.0
3.3
0.0
0.0
0.0
0.0
0.0
0.0
0.0
0.0
0.0
0.0
0.0
0.8
0.0
0.0
0.0
0.0
0.0
0.0
0.0
0.0
0.0
3.6
20.6
6.1
0.0
0.0
0.0
0.0
0.0
0.0
0.0
0.0
0.0
2.0
0.0
0.0
0.0
0.0
0.0
0.0
0.0
1.8
0.3
0.0
0.5
0.0
0.5
0.0
0.0
0.0
0.5
12.7
1.5
25.1
12.7
0.0
0.0
0.0
15.5
0.0
0.0
0.0
0.0
0.8
0.0
0.0
0.0
0.0
0.0
0.0
8.6
0.5
0.0
0.0
0.8
0.3
0.0
0.0
0.0
0.0
0.0
0.0
0.0
8.1
0.0
0.0
0.0
0.0
0.8
3.6
3.0
0.0
0.0
0.0
0.0
0.0
1.5
0.5
0.0
0.0
3.3
1.3
0.0
0.0
0.0
0.0
0.0
1.8
0.3
5.8
1.5
0.0
0.0
1.3
0.0
0.0
0.0
0.0
0.0
0.0
0.0
3.6
26.9
0.0
0.0
0.0
0.5
0.0
0.0
0.0
0.0
0.0
0.0
0.0
0.0
0.0
0.0
0.0
0.0
0.0
8.4
9.4
3.3
0.0
4.6
9.7
0.0
0.5
16.8
0.0
0.0
0.0
0.0
26.9
0.3
0.0
0.0
7.1
0.3
0.0
0.0
0.0
0.0
3.3
0.0
0.0
0.0
0.0
0.0
0.0
0.0
0.0
0.5
0.0
0.0
0.0
0.0
0.0
0.0
0.0
0.0
0.0
0.0
8.9
0.0
0.0
0.0
0.3
6.3
0.0
16.5
0.0
0.0
0.0
0.0
22.6
0.5
0.0
6.6
13.0
0.0
3.6
27.2
0.5
0.0
11.9
0.3
0.8
0.0
0.0
0.0
6.3
0.0
0.0
0.0
3.6
0.8
0.0
0.0
0.0
0.0
1.0
0.0
13.2
11.4
0.0
0.0
0.0
0.0
0.0
0.8
0.8
7.4
0.0
4.8
30.2
0.0
0.0
25.4
0.0
0.0
0.0
1.0
11.9
0.0
6.9
4.3
0.0
0.0
0.0
0.3
11.2
0.3
0.0
24.6
16.5
3.8
0.0
3.8
10.7
0.3
0.0
2.0
0.0
0.8
0.0
7.6
22.1
1.3
0.0
0.0
0.0
0.0
0.0
0.0
1.3
0.0
0.0
16.0
0.0
0.0
0.0
0.0
5.8
0.0
0.0
0.0
0.0
0.0
0.0
0.0
0.0
0.0
0.0
0.0
9.7
0.0
3.3
0.0
0.0
0.0
0.0
0.0
0.0
0.0
0.0
0.0
0.0
0.0
0.0
1.3
0.0
0.0
0.0
0.0
0.0
0.0
0.0
0.0
0.0
0.0
0.0
0.0
0.0
0.0
0.0
0.0
0.0
0.0
0.0
0.0
0.0
1.3
0.0
0.0
0.0
1.3
2.0
0.0
0.0
0.0
12.7
10.7
0.0
0.0
0.0
0.0
8.6
0.0
0.0
0.0
1.8
0.0
0.0
0.0
0.0
0.0
0.0
0.8
18.5
1.5
0.0
0.0
0.0
0.0
0.0
0.0
0.0
0.0
0.0
0.0
0.0
0.0
0.0
0.0
31.2
0.3
0.0
0.0
0.0
15.7
2.8
4.8
0.0
0.0
0.0
0.8
0.0
0.0
0.8
0.3
0.0
0.0
1.3
0.0
0.0
20.1
18.8
0.0
0.0
0.8
9.9
0.0
5.1
0.0
0.0
0.0
0.0
0.0
0.0
0.0
0.0
0.0
0.0
0.0
3.3
16.8
0.0
0.0
0.0
11.2
0.0
5.1
0.0
0.0
0.0
0.0
3.0
0.0
0.0
0.0
0.0
0.3
0.0
0.0
0.0
1.0
4.3
10.9
0.0
0.0
0.0
0.0
23.6
0.8
0.3
0.0
0.0
0.0
0.0
18.3
0.0
0.0
0.0
2.5
0.5
0.0
0.0
0.0
0.0
0.0
0.0
0.0
0.0
0.0
0.0
0.3
0.8
0.0
0.5
0.0
32.8
0.0
0.0
0.0
0.0
0.0
2.8
0.0
0.0
5.3
0.0
4.3
0.0
0.0
0.0
0.0
0.0
0.0
11.9
1.0
0.0
0.0
0.8
0.0
0.0
0.3
0.0
0.0
1.8
0.0
3.6
0.0
0.0
0.0
0.0
1.5
0.0
0.8
0.0
0.5
0.0
0.0
0.0
7.1
0.0
0.3
2.8
0.0
5.3
0.0
0.0
3.8
0.5
0.0
0.0
1.3
0.0
0.0
0.0
3.8
1.0
1.0
0.0
0.0
0.0
0.0
4.3
1.5
0.0
0.0
0.0
0.0
0.0
4.6
0.0
0.0
0.0
0.0
0.5
1.0
0.0
0.0
0.0
0.0
0.0
0.0
0.0
0.0
3.0
13.5
19.6
0.0
0.0
0.0
0.8
2.0
0.0
0.0
0.0
0.3
0.0
0.0
0.0
3.3
38.1
1.5
5.8
0.0
4.6
2.5
0.0
18.8
0.8
0.0
0.0
0.0
0.0
0.0
0.0
0.0
0.0
0.0
0.0
0.0
0.0
19.0
0.0
0.0
0.0
0.0
0.0
0.0
0.0
0.0
0.0
0.0
15.0
0.0
0.0
0.5
0.0
0.0
0.0
0.0
0.0
0.0
0.0
4.3
0.0
0.0
0.0
0.0
12.2
0.0
0.0
0.0
0.0
0.0
0.0
0.0
0.8
0.0
0.0
0.0
0.0
0.0
4.6
0.0
3.0
0.0
0.0
0.0
0.0
0.0
5.1
0.0
1.3
0.0
0.0
0.0
3.8
0.0
0.0
0.0
1.8
0.0
0.0
0.0
0.0
0.0
0.0
0.0
0.0
0.0
0.0
0.0
0.0
0.0
0.0
4.1
0.0
12.2
0.0
0.0
0.0
0.0
0.0
0.0
0.0
4.3
0.0
0.0
0.0
13.5
0.0
1.3
0.0
0.0
0.0
0.0
0.0
0.0
0.0
3.8
0.0
0.0
0.0
0.0
68.6
5.1
1.0
0.0
0.0
0.0
0.0
19.0
0.0
0.0
0.0
0.0
0.0
3.8
0.0
0.0
0.0
3.8
0.0
0.0
0.0
0.0
0.0
0.0
7.4
4.8
0.5
0.0
0.0
0.0
0.0
0.0
1.5
0.0
13.5
1.8
0.0
0.0
0.0
1.0
0.0
0.0
0.0
39.4
6.9
0.0
0.0
8.6
2.0
0.8
0.0
0.0
9.7
0.0
0.0
9.4
0.0
0.0
0.0
0.0
0.0
0.0
0.0
4.3
0.0
0.0
0.5
4.8
0.0
0.0
0.0
0.0
22.9
0.0
0.0
0.0
0.0
0.0
0.0
0.0
0.5
0.0
0.0
0.5
0.0
0.0
0.0
0.0
0.0
0.0
0.0
0.0
0.0
0.0
17.3
0.0
0.0
2.5
7.9
2.8
1.3
0.0
0.0
0.0
0.0
9.4
0.0
0.0
2.0
0.0
7.1
3.8
0.0
0.0
0.0
0.0
0.0
0.0
0.0
0.0
0.0
0.0
4.6
0.0
0.0
0.0
0.0
0.0
0.0
0.0
0.0
0.0
13.2
0.0
9.9
0.0
0.0
0.0
0.0
0.0
0.0
0.0
0.0
0.0
0.0
0.0
0.0
0.0
0.0
3.0
2.3
39.9
0.0
0.0
0.3
0.3
0.0
0.0
0.0
0.0
9.1
0.0
3.8
6.6
0.0
0.0
0.0
0.0
0.0
0.0
0.0
2.0
0.0
0.0
10.2
0.0
0.0
0.0
15.5
9.9
0.8
1.0
0.8
0.0
0.5
0.0
2.3
0.0
0.0
0.0
6.9
17.8
0.0
0.0
0.0
0.0
0.0
0.0
1.8
0.0
0.0
0.0
0.0
0.0
1.0
36.8
0.0
0.0
0.0
0.0
0.0
0.0
0.0
0.0
0.0
0.0
0.0
0.0
0.0
1.8
0.0
0.0
53.8
0.0
0.0
0.8
0.0
26.4
18.0
17.3
39.6
0.0
0.0
0.0
0.0
8.4
1.3
0.0
0.0
10.9
0.0
0.0
0.0
0.0
15.7
19.0
9.7
2.5
0.0
0.0
4.6
19.6
0.0
0.0
0.0
0.0
0.0
0.0
0.0
0.5
0.0
0.0
30.0
0.3
0.0
0.5
0.0
18.3
47.8
18.3
1.5
0.0
18.3
58.7
0.0
0.0
0.0
0.0
0.0
0.0
0.0
0.0
3.3
0.0
0.0
0.0
0.0
0.0
11.4
0.3
0.0
0.0
0.0
0.0
9.7
0.8
0.5
0.0
2.0
22.9
0.0
0.0
31.2
3.8
0.0
0.5
0.0
0.0
0.0
0.0
0.0
0.3
0.0
0.0
0.0
0.0
0.0
0.0
0.0
0.0
0.0
0.0
0.0
0.0
5.6
0.0
0.0
0.0
0.0
6.1
0.0
0.0
0.0
10.4
0.0
0.0
1.8
0.0
0.0
0.0
0.0
3.0
0.0
0.0
0.0
0.0
4.6
0.0
0.0
0.0
0.0
0.0
0.0
0.0
0.0
0.0
0.0
0.0
0.0
0.0
0.0
0.0
0.0
0.0
0.0
0.0
0.0
0.0
0.0
0.0
0.0
0.0
2.0
2.8
0.0
0.0
5.3
0.5
0.0
0.0
0.5
0.0
0.0
1.8
3.3
1.5
0.0
0.0
0.0
0.0
0.0
0.0
0.0
6.1
0.0
0.0
0.0
0.8
0.0
0.0
7.4
2.8
0.0
0.0
0.0
0.0
0.0
1.8
0.0
0.0
0.0
1.3
0.0
6.3
0.0
0.0
0.0
2.5
0.0
0.0
0.0
0.0
0.0
0.0
2.5
18.8
27.9
1.8
0.0
0.0
0.0
10.4
0.8
0.0
0.0
0.0
0.0
4.1
0.0
0.0
0.0
0.0
0.0
8.5
0.0
0.0
2.8
6.6
0.0
0.0
0.0
0.0
0.0
0.0
0.0
0.0
0.0
0.0
0.0
0.0
0.0
0.0
0.0
0.0
0.5
0.0
0.0
0.0
0.0
13.2
2.5
0.5
0.0
0.0
0.0
0.3
6.3
16.5
0.0
0.0
0.0
0.0
0.0
0.0
0.0
0.0
0.0
0.0
8.1
0.0
0.0
2.6
12.3
0.0
0.0
0.0
1.3
12.7
0.0
0.0
0.0
0.5
0.0
0.0
0.0
1.8
0.0
3.6
0.0
0.0
0.0
0.3
0.0
0.0
0.0
0.0
0.0
0.0
14.5
6.1
0.0
0.0
10.9
0.0
0.0
0.3
0.8
0.0
0.0
0.0
0.0
0.0
9.7
0.8
0.0
16.5
0.0
8.1
8.4
0.0
6.3
0.0
1.0
0.0
0.0
0.0
0.0
4.1
0.0
0.0
0.0
0.0
0.0
0.0
0.0
0.0
0.0
36.8
0.3
0.0
0.0
0.0
0.0
0.0
0.3
0.0
0.0
0.0
0.0
0.0
1.3
0.0
5.6
7.1
0.0
0.0
0.0
0.3
5.6
35.8
15.2
0.0
0.0
0.0
1.0
0.0
0.0
0.0
0.0
0.0
10.7
1.3
0.0
0.0
0.0
0.0
0.0
0.0
2.8
0.0
0.0
4.8
0.0
0.0
17.0
9.7
0.5
0.3
0.3
0.0
0.0
0.0
0.0
0.0
0.0
0.8
0.0
17.3
1.3
25.7
2.3
17.8
5.1
4.1
0.0
1.0
0.0
0.0
0.0
0.0
0.0
0.0
0.0
0.0
0.0
0.0
13.0
0.0
0.0
0.0
0.0
44.4
0.0
0.0
0.0
20.6
0.0
20.6
2.8
0.0
0.0
0.0
0.0
0.0
0.0
0.0
0.0
7.4
1.3
2.3
7.1
18.8
0.0
0.0
0.0
4.1
0.0
0.0
4.6
0.0
0.0
0.0
0.0
3.8
0.5
14.2
0.0
0.0
0.0
0.3
14.7
0.0
0.0
0.0
0.0
0.0
0.0
0.0
0.0
0.0
0.0
0.0
0.0
8.1
6.1
0.0
0.0
0.0
0.0
0.0
4.8
0.0
0.0
1.3
0.0
1.5
27.4
4.1
1.5
2.5
0.0
0.0
0.0
0.0
0.0
0.8
0.0
0.0
0.8
33.0
0.0
0.8
0.0
0.0
0.0
0.0
1.0
48.5
0.5
2.8
0.0
12.7
0.0
2.0
0.0
14.7
0.0
0.0
0.5
32.5
25.7
0.0
0.8
0.0
0.0
22.4
0.0
0.0
0.0
0.0
16.5
0.0
0.0
0.0
0.0
0.0
0.0
0.0
0.0
0.0
0.0
24.9
16.0
1.5
0.0
0.8
1.3
0.0
1.5
2.0
0.0
0.0
1.5
18.8
2.5
2.0
0.0
0.0
0.0
0.0
0.0
0.0
0.0
0.0
0.0
0.0
0.0
16.0
0.0
0.0
0.5
0.0
0.0
0.0
6.9
2.8
0.0
0.0
0.0
0.0
0.0
0.3
0.0
0.0
0.0
0.0
1.0
1.5
0.0
0.0
0.0
0.0
2.5
1.0
34.0
0.0
0.0
5.3
0.0
0.0
0.0
0.0
0.0
0.0
0.0
0.5
17.8
0.0
0.3
0.5
0.0
0.0
0.0
0.0
0.0
0.0
5.1
0.0
0.0
0.0
0.0
0.0
0.0
17.3
0.0
0.0
0.0
1.3
0.5
0.0
0.0
0.0
0.0
0.0
3.0
8.9
0.0
2.3
0.0
0.0
0.0
0.0
0.0
6.1
0.0
0.0
0.0
0.0
0.0
0.0
0.0
0.0
0.0
0.0
0.0
0.0
1.8
2.3
0.5
0.0
0.0
0.0
0.0
7.6
4.1
0.0
0.0
2.3
0.0
0.0
0.0
0.0
0.0
0.0
0.0
0.0
0.0
0.0
1.5
0.0
0.8
0.0
0.0
13.5
0.0
0.0
0.0
0.0
2.0
0.3
0.0
15.2
0.8
1.0
0.0
0.0
0.0
0.0
0.0
0.0
0.5
0.3
0.0
0.8
0.0
0.0
0.0
0.0
0.0
0.0
5.3
0.0
0.0
0.0
1.3
0.0
0.0
0.0
0.0
0.0
0.3
0.0
0.0
0.0
0.5
1.0
0.0
0.0
0.3
0.3
17.8
3.3
0.0
0.0
0.0
0.0
0.0
0.0
0.0
0.0
0.0
16.0
1.0
0.0
0.0
0.0
1.5
6.9
0.0
0.0
0.0
0.0
0.0
0.0
0.0
0.0
0.3
0.0
0.0
19.6
14.5
4.1
27.7
4.8
0.0
0.0
7.1
0.8
0.0
0.0
0.0
0.0
3.6
0.0
0.0
0.0
5.3
0.0
6.3
0.0
1.0
40.4
23.6
0.3
0.0
0.0
0.0
0.0
0.8
0.0
41.1
0.0
0.0
0.0
0.0
36.3
6.1
0.5
10.2
2.0
2.8
10.7
0.5
7.1
0.0
0.0
0.3
35.1
2.3
18.3
0.0
18.6
0.0
0.0
0.0
0.0
0.0
0.0
0.0
35.6
3.6
49.8
0.5
0.5
4.6
0.0
0.0
0.0
0.0
5.8
0.0
4.6
7.9
8.4
0.0
0.0
0.0
0.0
0.0
0.0
0.0
0.0
0.0
0.0
0.0
0.0
4.1
0.0
0.0
2.0
0.0
0.0
3.3
20.1
0.0
0.0
0.0
0.0
0.0
0.0
0.0
1.3
5.8
0.0
0.0
0.0
0.8
0.0
0.0
0.0
0.0
0.0
0.3
0.0
3.0
0.0
0.0
0.0
0.0
0.0
0.0
0.0
0.0
31.0
0.0
16.5
3.6
0.5
0.0
0.0
0.0
0.0
0.8
20.1
0.0
0.0
0.0
0.0
0.0
0.0
0.0
0.0
0.0
0.0
0.0
0.0
0.0
0.0
0.0
0.0
0.0
0.0
0.0
0.5
0.0
0.0
0.0
0.0
0.0
0.0
0.0
0.0
0.0
0.0
0.0
4.6
0.0
0.0
0.0
0.0
0.0
6.6
17.8
0.8
0.0
1.3
7.4
0.0
0.0
0.0
0.0
4.8
0.0
0.0
0.0
0.0
0.0
3.3
0.0
0.0
0.0
0.0
14.5
20.3
0.0
0.0
8.9
4.6
0.0
0.0
0.0
0.0
20.6
6.6
0.0
7.6
3.8
0.5
1.5
0.0
0.0
0.0
1.0
0.0
0.0
0.0
0.0
0.0
1.8
17.0
1.5
2.3
0.0
0.0
0.0
0.0
6.1
1.0
0.8
28.4
0.5
0.0
58.4
8.9
22.9
0.0
0.0
0.0
0.0
0.0
0.0
0.0
0.0
0.0
3.8
2.0
8.4
0.0
0.0
0.0
0.0
0.0
4.1
0.3
0.0
0.0
8.6
0.0
0.0
0.0
0.0
0.0
0.0
0.0
0.0
0.0
0.0
0.0
0.0
0.0
6.6
0.0
0.0
0.0
0.0
0.0
0.0
0.0
0.0
1.0
0.0
1.3
5.7
0.0
0.0
0.0
0.0
0.0
0.0
0.0
0.0
3.3
6.9
0.0
0.0
0.0
0.0
2.0
0.0
0.0
1.8
0.0
0.0
4.6
1.3
1.3
4.3
1.3
0.0
13.0
12.7
0.5
0.0
0.0
0.0
0.0
0.0
0.0
0.0
0.0
16.3
3.3
0.0
0.0
10.4
0.0
0.0
25.1
0.0
0.5
0.0
0.0
0.0
0.0
17.5
1.0
0.0
0.0
13.0
0.0
0.0
0.0
0.0
0.0
0.0
0.0
0.0
0.0
11.2
2.8
0.0
0.0
0.0
0.0
4.6
8.6
0.0
5.6
6.1
0.3
0.0
2.3
0.0
0.0
0.0
3.3
5.3
20.1
0.0
7.9
0.0
11.7
0.0
0.0
0.0
2.3
0.0
0.0
0.0
0.0
0.0
0.0
0.0
0.0
12.2
0.3
0.0
0.0
0.0
22.4
3.3
0.0
1.0
1.8
0.0
0.0
0.0
0.0
0.0
0.0
0.0
0.0
1.8
0.0
0.0
0.0
0.0
0.0
0.0
1.0
1.0
8.4
0.0
0.0
0.0
0.0
0.0
0.0
0.0
0.0
0.0
16.3
7.4
0.8
11.9
2.8
11.2
0.0
0.0
0.0
0.0
0.0
28.2
0.0
0.0
0.0
4.6
29.5
5.1
1.3
28.2
6.3
0.0
46.7
0.0
0.0
0.0
1.3
0.0
0.0
0.0
0.0
5.8
0.0
2.8
0.0
0.0
0.0
0.0
0.0
0.0
0.0
26.9
0.0
14.5
46.0
0.0
0.0
0.0
0.0
3.0
0.0
0.0
0.0
4.3
3.3
0.0
0.3
0.0
0.0
15.2
0.0
0.0
0.0
0.0
0.0
0.0
0.0
7.4
15.2
7.6
0.0
0.0
0.0
0.0
0.0
0.0
8.4
0.0
0.0
0.0
0.0
0.0
0.0
0.0
0.0
3.3
0.0
0.0
0.0
9.4
9.1
1.3
0.0
0.0
0.0
22.1
0.8
0.0
0.0
0.0
0.0
2.8
1.8
0.0
0.0
17.3
1.0
0.0
0.0
11.9
0.8
0.0
0.0
0.0
0.0
0.0
4.6
0.0
0.0
0.0
0.0
0.0
0.0
18.8
0.0
0.0
0.0
0.0
0.0
6.1
0.0
0.0
0.0
0.0
0.0
0.0
0.0
0.0
0.0
0.5
0.0
0.0
0.0
12.7
10.4
0.0
0.0
0.0
6.3
9.7
0.0
0.0
0.0
0.0
0.0
10.9
0.0
0.0
0.0
0.0
0.0
0.0
1.8
0.0
0.0
0.0
0.0
2.5
0.8
0.0
0.0
0.0
0.0
0.0
0.8
0.0
8.9
0.0
0.0
0.0
0.0
0.0
0.0
0.0
8.4
5.1
1.3
0.0
0.0
0.0
0.0
0.0
0.0
4.3
0.0
2.8
0.3
0.3
3.0
0.0
0.0
17.0
0.5
0.0
0.0
0.0
0.0
0.0
0.0
0.0
0.0
0.0
0.0
0.0
0.0
0.0
0.0
0.0
0.0
0.3
0.0
5.3
0.0
0.0
0.0
0.0
0.0
0.0
0.0
0.0
0.0
0.0
0.0
2.5
1.8
0.0
0.0
0.0
0.0
0.0
1.5
10.2
0.0
0.0
0.0
0.0
0.0
10.4
0.0
0.0
0.8
0.0
0.0
6.1
0.3
0.0
0.0
2.5
0.0
0.0
0.0
0.0
0.0
0.0
1.3
7.4
1.8
0.0
3.8
0.0
32.3
20.8
0.5
0.0
0.3
17.0
14.0
7.9
0.0
0.0
0.0
0.0
2.3
0.0
0.0
0.0
0.0
15.7
1.8
0.0
0.0
0.0
0.8
0.0
0.0
0.0
0.0
1.0
21.6
0.5
14.5
56.4
5.3
0.0
0.0
28.4
5.6
0.3
0.0
0.0
0.0
0.0
13.0
0.3
0.0
0.0
0.0
0.0
0.0
0.0
43.9
12.7
13.0
0.0
0.0
1.0
0.0
0.0
0.5
0.0
0.0
0.0
0.3
0.0
0.0
0.0
0.0
0.0
0.0
0.0
0.0
0.0
0.0
0.0
0.0
0.0
0.0
4.8
0.0
1.0
7.4
0.0
0.0
7.4
0.0
10.7
0.5
0.0
0.0
2.3
0.0
0.0
0.8
18.3
0.0
0.0
0.0
0.0
0.0
0.0
0.0
0.0
0.0
38.4
0.8
0.0
0.0
0.0
0.0
0.0
0.0
0.0
0.0
0.0
1.8
15.2
0.0
0.0
0.0
18.5
7.6
0.0
0.0
0.0
0.0
0.0
0.0
2.5
0.0
0.0
0.0
0.0
0.0
0.0
15.0
0.0
0.0
0.0
0.0
0.0
1.0
0.0
0.3
0.0
0.0
17.3
0.3
0.0
0.0
0.0
0.0
1.0
15.0
0.0
0.0
0.0
0.0
0.0
0.0
2.8
0.0
0.0
0.0
0.0
0.0
0.0
0.0
0.0
0.5
0.0
0.0
0.0
0.0
7.9
0.0
0.0
0.0
0.0
0.0
0.0
0.0
0.0
0.0
0.0
0.0
0.0
0.0
0.0
0.8
31.8
12.7
9.9
4.3
0.0
7.1
25.4
1.0
0.0
0.0
6.3
0.3
0.0
0.0
0.0
0.0
0.0
0.0
14.7
6.1
1.3
0.0
0.0
0.0
0.0
0.8
0.0
0.0
0.3
0.0
0.0
0.5
6.1
0.3
0.0
0.0
0.0
0.0
1.3
0.0
0.0
7.1
2.5
0.0
2.8
4.8
0.0
0.0
0.0
0.0
0.0
0.0
0.0
0.0
0.0
0.0
0.0
0.0
0.0
0.0
0.0
1.5
0.0
0.0
0.0
0.0
0.0
0.0
0.0
0.0
0.0
0.0
0.0
0.0
2.0
0.0
0.0
0.0
0.0
1.0
1.3
2.5
0.0
0.0
0.0
0.0
0.0
1.8
0.0
0.0
0.0
0.0
0.0
0.0
0.0
2.3
0.0
0.0
0.0
0.3
0.0
0.0
1.3
0.0
0.0
0.0
0.0
0.0
0.0
7.1
3.0
0.0
0.0
0.0
0.0
0.0
0.0
0.0
0.0
0.0
0.0
0.0
0.0
0.5
1.0
0.0
0.0
0.0
0.3
6.3
0.0
0.0
0.0
0.0
0.3
0.0
1.0
13.5
25.4
54.6
1.0
2.0
6.3
6.9
0.0
0.0
0.0
14.0
2.0
0.0
0.0
8.4
6.1
0.5
0.0
0.0
0.0
0.0
0.0
0.0
0.0
0.0
0.0
6.3
0.0
0.0
0.0
0.0
0.0
0.0
23.4
10.4
0.0
18.5
0.0
1.3
0.3
0.0
0.0
4.6
4.3
0.5
0.0
0.0
0.0
0.0
8.1
0.0
0.0
0.0
0.0
39.9
3.3
0.0
0.3
0.0
0.0
0.0
0.0
0.0
0.0
2.5
0.0
0.0
0.0
0.0
0.0
0.0
0.0
0.0
14.0
3.6
0.0
0.0
2.0
0.0
0.0
7.1
0.0
0.0
0.0
0.0
0.8
9.9
0.0
0.0
1.0
0.0
2.8
0.0
0.0
0.0
0.0
32.8
0.0
0.0
0.0
29.7
1.8
0.0
0.0
0.0
0.0
0.0
0.0
0.0
0.0
0.0
11.9
19.8
37.3
0.0
0.0
0.3
0.0
0.0
0.0
0.0
7.1
5.8
28.7
2.3
0.0
0.0
2.8
0.0
0.0
15.5
0.0
0.0
0.5
0.0
0.0
0.0
9.4
0.0
9.4
0.0
0.0
0.0
0.0
0.0
6.9
26.2
0.0
0.0
0.0
0.0
3.3
0.0
0.0
0.0
0.0
0.0
0.0
0.0
0.0
4.3
70.4
0.5
3.3
0.0
0.0
0.0
0.0
0.0
6.1
1.8
0.0
1.3
0.0
0.0
0.0
0.0
0.0
1.3
21.1
0.3
0.0
20.3
5.8
0.0
0.0
5.3
15.5
0.0
0.0
0.0
20.3
2.0
0.0
0.0
0.0
0.0
0.0
0.0
0.0
0.0
103.4
7.9
0.0
0.0
0.0
0.0
0.0
0.0
0.0
0.0
0.0
0.0
0.0
0.0
0.0
0.0
0.0
7.1
2.3
0.0
0.0
0.0
0.0
0.0
0.0
0.0
0.0
0.5
1.5
2.3
24.4
0.0
0.0
2.5
0.0
4.3
0.0
4.8
0.0
0.0
0.0
0.0
0.0
0.3
0.0
0.0
0.0
0.0
15.0
3.0
0.0
0.0
0.0
7.9
6.9
6.1
0.5
0.3
4.3
3.8
0.0
0.0
6.6
0.0
0.0
0.0
2.5
0.0
10.4
0.5
0.0
0.0
0.0
0.0
0.0
0.0
0.0
11.4
0.0
8.9
0.0
0.0
0.0
0.0
14.0
15.2
0.5
0.3
0.3
0.0
3.0
0.0
0.0
0.0
0.0
0.0
0.0
13.2
0.0
0.0
0.0
0.0
0.0
0.5
0.3
0.0
0.0
0.0
0.0
0.0
6.9
11.2
0.0
0.0
28.7
