20000101
0.0
0.0
0.0
12.1
0.0
0.0
0.0
0.0
1.1
0.0
0.0
0.0
0.0
0.0
0.0
0.0
0.0
0.0
0.0
8.2
0.0
0.0
3.0
0.0
0.0
0.0
0.0
0.0
0.0
6.4
0.0
0.0
0.0
0.7
0.0
0.0
0.0
0.0
0.0
0.0
2.6
1.5
0.0
0.0
0.8
0.0
0.0
0.0
28.8
2.3
0.0
0.0
0.0
0.0
2.1
0.0
1.8
8.5
0.0
0.0
2.4
0.0
0.0
0.0
0.0
0.0
0.0
0.0
0.4
0.0
1.0
5.2
0.0
0.0
0.6
0.3
0.0
0.0
6.4
16.8
2.5
0.0
0.0
0.0
0.0
0.0
3.6
0.0
0.0
0.0
0.0
0.0
0.0
0.0
0.0
0.0
0.0
0.0
2.7
0.0
0.0
10.0
0.0
0.0
0.0
0.0
0.0
21.8
0.0
0.0
2.7
8.1
0.0
0.0
11.2
0.0
0.0
0.0
0.0
0.4
0.0
0.0
6.6
0.0
3.2
0.0
0.0
0.8
0.7
6.1
6.8
0.0
0.0
12.1
0.0
0.0
0.0
0.5
1.6
9.2
0.0
0.0
7.2
1.8
0.0
0.0
0.0
39.2
15.0
0.0
0.0
0.0
0.0
0.0
0.0
0.0
19.4
0.0
0.0
0.0
0.0
0.0
2.3
8.9
11.5
3.9
8.9
0.0
1.6
2.1
0.0
1.7
35.5
0.6
0.0
16.6
8.9
4.7
1.1
0.0
0.5
0.0
0.0
0.0
2.0
0.0
25.4
0.0
0.0
0.0
0.0
0.0
28.6
0.0
0.0
0.0
0.0
0.0
0.0
0.0
1.8
0.0
0.0
0.0
0.0
0.0
0.0
0.0
0.0
0.7
0.0
1.4
4.5
0.9
0.0
6.1
0.0
0.0
10.4
1.5
0.3
0.8
0.0
0.0
0.0
0.0
0.0
0.0
0.0
0.9
6.7
0.7
0.0
0.0
4.5
31.4
6.1
0.0
0.0
12.0
0.8
2.6
0.0
0.0
0.0
0.0
0.0
0.0
0.0
0.0
0.0
0.0
0.0
4.3
24.6
18.2
0.0
0.0
2.0
0.0
0.0
0.0
0.0
0.0
5.1
2.2
4.5
12.0
12.9
11.2
0.0
0.0
0.0
0.0
0.0
0.0
0.0
11.6
27.1
6.8
0.0
0.0
0.0
0.0
0.0
0.0
0.0
2.2
11.5
0.0
1.8
0.0
0.0
0.0
0.0
0.0
0.4
0.0
0.0
0.0
0.0
0.0
0.0
0.0
0.0
0.3
0.5
1.0
0.0
0.0
0.0
19.6
0.0
10.4
26.4
0.0
0.0
10.0
0.0
0.0
0.0
0.0
0.0
0.0
0.0
0.0
0.0
0.0
0.0
4.9
10.8
0.0
0.0
0.9
0.1
0.0
1.2
0.0
0.0
0.0
0.0
0.0
0.0
0.0
0.0
9.0
14.2
2.8
6.3
0.0
0.7
1.3
0.0
1.9
0.0
1.1
0.0
0.0
0.0
0.0
0.0
0.6
0.0
1.6
1.7
0.0
0.4
0.0
0.0
0.0
0.0
0.0
0.0
0.0
0.0
0.0
0.0
1.1
0.0
0.8
0.0
0.0
0.0
0.0
0.0
0.0
0.0
0.0
0.0
0.0
0.0
0.7
4.2
0.0
12.9
8.9
1.2
0.0
0.0
0.0
0.0
0.2
0.0
0.0
0.0
5.2
14.8
0.0
0.0
0.0
10.4
3.0
0.0
0.0
0.0
0.0
0.0
0.0
2.2
0.0
8.4
40.4
0.0
0.0
0.0
0.0
0.0
0.0
0.0
0.0
0.0
0.0
0.0
0.0
0.0
0.0
0.3
1.9
0.3
4.1
8.6
3.3
0.0
0.0
0.0
0.0
0.0
0.0
0.0
0.0
0.0
0.0
0.0
0.2
0.0
0.0
2.8
0.0
0.0
0.0
0.0
4.2
0.0
0.0
0.7
4.9
20.7
0.0
0.0
0.0
4.8
0.2
0.0
0.0
0.0
3.6
1.1
0.0
0.1
2.0
0.1
0.9
0.0
0.0
0.0
0.0
2.9
0.0
0.0
0.0
6.0
0.0
0.4
3.9
0.0
0.0
8.3
0.0
0.0
1.0
0.0
0.0
5.6
12.9
1.2
0.3
1.7
2.8
1.6
4.4
4.2
4.6
7.2
0.0
0.0
0.0
4.3
7.0
4.2
1.1
5.9
11.3
27.5
1.2
0.0
0.0
0.0
0.0
0.0
0.0
0.0
2.1
0.0
0.0
0.0
0.0
1.4
8.9
5.9
0.0
0.0
0.0
0.0
0.0
0.0
0.0
0.0
0.0
0.4
0.0
27.2
9.9
0.0
0.0
0.0
11.6
0.0
0.0
0.0
0.0
0.0
0.0
0.0
0.0
8.3
6.1
0.0
0.4
0.0
0.7
11.8
0.0
1.1
0.0
0.0
11.5
0.2
0.0
0.0
0.0
21.4
0.0
0.0
0.0
0.0
0.0
0.0
0.0
0.0
0.0
0.0
0.0
0.0
3.2
0.0
0.0
13.6
0.0
0.0
1.6
28.1
1.1
9.2
1.7
0.0
0.0
0.0
0.0
25.8
0.0
0.0
0.0
0.0
0.0
0.0
6.3
9.1
19.2
5.7
0.0
0.0
0.0
0.0
0.0
0.0
0.0
1.7
12.7
0.8
2.1
0.0
0.0
0.0
0.0
0.0
0.0
0.0
0.0
0.0
0.0
0.0
0.0
0.0
17.6
9.7
0.0
0.0
0.0
5.3
10.6
25.9
4.0
35.2
4.6
12.7
0.2
0.0
0.0
0.0
0.0
1.9
7.5
5.0
19.8
0.0
0.0
0.0
0.0
0.0
0.0
0.0
4.5
1.0
0.0
0.0
0.0
0.0
0.0
0.8
0.0
0.0
0.0
0.0
0.0
0.0
0.0
0.0
0.0
1.1
0.0
0.0
0.0
0.0
5.3
5.8
0.0
1.4
6.8
8.4
14.4
0.0
0.0
0.0
0.0
0.0
2.1
0.0
0.0
0.0
0.0
0.0
1.8
9.9
5.3
4.4
2.9
18.4
2.8
0.0
0.0
0.0
0.0
4.4
0.0
0.0
0.0
0.0
0.0
0.0
0.0
0.0
0.0
0.0
0.0
0.0
0.0
1.0
0.0
0.0
0.0
0.0
0.0
0.0
0.0
0.0
0.0
0.0
0.0
0.0
0.0
0.0
0.0
0.0
0.0
0.8
0.0
0.0
0.0
0.0
0.0
17.3
35.1
14.6
0.0
0.0
0.0
0.0
0.0
0.0
0.0
0.0
0.3
4.7
0.0
0.0
0.0
0.0
0.0
0.0
0.0
5.6
31.4
1.8
0.0
0.0
0.0
0.0
11.7
0.7
0.0
0.0
1.1
11.5
0.0
0.0
0.0
0.0
0.0
15.2
4.1
0.0
0.7
0.0
0.0
0.0
8.9
2.0
0.0
0.8
2.8
0.0
0.0
0.0
0.0
23.3
10.9
1.2
0.0
0.3
0.8
0.0
0.0
0.0
1.3
0.0
0.0
0.0
0.0
2.4
13.6
0.0
0.0
0.0
8.5
0.0
0.0
0.0
0.0
0.0
0.0
9.2
25.1
4.8
0.0
0.0
15.7
0.0
0.0
41.7
0.0
0.0
0.0
4.8
0.0
0.0
0.0
13.6
18.7
3.2
15.8
0.0
4.9
35.8
25.4
3.6
0.0
0.5
22.0
6.2
0.0
0.0
0.0
0.0
0.0
2.7
2.1
0.0
0.0
6.9
6.2
0.0
0.0
0.0
0.0
0.0
0.0
14.5
2.6
0.0
0.0
0.0
1.1
2.4
38.0
7.4
5.6
5.8
2.8
0.0
0.0
0.0
0.0
0.0
0.0
0.0
0.0
16.2
0.3
0.0
0.0
0.0
0.0
0.0
0.0
0.0
0.0
0.0
0.0
0.0
0.0
0.0
0.0
0.0
0.0
0.0
0.0
0.0
0.0
0.0
0.0
1.0
19.0
0.0
0.5
25.1
0.0
0.0
0.0
8.9
0.4
2.6
0.4
0.0
0.0
0.0
0.0
0.0
0.0
0.0
0.0
0.0
0.0
0.0
0.0
0.0
0.2
0.7
10.2
17.3
3.4
0.0
38.9
15.9
0.0
0.0
43.0
10.5
5.2
0.0
27.0
0.0
0.0
0.0
0.0
0.0
0.0
0.0
0.0
0.0
0.0
0.0
0.0
0.0
0.0
0.1
0.0
0.0
0.0
2.7
2.9
0.0
7.4
0.0
12.8
9.6
0.0
0.0
0.0
0.0
0.0
0.4
0.0
0.0
0.0
0.0
0.0
0.0
0.0
16.0
0.0
0.0
0.0
0.0
0.0
0.0
0.3
2.6
0.0
0.0
0.0
0.0
0.0
28.1
0.0
0.0
0.0
0.0
0.1
5.2
10.1
0.0
0.0
7.3
8.1
1.1
0.0
0.0
0.0
2.5
0.7
8.7
0.0
0.0
0.0
2.1
0.0
0.0
0.0
0.0
2.2
0.0
0.0
0.0
0.6
0.0
0.0
3.5
0.0
0.0
1.1
0.0
0.0
0.0
0.0
0.0
0.0
0.0
0.0
0.0
0.0
0.0
0.0
0.0
0.0
0.0
0.0
0.0
0.0
0.0
0.0
0.0
0.0
10.7
13.4
4.4
0.8
0.0
0.0
14.5
1.5
0.8
0.0
0.5
0.5
0.0
0.3
0.0
3.3
0.0
3.6
0.3
0.3
0.5
0.0
0.0
0.0
0.3
0.8
0.0
0.5
0.5
7.6
0.5
1.0
0.5
1.5
1.0
0.8
0.0
0.5
0.3
1.8
0.0
3.0
1.0
0.8
4.6
0.0
0.5
1.8
0.0
0.5
0.3
0.0
0.0
0.5
2.0
2.8
0.0
0.3
12.2
10.9
0.0
0.0
0.3
0.3
1.0
1.0
4.3
1.0
1.3
1.0
0.0
0.3
0.5
1.8
0.3
0.0
1.5
4.3
0.3
0.0
0.8
0.0
0.8
1.0
0.5
24.1
0.8
0.5
0.5
1.5
0.3
6.9
1.8
0.8
0.3
0.5
1.0
2.0
1.3
0.3
7.1
1.5
1.3
0.8
0.0
0.0
0.0
3.6
0.0
6.6
3.3
0.0
0.0
0.3
0.5
0.0
0.8
0.0
0.0
0.8
4.1
0.8
1.0
8.4
0.0
0.5
1.3
6.3
4.3
1.3
1.5
1.3
2.5
0.8
4.1
0.3
1.8
27.9
1.0
5.6
0.8
2.5
7.6
18.0
0.0
0.0
1.0
9.1
5.6
1.0
1.8
0.0
0.3
8.9
0.8
1.0
1.0
1.5
0.3
1.3
1.0
2.3
0.5
18.3
0.0
1.0
8.1
1.5
0.8
1.5
9.9
1.8
0.8
0.8
5.6
51.6
0.0
8.6
0.3
0.3
0.3
0.3
0.3
2.0
0.0
0.0
0.0
0.0
0.0
0.0
2.3
0.0
0.3
6.1
0.0
0.0
0.0
0.0
0.0
0.0
0.3
0.0
22.1
54.6
5.3
0.0
0.8
0.5
0.5
0.3
0.0
0.5
16.3
0.3
0.0
19.6
1.5
0.5
0.5
0.5
0.3
0.0
8.4
0.5
0.5
0.5
0.0
9.1
1.3
0.8
0.5
0.5
0.5
0.5
0.3
0.3
0.5
0.0
0.0
0.3
0.5
0.5
0.5
0.3
0.3
0.0
0.3
0.3
0.5
0.3
0.8
0.5
0.5
0.0
22.9
0.0
68.3
38.6
0.0
0.3
0.0
0.0
0.0
0.0
0.0
0.0
0.0
0.0
0.0
1.3
2.6
0.0
0.0
0.0
0.0
0.0
0.0
1.0
16.0
0.0
0.8
0.3
29.7
0.0
0.0
0.0
0.0
0.0
0.0
3.6
0.0
0.0
0.0
0.0
0.0
0.0
0.3
0.0
0.0
0.3
16.5
0.5
0.0
0.5
0.5
0.0
0.0
0.0
0.0
0.3
0.5
7.9
0.3
0.0
0.5
0.3
0.0
0.0
2.8
0.0
0.3
4.1
5.8
1.3
0.5
0.3
0.5
2.0
2.3
0.0
0.0
0.0
1.0
1.0
7.9
72.4
0.3
0.8
1.0
0.0
19.8
0.0
0.0
1.5
0.0
0.0
0.0
0.0
0.0
0.0
0.3
0.8
6.3
0.0
0.0
0.0
0.0
5.6
0.0
0.0
0.3
1.0
0.0
0.0
0.0
4.3
0.3
0.0
0.0
17.8
11.2
0.0
0.0
0.0
0.0
20.3
7.6
0.0
0.0
0.0
0.0
15.2
21.3
0.0
0.0
0.0
0.0
0.0
0.0
0.0
0.0
0.0
0.0
0.0
1.0
8.1
0.0
0.0
0.0
0.0
0.0
0.0
0.0
3.0
0.5
2.8
0.0
2.0
0.0
0.0
0.0
4.8
1.0
0.0
2.5
0.5
0.3
0.0
0.0
0.0
0.0
0.0
0.0
0.0
0.0
0.0
0.0
0.0
0.0
1.5
0.0
0.0
0.3
0.0
0.0
0.0
0.0
0.3
1.0
0.8
0.0
0.5
31.8
4.3
0.3
0.0
0.0
0.0
0.0
0.0
0.0
0.5
2.0
1.0
4.1
1.3
0.3
0.0
0.0
0.0
0.0
0.0
1.0
18.5
72.6
0.5
14.0
0.5
23.9
1.3
0.0
0.0
0.0
0.0
0.0
0.0
0.0
0.0
0.0
0.0
0.0
0.0
0.0
0.0
0.0
0.0
0.0
0.0
0.0
15.0
0.0
10.9
0.0
5.8
0.5
0.0
0.0
0.0
0.0
2.3
6.3
5.8
0.0
0.5
0.0
0.0
0.0
0.0
0.0
3.3
0.5
5.3
21.6
13.0
0.0
0.0
0.0
17.5
0.0
0.0
0.0
0.0
0.3
5.1
6.1
0.5
0.0
0.0
0.0
4.6
0.5
0.0
1.8
0.0
0.0
0.0
0.0
0.0
0.0
1.0
32.5
9.4
0.0
0.0
0.0
22.4
10.7
0.0
0.0
0.0
0.0
0.5
0.0
0.0
0.0
10.9
0.3
0.0
0.0
0.0
0.0
0.0
4.8
19.3
0.0
0.3
2.8
0.0
0.0
76.2
4.6
0.8
0.0
45.0
0.0
0.0
0.0
0.0
0.0
0.3
0.0
0.0
0.5
0.0
0.0
0.0
0.0
0.0
0.0
0.0
12.7
0.0
0.0
0.3
0.3
3.6
0.0
0.0
0.0
0.0
9.9
0.3
0.0
0.0
0.3
0.0
0.0
0.0
0.0
1.3
1.3
13.2
0.0
0.0
0.0
2.5
42.2
8.4
4.1
23.6
1.0
0.5
0.0
0.0
0.3
0.0
0.8
0.0
0.0
0.3
0.0
0.3
0.3
0.0
0.3
0.0
23.4
0.3
0.0
0.0
0.3
0.0
0.3
0.3
0.0
0.0
0.0
0.0
0.3
0.0
0.0
0.0
0.0
0.5
0.0
0.0
0.0
0.0
0.0
3.6
6.9
0.5
0.0
0.0
3.0
0.0
1.8
1.3
0.0
0.0
34.0
0.3
0.0
0.0
0.3
18.5
0.0
0.0
19.0
0.5
1.5
3.8
4.8
0.3
26.4
1.3
4.1
1.3
0.0
0.0
0.0
0.0
0.0
0.0
6.3
0.0
0.0
0.0
0.3
0.0
0.0
16.0
4.8
0.0
0.0
0.5
0.0
35.8
0.3
0.3
19.3
0.0
9.7
16.3
0.3
0.0
0.0
0.0
6.1
1.8
22.9
0.0
0.0
0.5
0.0
0.0
0.0
0.0
0.0
0.0
0.0
0.0
0.0
0.0
0.0
0.0
0.0
0.0
1.3
0.0
0.0
0.0
0.0
0.0
0.0
1.8
3.8
27.9
14.5
26.2
1.5
2.5
0.8
0.0
2.0
25.4
0.0
48.5
0.0
0.0
0.5
0.3
0.0
0.0
0.0
0.0
1.3
0.8
0.0
0.3
0.0
0.0
0.0
8.1
0.0
0.3
0.3
0.3
0.0
0.8
0.3
2.8
10.2
0.5
1.5
0.0
0.0
0.3
24.4
0.8
4.1
0.0
0.0
0.0
1.5
3.3
0.0
0.0
0.5
0.0
0.0
0.0
0.0
1.5
0.0
0.0
0.5
0.5
0.0
0.3
1.8
0.0
0.0
2.0
0.3
0.0
0.3
0.3
0.5
0.0
0.3
0.3
0.0
0.0
0.0
12.7
18.3
12.2
3.8
0.0
0.0
0.0
0.0
5.3
0.0
2.8
0.3
0.5
0.0
0.0
0.5
0.0
0.0
0.0
0.0
0.0
19.3
1.3
0.0
0.0
0.3
0.3
0.5
0.0
33.0
6.6
2.8
0.3
0.0
1.8
3.0
0.0
0.3
2.3
0.0
0.0
0.0
0.3
0.5
0.0
0.3
0.3
0.3
0.0
0.3
2.3
0.0
3.6
0.3
0.0
0.3
0.0
0.0
22.6
0.0
0.5
0.3
0.0
0.0
0.0
0.5
0.0
0.3
0.3
0.3
0.0
0.5
0.5
0.0
0.0
0.0
0.3
0.0
1.0
0.0
3.6
0.3
0.0
2.8
48.5
0.5
0.0
0.0
0.0
0.0
0.0
0.0
0.0
0.3
0.0
0.0
0.3
0.0
29.7
0.3
0.3
0.0
0.0
0.0
2.3
0.8
0.0
0.3
0.0
0.0
0.0
4.3
13.7
6.3
7.6
7.9
0.0
0.0
10.9
0.3
0.0
7.9
0.0
0.0
0.0
0.0
20.6
0.0
0.0
0.0
0.0
0.0
0.3
0.3
0.0
2.0
5.6
0.0
0.0
0.0
0.0
0.0
0.5
8.1
3.0
7.6
1.8
0.0
0.0
17.8
45.2
0.0
1.8
0.5
0.0
0.3
1.0
0.3
0.3
0.3
0.0
0.3
0.5
0.0
0.0
0.0
0.3
0.3
0.3
0.8
0.5
0.3
0.0
0.0
0.5
0.3
13.5
37.6
0.0
0.0
1.0
14.0
6.6
0.0
0.5
13.2
0.8
42.9
0.5
0.3
10.7
0.0
0.0
0.0
0.0
0.3
0.0
0.5
0.3
0.0
0.3
0.0
0.0
0.0
0.3
0.0
0.5
0.0
0.0
0.3
0.5
0.0
23.9
4.3
0.0
0.0
0.0
0.0
0.3
0.0
0.0
0.0
0.3
38.1
0.5
0.0
0.0
0.0
6.3
4.3
0.0
0.3
0.0
0.0
0.0
0.0
0.0
6.3
14.2
0.0
0.0
0.5
0.0
0.0
0.0
0.0
0.0
0.0
0.0
0.0
9.1
21.1
0.0
0.0
3.3
0.0
2.3
0.0
0.0
0.0
0.0
8.4
0.0
0.0
0.0
0.0
0.0
3.8
0.3
0.0
0.3
0.8
0.0
0.0
0.0
0.0
0.0
0.0
2.8
0.0
0.0
6.9
0.0
7.4
0.0
0.0
0.5
0.0
0.0
0.0
0.0
0.0
0.0
0.0
1.5
1.3
0.0
5.6
0.0
0.0
0.8
6.6
0.0
0.0
8.6
0.5
0.0
0.0
0.0
0.0
0.3
0.0
15.5
4.8
0.5
0.0
0.0
0.0
1.8
0.0
0.0
0.0
0.0
0.0
0.0
0.0
0.3
0.0
0.0
0.0
7.6
10.9
0.0
0.0
0.0
0.0
0.0
0.0
0.0
0.0
0.0
0.0
0.0
0.0
0.0
0.0
0.0
0.0
2.3
0.3
0.3
16.3
22.1
1.3
31.0
0.8
1.5
0.0
0.0
0.0
0.0
0.0
0.5
0.0
4.6
0.3
0.3
0.0
0.3
0.3
6.6
0.5
0.5
0.0
2.8
0.0
13.7
2.5
0.0
0.0
33.5
1.0
0.0
0.0
0.3
0.8
0.0
0.8
3.3
0.5
34.0
0.0
0.3
11.2
0.5
0.3
0.5
0.0
0.8
2.8
0.5
0.0
0.0
1.3
11.7
6.9
0.0
0.0
1.0
0.0
0.0
0.0
0.0
0.0
0.0
14.6
1.5
1.0
0.3
11.2
0.0
7.6
0.0
0.0
0.0
0.0
0.0
0.0
3.8
0.5
0.0
0.0
0.0
0.0
3.0
10.9
2.5
0.0
0.0
0.0
0.0
0.0
0.0
0.0
0.0
7.9
3.8
0.0
0.0
0.0
0.0
0.0
0.8
8.4
0.0
0.0
0.0
0.0
0.0
0.0
13.7
2.3
0.0
0.0
0.0
7.1
0.0
0.3
1.3
13.7
0.0
0.0
0.0
0.0
1.8
0.0
31.2
16.8
0.0
0.0
0.0
0.0
0.0
0.0
0.0
6.3
12.2
0.0
0.0
0.0
0.0
77.7
46.0
0.0
0.0
0.0
0.0
0.0
0.0
0.8
0.0
0.0
0.0
1.8
0.5
25.4
1.8
0.0
0.0
0.0
4.1
0.0
0.0
0.0
21.1
7.1
0.0
0.0
0.0
0.0
0.0
0.0
0.0
0.6
15.2
0.8
0.4
0.0
0.0
0.0
0.0
0.3
1.3
0.0
1.5
0.0
0.0
0.0
3.6
0.8
0.0
0.0
0.0
0.0
4.6
1.0
0.0
0.0
0.0
3.0
0.0
0.0
0.0
0.0
0.0
0.0
0.0
0.0
0.0
0.0
4.6
1.5
0.0
0.0
0.0
0.0
0.0
0.0
7.1
0.0
0.0
0.0
0.0
42.7
4.8
0.0
0.0
0.0
3.3
0.3
0.0
0.0
0.3
9.7
4.8
0.0
0.0
0.0
0.0
0.0
0.0
0.0
0.5
0.0
1.5
0.0
0.0
0.0
10.2
0.0
0.0
0.0
5.8
7.9
6.1
0.0
0.0
0.5
0.0
0.0
0.0
0.0
0.0
0.0
0.0
0.0
0.0
0.0
38.1
7.4
0.0
0.0
0.0
0.0
0.0
0.0
0.0
0.0
0.0
12.2
2.5
0.0
0.0
0.0
0.0
5.3
0.8
0.0
6.1
13.7
14.5
0.0
0.0
0.5
0.0
0.0
0.0
0.0
1.8
21.6
0.0
0.0
0.0
11.7
1.3
0.0
3.3
0.0
0.0
0.0
0.0
14.2
10.4
20.6
2.8
0.0
0.0
0.0
0.0
0.0
4.6
0.0
2.0
0.0
0.0
0.0
0.0
0.0
0.0
0.0
0.0
0.0
0.0
0.0
0.0
0.0
8.4
0.0
0.0
0.0
0.0
0.0
3.6
7.6
0.0
0.0
1.3
6.1
0.0
0.3
0.0
0.0
0.0
0.0
15.7
1.3
0.0
0.0
3.0
4.6
0.0
0.0
0.0
0.0
0.0
0.0
0.0
0.5
0.0
0.0
0.0
0.0
8.1
0.0
0.0
0.0
0.0
9.1
0.3
0.8
8.1
9.9
1.0
0.0
0.0
0.0
5.8
0.0
3.8
1.0
0.0
0.0
10.4
0.0
0.0
0.0
0.0
0.0
0.0
3.3
14.7
0.0
0.0
7.1
0.0
0.0
0.0
0.0
0.0
0.0
0.0
0.0
0.0
3.0
10.4
8.9
0.0
0.0
0.0
0.0
0.0
0.0
0.0
1.3
0.0
0.0
0.0
0.0
0.0
0.0
0.0
0.0
0.0
0.0
11.2
0.0
0.0
0.0
0.0
0.0
0.0
0.0
0.0
0.0
0.0
4.8
7.9
0.0
0.0
0.0
0.3
0.0
0.3
13.5
1.0
0.0
0.0
0.0
0.0
0.0
0.0
0.0
0.0
0.0
0.0
0.0
0.0
0.0
9.1
0.5
0.0
12.4
5.6
35.1
0.0
0.0
46.7
4.8
17.8
0.0
0.0
0.0
0.0
0.0
4.1
0.3
0.0
0.0
0.0
18.3
0.0
0.0
0.0
0.5
0.0
0.0
0.0
43.9
2.5
4.8
0.0
0.0
0.0
0.0
0.0
0.0
0.0
13.0
0.0
0.0
0.0
0.0
0.0
0.0
0.0
8.9
0.0
0.0
0.0
0.0
0.0
0.0
0.0
0.0
0.0
5.3
0.0
5.1
0.0
3.6
0.0
12.2
0.0
0.0
0.0
1.5
0.5
0.0
0.0
0.0
0.0
0.0
0.0
0.0
0.0
0.0
0.0
0.0
10.7
7.1
35.1
0.0
2.8
0.5
0.0
0.0
0.0
0.0
0.0
0.0
0.0
0.0
0.0
0.0
0.0
0.0
0.0
3.3
0.5
0.0
0.0
0.0
2.0
0.8
10.9
3.8
0.0
0.0
0.0
0.0
1.8
0.0
0.0
0.0
0.0
0.0
0.0
5.1
7.9
21.1
6.9
0.0
0.0
0.0
6.9
2.0
0.0
0.0
9.4
0.5
0.0
0.0
0.0
0.0
0.0
0.0
0.0
0.0
0.0
0.0
0.0
0.0
0.0
0.0
1.8
8.4
0.0
0.0
0.0
0.0
0.0
0.8
0.0
0.0
56.9
0.0
0.0
0.0
2.3
7.9
0.0
0.3
0.0
0.0
2.8
8.4
0.0
0.0
1.0
4.3
0.8
2.0
12.2
0.0
12.7
0.3
0.0
0.0
11.7
1.5
0.0
0.0
0.0
0.3
0.0
2.0
3.8
0.0
0.0
2.5
1.3
4.8
0.0
0.0
1.5
0.3
0.0
0.0
0.0
3.3
0.0
4.1
34.3
0.0
5.1
0.0
0.0
0.0
0.0
0.0
0.0
0.8
0.0
0.0
0.0
0.0
0.8
0.3
0.0
0.0
0.0
0.0
0.0
9.4
0.0
7.4
3.3
0.0
13.0
5.1
68.3
1.8
0.0
1.8
0.0
0.0
0.5
0.0
0.0
0.0
0.0
4.3
21.6
0.0
0.5
0.0
2.3
6.6
0.0
0.0
3.0
1.0
0.0
2.3
0.0
0.0
0.3
9.9
9.4
0.0
0.0
0.0
0.0
0.0
0.8
0.0
0.0
1.5
0.5
0.8
0.0
16.0
12.7
6.1
0.0
0.0
0.0
0.0
0.0
0.0
0.5
14.5
0.0
0.0
1.3
9.7
0.0
0.0
1.0
0.0
0.0
0.0
0.0
2.3
0.0
25.7
0.0
1.5
0.3
0.0
0.0
0.0
0.0
3.8
0.0
0.0
0.0
0.0
0.0
0.3
8.9
0.0
1.0
3.6
0.0
0.0
0.0
2.5
0.0
0.0
0.0
0.0
8.9
10.4
0.0
5.8
16.5
0.0
7.1
1.5
21.6
0.0
0.0
0.0
6.9
3.6
0.0
0.0
16.8
0.0
0.3
1.0
0.0
0.0
0.0
22.4
0.0
0.0
0.8
113.3
36.3
0.0
1.5
27.7
0.0
3.0
4.6
0.0
0.0
0.0
0.0
1.0
0.0
0.0
0.0
0.0
0.0
2.5
0.0
0.0
0.0
1.0
0.0
9.4
0.0
0.0
2.3
0.0
1.0
1.5
15.7
0.0
0.0
39.6
35.3
0.0
0.0
1.0
36.6
0.0
0.0
0.0
0.0
0.0
0.0
6.1
0.0
24.1
0.0
0.0
0.0
0.0
0.0
1.0
0.0
23.1
0.8
0.0
0.0
0.0
0.5
0.0
3.6
0.0
0.0
0.0
0.0
0.0
0.0
0.0
0.8
0.0
0.0
0.0
0.0
0.0
0.0
0.0
0.5
3.8
0.0
0.0
0.0
0.0
0.0
17.8
0.0
0.0
0.0
0.0
0.0
46.7
59.7
0.0
0.0
2.8
7.6
0.0
0.0
5.6
15.7
0.3
99.8
0.0
0.0
0.0
0.0
0.0
7.9
1.5
0.0
0.0
0.0
0.0
0.0
0.0
0.0
2.3
0.0
0.0
0.0
0.0
0.0
0.0
0.0
19.8
14.2
0.0
0.0
0.0
0.0
0.0
0.0
17.5
0.0
1.8
0.0
0.0
0.0
0.0
0.0
24.9
10.9
0.0
0.0
0.0
0.0
0.0
0.0
0.0
0.0
0.0
0.0
0.0
0.0
1.8
0.0
0.0
0.0
0.0
2.3
1.5
0.0
8.1
2.8
0.0
0.0
0.0
0.0
0.0
0.0
0.0
1.0
1.8
0.0
0.0
0.0
0.0
0.0
7.1
0.0
0.0
0.0
0.0
0.0
0.3
0.0
0.3
10.7
0.0
0.0
0.0
0.0
0.8
1.3
2.8
0.0
12.4
20.8
0.0
0.0
0.0
23.9
7.1
0.0
0.5
38.4
0.0
0.0
0.0
0.0
0.0
0.0
0.0
0.0
0.0
0.3
0.0
0.0
0.0
1.0
0.3
0.0
0.0
4.3
0.0
0.0
0.0
0.5
0.0
0.0
0.0
0.0
0.0
0.0
1.8
0.0
6.9
2.8
0.0
0.0
0.0
0.0
0.0
0.5
0.0
0.0
0.0
0.0
0.0
2.8
0.0
21.1
0.0
0.0
0.8
0.0
0.0
0.0
1.5
0.0
0.0
0.3
0.0
0.0
0.0
0.0
8.9
0.3
0.0
0.0
0.0
0.0
0.0
0.0
0.0
7.9
1.0
3.8
19.8
0.0
0.0
0.0
0.0
0.0
0.0
0.0
0.0
0.0
0.0
0.0
0.0
0.0
15.2
0.0
0.0
0.0
11.2
2.5
0.0
10.2
0.0
17.3
0.0
0.0
15.5
1.3
0.0
0.0
1.8
10.7
0.0
0.0
19.3
2.0
0.0
0.0
0.0
0.3
21.3
1.0
1.8
0.0
0.0
0.0
0.0
0.0
42.9
3.8
0.0
25.4
3.0
0.0
0.0
0.0
0.0
0.0
16.0
6.3
0.0
0.0
0.0
5.6
49.3
2.8
48.5
0.0
0.0
0.0
0.0
0.0
0.0
0.0
0.0
0.0
14.2
0.8
0.0
4.8
0.0
2.3
0.0
0.0
9.4
4.8
0.0
0.0
0.0
0.5
1.5
0.0
5.8
7.4
0.0
0.0
0.0
40.6
5.1
0.0
23.6
23.4
0.0
0.0
1.8
0.0
0.0
1.3
0.0
2.8
0.0
0.0
0.0
0.0
0.0
0.0
34.0
0.5
0.0
21.8
40.4
0.0
0.0
0.0
0.5
0.0
0.0
14.5
0.0
0.0
0.0
0.0
0.0
0.0
0.0
0.0
27.2
4.1
0.0
0.0
14.5
0.8
0.0
0.0
1.3
0.0
1.0
18.0
0.0
0.0
2.8
0.0
0.0
0.0
0.0
0.0
0.0
0.0
0.0
20.1
6.1
0.0
14.2
7.6
2.8
0.0
0.0
0.0
0.0
0.0
37.1
20.6
0.0
0.0
0.0
0.0
0.0
0.0
0.0
1.0
0.0
0.0
0.0
0.0
0.0
0.0
0.0
0.0
0.0
0.0
0.0
0.0
0.0
0.0
1.5
0.3
10.9
0.0
2.0
2.8
0.0
0.0
0.0
0.0
0.0
23.1
0.0
0.0
0.0
0.0
6.1
0.0
46.5
17.5
0.0
0.0
2.0
1.8
13.2
4.1
0.8
0.0
0.0
0.0
0.0
0.0
26.7
17.0
0.3
0.5
2.8
7.6
0.0
4.8
34.3
0.0
0.0
0.0
0.0
0.5
0.0
0.0
0.0
0.0
0.0
0.0
0.0
0.0
0.0
0.0
27.9
21.3
23.6
2.5
3.0
0.0
0.0
0.0
0.0
13.7
1.0
0.8
0.0
0.0
0.3
0.0
0.0
3.8
0.0
0.0
0.0
0.0
0.0
17.3
2.3
0.0
0.0
0.8
11.7
0.0
0.0
0.0
0.0
0.0
0.0
0.5
0.0
3.0
13.5
28.7
7.6
1.8
4.6
0.0
0.0
0.8
0.3
0.0
0.0
0.0
0.0
0.0
2.8
8.6
0.0
0.0
0.0
0.0
0.0
0.0
0.0
0.0
0.0
0.0
0.0
0.0
3.3
7.1
0.0
3.3
7.6
0.3
0.0
1.8
0.0
0.0
0.0
0.0
0.0
0.0
0.0
0.0
7.9
0.3
0.0
3.3
4.3
0.0
0.0
0.0
0.0
1.8
1.8
0.0
0.0
0.0
1.3
2.5
18.3
1.3
0.0
0.3
0.0
0.0
0.0
0.0
0.0
0.0
0.0
0.0
0.0
0.0
4.1
0.0
0.0
1.5
7.6
8.4
6.1
0.0
0.0
0.0
0.0
0.0
0.0
0.0
2.0
0.5
0.0
0.3
11.7
0.0
1.5
25.4
0.0
0.0
0.0
0.0
0.0
11.9
0.0
0.0
0.0
2.3
0.0
0.0
0.0
0.0
0.0
0.0
0.0
0.0
0.0
0.0
0.0
0.0
0.0
0.5
0.5
4.1
2.3
12.2
0.0
0.0
0.0
0.0
1.5
1.8
10.9
1.0
0.0
0.0
0.0
0.0
0.0
0.0
12.7
10.4
7.1
0.5
0.0
0.0
1.8
20.1
0.0
0.0
6.1
1.0
0.0
0.0
2.0
0.0
0.0
0.0
0.0
0.0
0.0
3.8
0.0
12.7
0.0
0.0
29.7
0.0
0.0
42.4
1.8
0.0
6.1
15.7
34.5
24.9
13.2
0.0
0.0
25.4
6.6
0.0
19.3
13.7
3.8
0.0
0.0
0.0
1.5
1.0
0.0
0.0
0.0
0.0
0.0
0.5
0.0
0.0
0.3
0.0
0.0
0.0
0.0
0.0
11.2
0.0
72.4
0.0
0.0
0.0
26.2
5.3
1.9
0.0
0.0
13.5
1.5
0.0
0.0
0.5
0.0
0.0
0.0
0.0
0.0
0.0
2.0
0.0
0.0
0.0
0.0
0.0
12.7
0.0
0.0
1.5
8.9
0.0
0.0
0.0
0.0
0.0
20.1
5.6
0.0
0.0
0.0
0.0
0.0
0.0
0.0
0.0
0.0
0.0
0.8
38.6
6.6
0.0
0.0
0.0
0.0
0.0
0.0
0.0
6.3
0.0
0.0
0.0
1.8
0.0
0.0
0.3
2.5
0.0
0.5
23.1
0.0
3.3
5.1
0.5
0.0
0.0
0.0
0.0
0.0
5.8
0.0
0.0
0.0
0.0
0.0
0.0
0.0
0.0
0.0
0.0
4.3
0.0
0.0
0.0
0.0
0.0
0.0
0.0
0.0
0.0
0.0
2.0
0.0
7.1
0.0
0.0
0.0
0.0
0.0
0.0
0.0
0.0
0.0
0.0
0.0
0.0
0.0
0.0
0.0
0.0
0.0
1.5
0.0
0.0
0.0
0.0
0.0
0.0
0.0
0.0
30.5
0.0
32.8
12.7
0.0
0.0
0.0
20.1
0.0
0.0
0.0
5.3
4.3
0.0
0.0
0.0
0.0
0.5
0.0
23.6
3.3
0.0
0.0
2.0
5.6
0.0
0.0
0.0
1.0
0.0
0.0
0.0
7.4
0.5
0.0
0.0
0.0
0.8
0.0
3.8
0.0
0.0
0.0
0.0
0.0
0.0
0.8
0.0
0.0
0.0
7.4
0.0
0.0
0.0
0.0
0.0
2.3
0.3
0.0
5.3
0.0
0.3
0.0
0.3
0.0
0.0
0.0
0.0
0.0
0.0
10.7
8.9
1.0
0.0
0.0
5.8
0.0
0.0
0.0
0.0
0.0
0.0
0.0
0.0
0.0
0.0
0.0
0.0
0.0
0.0
7.1
13.0
0.0
4.8
0.8
2.8
0.3
14.5
4.8
0.0
0.0
0.0
9.4
5.3
0.0
0.0
10.2
5.3
0.0
0.0
0.0
0.0
3.0
3.0
0.0
0.0
1.3
0.0
1.3
6.1
0.0
0.3
0.0
0.0
0.0
0.0
0.0
0.0
0.0
0.0
1.5
0.0
0.0
6.3
0.0
0.0
5.6
0.0
4.1
0.0
11.9
0.0
0.0
0.0
7.9
5.1
0.0
7.6
30.5
0.0
1.5
19.6
0.0
0.3
27.9
21.8
15.2
0.0
0.0
0.0
3.3
0.5
0.0
0.0
6.1
0.0
1.8
0.0
0.0
0.0
0.0
0.0
3.0
9.1
8.6
0.0
0.0
0.0
0.0
0.0
0.0
4.1
0.0
0.0
43.7
14.7
0.0
35.3
0.0
0.0
0.0
0.0
2.3
0.0
0.0
3.8
0.0
0.0
0.0
0.0
7.9
1.3
0.0
0.0
0.0
28.2
0.0
0.0
0.0
2.3
1.5
10.7
0.0
1.0
0.0
3.0
14.0
22.4
0.0
0.0
0.0
0.8
0.0
0.0
0.0
0.0
0.0
0.0
0.0
0.0
0.0
0.0
0.0
8.9
0.0
0.0
0.0
0.0
0.0
0.0
0.0
0.0
0.0
0.0
32.3
0.0
0.0
0.0
0.0
0.0
0.0
0.0
0.0
0.0
0.0
0.0
0.0
0.0
0.0
0.3
0.0
0.0
0.0
0.0
20.3
0.0
0.0
0.0
0.0
0.0
0.0
0.0
0.0
0.0
26.4
0.0
0.0
0.0
0.0
0.0
0.0
0.5
0.0
0.0
0.0
0.0
3.3
0.0
0.0
0.0
3.0
12.2
0.0
0.0
0.0
0.0
8.9
0.0
0.0
0.0
4.1
0.8
0.0
0.0
0.0
0.3
0.0
2.0
16.8
6.6
0.0
0.0
0.0
0.0
0.0
0.0
0.0
0.0
0.0
0.0
0.0
0.0
0.0
0.0
3.3
14.5
0.0
0.0
0.0
8.9
0.3
19.8
2.5
0.0
0.0
0.0
0.3
0.0
0.3
0.5
0.0
0.0
1.5
0.0
0.0
0.0
33.3
0.0
0.0
0.0
9.7
5.1
1.8
0.0
0.0
0.0
0.0
6.9
0.0
0.0
0.0
0.0
0.0
0.5
0.0
24.9
0.0
0.0
0.0
0.0
14.9
3.3
15.4
0.3
0.0
0.0
0.0
5.2
2.5
0.0
0.0
0.0
0.3
0.0
0.0
0.0
0.4
3.6
21.1
0.0
0.0
0.0
0.0
18.9
1.9
0.0
0.0
0.0
0.0
0.0
5.7
0.4
0.0
3.6
0.0
0.5
0.0
0.0
0.0
0.0
0.0
0.0
0.0
0.0
0.0
1.8
1.5
0.3
0.3
0.0
0.0
15.0
0.0
0.0
1.5
0.0
18.0
1.5
0.0
3.8
16.5
0.3
1.5
0.0
0.0
1.3
0.0
0.0
1.0
10.4
0.0
0.0
0.5
0.5
0.0
1.0
0.0
0.0
2.5
0.5
0.8
5.6
0.0
0.0
0.0
0.0
2.5
0.0
1.5
0.0
0.0
0.0
0.0
2.0
0.0
0.0
5.3
0.0
0.8
0.0
0.0
0.5
2.8
0.0
0.0
1.0
1.0
0.0
0.0
0.0
0.0
6.3
0.0
0.0
0.0
0.0
0.0
1.5
0.0
0.0
0.0
0.0
0.0
1.0
0.0
0.0
8.1
0.0
0.0
0.0
0.0
0.0
0.0
0.0
0.0
0.0
0.0
0.0
0.0
10.2
12.7
3.6
0.0
0.0
0.0
3.0
0.0
0.0
0.0
0.0
0.0
0.0
0.0
0.8
4.1
23.9
13.2
0.0
0.0
0.5
0.0
0.0
26.7
0.0
0.0
0.0
0.0
0.0
0.0
0.0
0.0
0.0
0.0
0.0
0.0
8.4
0.0
0.0
0.0
0.0
0.0
0.0
0.0
2.3
2.5
0.0
10.2
0.0
2.5
0.0
3.0
0.0
0.0
0.0
0.0
0.0
0.0
3.6
0.0
0.0
0.0
0.0
21.3
0.5
0.0
0.0
0.0
0.3
0.0
0.0
0.3
0.0
0.0
0.0
0.0
0.0
12.2
0.0
0.0
0.0
0.0
0.0
0.0
0.0
5.6
0.0
0.0
0.0
0.0
0.0
1.0
0.0
0.0
2.3
0.0
0.0
0.0
0.0
0.0
0.0
0.0
0.0
6.3
0.0
0.0
0.0
0.0
0.0
0.0
0.0
0.0
0.0
12.2
0.0
0.0
0.3
0.0
0.0
0.0
0.5
6.9
0.0
0.0
36.6
0.0
0.0
0.0
0.0
0.0
0.0
0.0
0.0
0.0
42.9
1.5
0.0
0.0
0.0
2.0
84.1
3.3
0.3
0.0
9.1
0.0
19.8
0.0
0.0
0.0
0.0
0.0
0.0
5.3
0.0
0.0
4.3
0.0
0.0
0.0
19.8
0.0
0.0
0.0
6.6
0.8
0.0
0.0
0.0
0.0
0.0
3.8
0.8
0.5
20.6
0.0
0.0
0.0
0.0
0.3
0.0
0.0
17.5
2.3
0.0
0.0
10.9
1.0
14.2
0.0
0.0
21.6
8.6
0.0
7.9
0.0
0.0
0.0
0.0
0.0
0.0
0.0
0.0
2.8
0.0
0.0
3.0
0.0
0.0
0.0
0.0
14.2
3.3
0.0
0.0
0.0
0.0
0.0
0.0
0.0
0.0
0.0
3.6
0.0
0.0
0.0
0.0
0.0
0.0
0.0
0.0
0.0
0.0
0.0
6.9
0.0
0.0
8.6
0.0
7.4
0.0
0.0
0.0
0.0
0.0
7.1
0.0
2.5
0.0
3.3
18.5
0.0
0.0
0.0
0.0
0.0
0.0
0.0
0.0
0.0
0.0
3.3
0.0
0.0
0.0
0.0
0.5
0.0
0.0
0.0
0.0
7.1
6.1
19.3
0.5
0.0
0.0
0.0
0.0
0.0
0.0
0.0
0.0
0.0
0.0
0.0
1.3
0.0
2.5
0.5
23.9
4.8
0.0
0.0
2.3
0.3
0.0
0.0
0.0
5.1
0.0
0.0
13.7
0.0
0.0
0.0
0.0
0.0
0.0
0.0
8.6
0.0
0.0
12.4
1.0
0.0
0.0
0.0
28.7
1.3
0.3
0.8
0.0
0.0
0.3
5.6
0.0
0.0
0.0
0.3
3.0
0.5
0.8
0.0
0.0
0.0
0.0
0.5
1.3
0.0
0.0
0.0
0.0
0.0
19.0
3.0
0.0
0.0
0.0
0.0
0.0
0.0
0.0
0.0
0.0
0.0
0.0
0.0
0.0
0.5
1.0
78.5
3.3
0.0
0.0
1.0
5.3
36.3
1.0
56.9
0.3
0.0
0.0
0.0
13.7
1.5
0.0
0.0
10.4
1.0
0.0
0.0
0.0
9.4
3.0
1.8
1.3
0.0
0.0
0.0
23.1
0.0
0.0
0.0
0.0
0.0
0.0
0.3
0.0
0.0
0.0
10.9
2.0
1.5
0.5
0.0
8.9
2.0
12.7
0.0
0.3
11.2
23.9
11.4
0.3
0.0
0.0
0.0
0.0
0.0
0.0
0.0
0.0
0.0
0.3
0.0
0.0
9.4
0.5
0.0
0.0
0.0
0.0
3.8
30.2
0.0
1.0
82.0
0.0
0.0
0.0
6.6
0.0
0.0
0.0
6.6
0.0
0.0
0.0
0.0
0.0
0.8
10.7
0.0
0.0
0.0
0.0
0.0
0.0
0.0
0.0
0.0
0.0
12.2
22.1
0.0
0.0
0.0
1.0
0.0
0.0
0.0
7.1
0.5
0.0
0.0
1.0
0.0
0.0
0.0
0.0
0.0
0.0
0.0
0.0
0.0
0.0
0.0
0.0
0.0
0.0
0.0
0.0
0.0
0.0
2.3
0.0
0.0
0.0
0.0
0.0
0.0
0.0
0.0
0.0
0.0
0.0
0.0
0.0
0.0
0.0
0.0
0.0
0.0
0.0
0.0
0.3
0.0
0.0
1.0
0.0
0.0
0.0
0.5
5.1
0.0
0.0
0.0
0.0
0.0
0.0
0.0
0.0
2.0
0.0
0.0
0.0
15.0
0.0
3.6
2.0
0.5
0.0
0.0
0.0
0.0
0.0
0.0
0.0
0.8
0.0
0.5
0.0
6.1
0.0
0.0
7.9
0.0
0.0
0.0
0.0
0.0
0.0
1.5
2.8
44.7
0.0
0.0
0.0
0.0
1.0
6.1
0.0
0.0
0.0
0.0
3.0
0.0
0.0
0.0
0.0
0.5
0.5
0.0
0.0
1.5
10.2
1.0
0.0
0.0
0.0
0.0
0.0
0.0
0.0
0.0
0.0
0.3
0.0
0.3
0.0
0.0
0.0
1.5
0.0
0.0
0.0
0.0
6.3
12.7
1.0
0.3
0.3
0.0
0.0
4.3
23.9
0.5
0.0
0.0
0.0
0.0
0.0
0.0
0.0
0.0
0.0
4.6
2.3
0.0
0.0
8.9
0.0
0.0
0.0
5.6
6.6
1.3
0.0
0.0
0.5
0.5
1.0
0.0
1.5
0.0
0.8
2.3
0.0
0.0
0.3
0.5
0.0
0.0
0.0
0.0
0.0
3.0
22.1
0.0
0.0
7.4
5.3
0.0
0.0
0.5
0.5
0.0
0.0
0.0
0.0
5.1
1.5
0.0
14.7
0.0
0.0
7.9
0.0
6.6
0.0
0.0
0.5
0.0
0.0
0.0
0.0
3.8
0.0
0.0
0.0
0.0
0.0
0.0
0.0
0.0
5.6
12.4
0.0
0.0
0.0
0.0
0.0
0.0
1.8
0.0
0.0
0.0
0.0
0.0
1.0
0.0
9.9
0.0
0.3
0.0
0.0
0.8
10.4
23.9
0.0
0.0
0.0
6.6
1.3
0.0
0.0
0.0
0.0
4.8
2.0
0.0
0.0
0.0
0.0
0.0
0.0
0.0
0.0
0.5
2.0
4.8
0.0
13.7
25.9
1.0
0.0
0.0
0.0
0.3
0.0
0.0
0.0
0.0
0.0
5.6
0.5
12.4
2.0
7.6
14.0
5.8
1.5
0.0
0.0
0.0
0.0
102.1
0.0
0.0
0.0
0.0
0.0
0.0
0.0
13.5
0.0
0.0
15.7
0.5
0.0
27.2
0.0
0.0
16.5
0.5
0.0
21.3
2.0
0.0
0.0
0.0
0.0
0.0
0.0
4.8
3.3
4.3
5.6
0.0
20.6
35.1
0.0
0.0
0.0
0.0
0.0
49.5
15.5
0.0
0.0
0.0
3.8
0.8
4.1
7.1
0.0
0.0
0.0
35.8
10.4
14.0
0.0
0.0
0.0
0.0
0.0
0.0
0.0
0.0
0.0
0.0
1.3
10.7
19.0
0.0
0.0
0.0
0.0
0.0
0.0
0.0
0.0
12.2
0.0
1.3
0.8
0.0
0.0
0.8
0.0
0.0
0.0
0.0
0.0
2.8
0.0
3.0
3.6
0.0
3.6
9.4
0.0
19.3
0.0
0.0
4.8
0.0
0.0
0.0
5.8
1.3
0.0
0.0
11.9
0.3
0.0
0.0
17.0
23.9
0.0
0.3
0.0
0.0
16.5
0.0
0.0
0.0
0.0
16.3
0.0
0.0
0.0
0.0
0.0
0.0
0.0
0.0
0.0
0.0
1.5
34.3
13.7
0.0
0.0
1.3
2.8
0.0
1.8
0.0
0.0
5.1
13.2
0.3
5.8
0.0
0.0
0.0
0.0
0.0
0.0
0.0
0.5
0.0
0.0
0.0
0.0
10.4
0.0
1.8
0.0
0.0
0.0
0.0
9.9
0.0
0.0
0.0
0.0
0.0
0.0
2.8
0.0
0.0
0.0
0.3
0.8
0.0
0.0
0.0
0.0
1.5
5.6
19.8
7.9
0.0
0.0
0.0
0.0
0.0
0.0
0.0
0.0
0.0
0.8
13.7
0.5
0.0
1.8
0.0
0.0
0.0
0.0
0.0
0.0
2.8
0.0
0.0
0.5
0.0
0.0
0.0
14.5
0.3
7.4
0.0
0.0
2.3
0.0
0.0
0.0
0.0
0.0
0.3
14.7
0.3
4.8
0.3
0.0
0.0
0.0
0.0
5.1
2.0
0.0
0.0
0.0
0.0
0.0
0.0
0.0
0.0
0.0
0.0
0.0
0.3
3.3
1.8
0.0
0.0
0.0
0.0
2.8
10.2
0.0
0.0
1.0
0.0
0.0
0.0
0.0
0.0
0.0
0.0
0.0
0.0
0.0
0.0
0.0
0.3
1.3
0.0
4.8
7.1
0.0
0.0
0.0
0.8
1.3
0.0
8.4
10.9
0.0
2.3
0.0
0.0
0.0
0.0
0.0
0.0
3.8
0.0
0.0
4.3
0.0
0.0
0.0
0.0
0.0
2.3
0.0
0.0
0.0
1.5
4.1
4.8
6.1
0.0
0.0
1.3
0.0
0.0
0.0
0.5
1.5
0.0
0.0
1.0
0.8
9.7
26.4
0.0
0.0
0.0
1.5
0.0
0.0
1.8
0.0
0.0
7.6
0.0
0.8
1.8
0.0
0.0
12.7
0.0
0.0
0.0
0.5
0.0
0.0
0.0
0.0
2.3
0.0
0.0
0.0
8.4
14.0
10.7
13.2
0.0
0.0
4.8
6.1
0.8
0.0
0.0
0.0
2.8
0.0
0.0
0.0
0.0
0.0
7.4
0.0
0.0
0.3
47.2
5.1
0.0
0.0
0.0
0.0
0.0
0.0
27.4
7.9
0.0
0.0
0.0
36.3
2.3
0.3
9.1
0.0
0.5
4.8
4.6
3.6
4.8
0.0
0.0
2.3
30.5
25.9
0.0
7.9
0.0
0.3
0.0
0.0
0.0
0.0
0.0
0.0
19.8
31.5
0.0
0.8
4.6
0.0
0.0
0.0
0.0
0.8
0.0
0.0
1.0
1.0
0.0
0.0
0.0
0.0
0.0
0.0
0.0
0.5
16.5
0.0
0.0
0.0
0.0
0.0
0.0
0.0
3.0
0.0
0.0
17.3
0.0
0.0
0.0
0.0
0.0
0.0
0.0
12.7
37.1
2.8
0.0
0.0
0.0
0.0
0.0
0.0
0.0
0.0
0.0
0.8
0.0
0.0
14.5
0.0
0.0
16.5
0.0
0.0
0.0
25.9
0.0
0.0
12.2
0.0
0.0
0.0
0.0
0.0
0.0
37.8
12.2
0.0
0.0
0.0
0.0
0.0
0.0
0.0
0.0
0.0
0.0
0.0
0.0
0.0
0.0
0.0
0.0
0.0
0.0
1.0
0.0
0.0
0.0
0.0
0.0
0.0
0.0
0.0
0.0
0.0
0.0
0.0
0.0
0.0
0.3
0.0
0.0
0.0
17.8
4.8
0.0
0.0
7.9
0.0
0.0
0.3
0.0
1.8
0.5
0.0
0.0
0.0
0.0
2.8
0.0
0.0
0.0
0.0
4.6
36.3
22.1
0.0
0.0
16.5
0.3
0.0
0.0
1.3
0.3
27.9
1.8
0.0
6.1
1.3
0.8
0.0
0.0
0.0
1.5
0.0
0.0
0.0
0.0
0.0
0.0
10.7
11.2
0.0
0.3
0.0
0.0
0.0
2.0
20.3
0.0
16.8
0.0
0.0
59.7
8.1
39.9
0.0
0.0
0.0
0.0
0.0
0.0
0.0
0.0
0.0
0.5
4.1
10.4
0.0
0.0
0.3
0.0
0.0
4.6
0.0
0.8
0.0
4.1
2.8
0.0
0.0
0.0
0.0
0.0
0.0
0.0
0.0
0.0
0.0
0.0
0.0
14.7
0.0
0.0
0.0
0.0
0.0
0.8
0.0
0.0
0.0
0.5
0.0
2.5
0.0
0.0
0.0
0.0
0.0
0.0
0.0
0.0
0.0
6.1
0.0
0.0
0.0
0.8
0.0
0.0
0.0
4.6
0.0
0.0
0.0
5.3
0.0
0.0
3.0
0.0
2.0
23.9
0.3
0.0
0.0
0.0
0.0
0.8
0.0
0.0
0.0
0.0
12.4
0.0
0.0
12.7
0.0
0.0
26.2
9.7
0.0
0.0
0.0
0.0
0.0
20.6
0.0
0.5
0.0
11.4
0.8
0.0
0.0
0.0
0.0
0.0
0.0
0.0
0.0
6.9
6.9
0.3
0.0
0.0
0.0
1.3
1.0
14.5
0.0
18.8
1.0
0.0
0.0
4.6
0.0
0.0
0.0
10.4
11.7
9.4
12.2
0.0
10.7
0.0
0.0
1.0
1.3
0.0
0.0
2.5
0.0
0.0
0.0
0.0
0.0
10.4
5.3
0.0
0.0
14.5
8.9
3.3
0.0
0.0
32.0
0.0
0.0
0.0
0.0
0.0
0.0
0.0
0.0
0.0
22.6
7.9
0.0
0.0
0.0
0.0
19.0
0.0
37.1
0.0
0.0
0.0
0.0
0.0
0.0
0.0
0.0
2.8
0.0
16.5
0.3
0.0
11.2
0.5
0.0
0.0
0.0
0.0
0.0
10.4
0.0
0.0
0.0
11.4
10.4
0.0
0.0
4.3
10.2
0.0
40.4
3.0
0.0
0.0
18.5
0.0
0.0
0.0
0.0
0.0
0.0
0.0
0.0
0.0
0.0
0.0
0.0
0.0
0.0
31.2
0.0
0.0
39.4
1.8
0.0
2.0
0.0
2.0
0.0
0.0
0.0
14.0
0.5
4.3
3.3
0.0
0.0
0.0
0.0
0.0
0.0
0.0
0.0
0.0
0.0
0.3
23.6
16.5
16.3
0.0
0.0
0.0
7.9
0.0
4.3
2.5
0.0
0.0
0.0
0.0
0.0
0.0
0.0
9.9
1.5
0.0
0.3
2.0
6.6
4.3
0.0
0.0
0.0
0.0
0.0
0.0
0.0
0.0
0.0
0.0
3.3
0.0
0.0
0.0
3.8
0.0
0.0
4.1
15.0
0.0
0.0
0.0
0.0
1.0
8.9
0.0
0.0
0.0
0.0
0.0
0.0
8.6
0.0
0.0
0.0
0.0
0.0
10.2
0.0
0.0
0.0
0.0
0.0
0.0
0.0
0.0
0.0
14.2
0.0
0.0
0.0
9.7
14.2
0.0
0.0
0.0
1.8
23.1
0.0
0.0
0.0
0.0
0.0
10.2
0.0
0.0
0.0
0.0
0.3
1.3
2.0
0.0
2.3
0.0
0.0
1.0
1.0
0.0
0.0
0.0
0.0
0.0
1.0
0.0
4.3
10.2
0.0
0.0
0.0
0.0
0.0
0.0
6.1
4.8
0.0
1.3
0.0
0.0
0.0
0.0
0.3
2.5
4.8
0.0
4.8
0.0
10.7
0.0
0.0
27.4
15.0
0.0
0.0
0.0
0.0
0.0
0.0
0.0
0.0
2.0
0.0
0.0
0.0
0.0
0.0
0.0
0.0
0.5
4.3
4.3
0.0
0.0
0.0
0.0
0.0
0.0
0.0
0.0
0.0
0.0
0.3
0.3
0.5
0.0
0.3
0.0
0.0
0.0
0.5
1.0
14.5
0.0
0.0
0.0
0.0
0.0
11.9
0.0
0.0
0.0
0.0
0.0
6.6
0.0
0.0
0.0
1.3
0.0
0.0
1.0
0.0
0.0
0.0
0.0
1.8
0.0
1.0
0.0
2.3
26.7
0.5
0.0
0.0
8.9
0.5
28.7
2.5
0.0
0.0
0.0
1.3
0.0
0.0
0.0
1.5
0.0
7.1
0.0
0.0
0.0
0.8
0.0
0.0
0.0
0.0
0.0
14.7
3.3
6.3
32.5
31.5
0.0
0.0
9.1
28.7
0.0
2.5
0.0
0.0
0.0
16.5
0.0
0.0
0.0
0.0
0.0
0.0
0.0
16.3
21.3
26.4
6.1
0.0
5.8
7.4
0.0
2.5
0.0
0.0
0.0
0.0
0.7
0.0
0.0
0.0
0.0
0.0
0.0
0.0
0.0
0.0
0.0
0.0
0.0
0.0
15.2
0.0
0.5
2.3
0.5
0.0
4.3
0.0
0.0
0.3
0.0
0.0
0.0
0.0
0.0
2.0
23.6
0.0
0.0
0.0
0.0
0.0
0.0
1.0
0.0
0.0
2.3
25.4
0.0
7.6
0.0
0.0
0.0
0.0
0.0
8.4
1.5
1.0
5.6
0.5
0.0
0.0
7.6
2.3
0.0
0.0
0.0
0.0
0.0
0.0
3.0
0.0
0.0
0.0
0.0
0.0
0.0
0.0
0.5
0.0
0.0
0.0
0.0
1.0
0.3
0.0
0.0
0.0
1.0
11.7
0.0
0.0
0.0
0.0
0.0
42.4
0.0
0.0
0.0
0.0
0.0
0.0
0.0
0.0
0.0
0.0
0.0
0.0
0.0
0.0
0.0
0.0
0.0
0.0
0.0
0.0
6.6
1.0
0.0
0.0
0.0
0.0
0.0
0.0
0.0
0.0
0.0
0.0
0.0
0.0
0.0
0.0
1.5
29.7
24.1
6.1
0.0
0.0
62.0
0.5
2.3
0.0
0.0
4.6
0.0
0.0
0.0
0.0
0.0
0.0
20.1
15.5
1.5
0.0
0.0
0.0
0.0
0.0
0.5
0.0
2.0
0.3
0.0
0.0
24.6
0.0
0.0
0.0
0.0
0.0
0.0
1.5
0.0
0.0
13.2
0.0
0.5
34.5
0.0
0.0
0.0
0.0
0.0
0.0
0.0
0.0
0.0
0.0
0.0
2.5
0.0
0.0
0.0
2.8
0.0
0.0
0.0
0.0
0.0
0.0
0.0
0.0
0.0
0.0
0.0
0.0
0.0
0.0
0.0
0.0
0.0
0.0
1.3
4.8
0.0
0.0
0.0
0.0
3.6
0.0
0.5
0.0
0.0
0.0
0.0
0.0
0.0
0.0
6.1
0.0
0.8
0.3
9.1
0.0
0.0
4.4
0.0
0.0
0.0
0.0
0.0
0.0
9.3
2.2
0.5
0.0
0.0
0.0
0.0
0.0
0.0
0.0
0.0
0.0
0.0
0.8
0.8
2.4
0.3
0.0
0.0
0.3
2.2
0.0
0.6
0.0
0.3
3.3
0.0
1.8
20.4
34.8
84.4
1.5
2.2
4.9
2.9
0.3
0.3
1.4
9.3
4.8
0.8
0.4
0.0
4.2
0.7
0.0
0.3
0.0
0.0
0.0
0.5
0.8
0.0
4.8
6.1
0.9
0.0
0.0
0.0
0.5
0.0
13.2
21.4
11.2
16.5
4.2
1.5
4.8
0.3
0.0
2.0
8.0
5.6
0.0
0.3
0.0
0.0
0.8
0.8
0.0
0.0
0.0
18.9
3.3
0.8
0.3
0.3
0.0
1.0
0.0
0.7
0.0
6.3
0.0
0.0
0.7
0.0
0.0
0.0
0.0
0.0
13.0
1.9
0.3
0.0
0.0
0.0
0.0
17.2
0.0
0.0
0.0
0.0
0.9
1.5
0.0
0.0
1.3
0.0
1.4
1.8
0.0
0.0
0.0
30.4
0.0
0.0
0.0
4.3
12.2
11.7
0.0
23.9
0.8
0.2
0.5
0.2
0.0
0.0
17.6
26.9
21.1
3.6
0.0
0.3
0.3
0.3
0.0
0.0
44.5
12.5
51.9
3.9
0.0
0.5
14.2
1.5
0.0
0.0
0.0
0.0
10.3
0.0
0.0
0.0
24.4
0.0
0.0
0.0
0.0
8.6
0.5
0.0
0.0
18.5
47.2
0.0
0.0
0.0
0.0
0.0
2.9
3.6
0.0
0.0
0.0
0.0
0.0
0.0
26.4
0.3
0.8
0.0
0.0
0.0
0.0
0.0
2.1
0.0
0.0
0.5
0.0
0.0
0.0
0.0
0.0
22.7
9.6
0.5
0.0
50.5
0.3
0.0
0.0
9.7
1.5
0.0
0.0
0.0
4.6
0.0
0.0
0.0
0.0
0.0
0.0
0.0
2.3
73.9
14.0
0.0
0.0
0.0
0.0
0.0
0.0
0.0
0.0
0.0
0.0
0.0
0.0
1.5
0.0
0.0
2.5
5.3
0.3
0.0
0.0
0.0
0.0
0.0
0.0
0.0
0.0
1.5
17.0
0.0
0.0
0.0
1.8
0.0
3.3
0.0
0.5
1.0
0.0
0.0
0.0
0.0
0.0
0.0
0.0
0.0
0.0
0.0
11.9
0.0
0.5
0.0
0.0
13.2
28.4
0.0
0.5
6.6
4.1
0.0
0.0
0.0
7.4
0.0
0.0
0.0
0.9
0.0
7.4
0.0
0.0
0.0
0.0
0.0
0.0
0.0
0.0
9.9
0.0
20.1
0.0
0.0
0.0
0.0
14.6
0.5
1.2
0.6
0.5
0.0
2.1
0.3
0.0
0.0
0.0
0.0
0.0
10.3
0.0
0.5
0.0
0.0
0.0
5.3
3.2
0.0
0.0
0.0
0.0
0.0
6.7
11.5
0.0
0.0
54.4
