20000101
0.0
0.0
0.0
6.9
0.0
0.0
0.0
0.0
4.1
0.5
0.0
0.0
0.0
0.0
0.0
0.0
0.0
0.0
0.0
8.9
0.0
0.0
2.5
0.0
0.0
0.0
0.0
0.0
0.0
6.9
0.5
0.0
0.0
0.0
0.5
0.3
0.0
0.0
0.0
0.0
0.8
0.0
0.0
0.0
3.8
0.0
0.0
0.0
30.5
1.0
0.0
0.0
0.0
0.0
2.0
0.0
0.5
6.3
0.0
0.0
8.4
0.0
0.0
0.0
0.0
0.0
0.0
0.0
1.0
0.0
2.0
6.3
0.0
0.0
0.5
5.8
0.0
0.0
8.9
23.6
0.8
0.0
0.0
0.0
0.0
0.0
3.8
0.0
0.0
0.0
0.0
0.0
2.5
0.0
0.0
0.0
0.0
0.0
8.1
0.0
0.0
22.4
0.0
0.0
0.0
0.0
0.0
18.3
1.0
0.0
6.6
35.8
0.3
2.3
21.6
0.0
0.0
0.0
0.0
2.5
0.0
0.0
5.6
0.0
0.0
0.0
0.0
0.0
0.0
10.7
3.0
0.0
0.0
23.6
0.0
0.0
0.0
0.0
0.8
8.4
0.0
0.0
2.8
4.6
0.0
0.0
0.0
31.5
0.5
0.0
0.0
0.0
0.0
0.0
0.0
0.0
31.8
0.0
0.0
0.0
0.0
0.0
0.8
15.0
9.9
0.0
3.8
0.0
0.0
0.0
0.0
1.0
63.2
4.1
0.0
25.7
8.4
19.6
0.0
0.0
0.0
0.0
0.0
0.0
3.6
0.0
32.8
0.5
0.0
0.0
0.0
0.0
26.4
0.0
0.0
0.0
0.0
0.0
0.0
0.0
5.1
0.0
0.0
0.0
0.0
0.0
0.0
0.0
0.0
0.0
1.0
6.9
0.0
0.0
0.0
0.0
0.0
0.0
19.6
2.0
0.0
2.8
0.0
0.0
0.0
0.0
0.0
0.0
0.0
0.0
15.7
0.0
0.0
0.0
5.1
2.5
9.4
0.0
0.0
1.3
0.0
0.5
0.0
0.0
0.0
0.0
0.0
0.0
0.0
0.0
0.0
0.0
0.0
0.5
3.8
12.2
0.0
0.0
5.1
0.0
0.0
0.0
0.0
0.0
7.4
0.8
0.0
19.3
7.9
4.6
0.0
0.0
0.0
0.0
0.0
0.0
0.0
9.9
16.0
6.6
0.0
0.3
0.0
0.0
0.0
0.0
0.0
2.3
24.4
0.0
3.3
0.0
0.0
0.0
0.0
0.0
0.0
0.8
0.0
0.0
0.0
0.0
0.0
0.0
0.0
0.0
7.1
1.5
0.0
0.0
0.0
31.0
0.0
11.4
22.6
0.0
0.0
9.9
0.3
0.0
0.0
0.0
0.0
0.0
0.0
0.0
0.0
0.0
0.0
3.8
8.1
0.0
0.0
2.8
0.0
0.0
0.0
0.0
0.0
0.0
0.0
0.0
0.0
0.0
0.0
9.1
12.4
0.0
13.5
0.0
3.3
1.0
0.0
1.8
0.0
1.0
0.0
0.0
0.0
0.0
0.0
0.8
0.0
2.3
2.3
0.5
0.8
0.0
0.0
0.0
0.0
0.0
0.0
0.0
0.0
0.0
0.0
5.1
0.0
2.3
0.0
0.0
0.0
0.0
0.0
0.0
0.0
0.0
0.0
0.0
0.0
3.6
3.8
0.0
18.0
22.9
2.0
0.0
0.0
0.3
1.0
0.0
0.5
0.0
0.0
1.8
10.4
0.0
0.0
0.0
19.8
1.5
0.0
0.0
0.0
0.0
0.0
0.0
3.3
0.0
5.3
51.8
0.0
0.3
0.0
0.0
0.0
0.0
0.0
0.0
0.0
0.0
0.0
0.0
0.0
0.0
2.0
3.3
0.0
2.5
23.6
5.6
0.0
0.0
0.0
0.0
0.0
0.0
0.0
0.0
0.0
0.0
0.0
0.0
0.0
0.0
1.8
0.0
0.0
0.0
0.0
7.1
0.0
0.0
0.0
5.1
15.5
1.5
0.0
0.0
2.3
3.0
0.0
0.0
0.0
3.8
3.0
2.0
0.0
0.8
1.0
1.0
0.0
0.0
0.0
0.0
0.0
0.0
0.0
0.0
6.6
0.3
7.9
0.0
0.0
0.0
7.1
1.0
0.0
0.0
1.5
0.0
0.8
20.3
1.0
0.3
5.8
4.3
1.0
4.3
1.0
1.8
10.4
0.0
0.3
0.0
1.8
10.2
6.9
0.5
11.9
9.9
17.8
0.0
0.0
0.0
0.0
0.0
0.0
0.0
0.0
1.5
0.0
0.0
0.0
0.0
0.0
17.0
5.3
0.0
0.0
0.0
0.0
0.0
0.0
0.0
0.0
0.0
0.0
0.0
20.8
0.0
0.0
0.0
0.0
6.3
0.0
0.0
0.0
0.0
0.0
0.0
0.0
0.0
22.6
14.7
0.0
0.0
0.0
0.0
12.7
0.0
5.8
0.0
0.0
4.3
0.0
0.0
0.0
0.0
2.5
0.0
0.0
0.0
0.0
0.0
0.0
2.3
0.0
0.0
0.0
0.0
0.0
6.9
0.0
0.0
23.4
0.0
0.0
0.5
32.8
0.5
0.0
2.0
0.0
0.0
0.0
0.0
18.0
0.0
0.0
0.0
0.0
0.0
0.0
1.5
1.0
17.3
4.6
0.0
0.0
0.0
0.0
0.0
0.0
0.0
0.5
25.9
0.5
10.4
0.0
0.5
1.0
0.0
0.0
0.0
0.0
0.0
0.0
0.0
0.0
0.0
0.0
16.8
11.7
0.0
0.0
0.0
7.6
7.9
45.7
0.0
21.8
0.0
15.2
0.0
0.0
0.0
0.0
0.0
1.5
2.5
0.0
35.1
0.0
0.0
0.0
0.0
0.0
0.0
0.0
3.3
0.0
0.0
0.0
0.0
0.0
0.0
0.8
0.0
0.0
0.0
0.0
0.0
0.0
0.0
0.0
0.3
2.0
0.0
0.0
0.0
0.0
8.9
6.3
0.0
1.8
2.0
9.4
21.3
0.5
0.0
0.0
0.0
0.0
2.5
0.0
0.0
0.0
0.0
0.0
1.0
9.7
9.7
1.8
2.5
13.2
3.0
0.0
0.0
0.0
0.0
8.1
0.0
0.0
0.0
0.0
0.0
0.0
0.0
0.0
0.0
0.0
0.0
0.0
0.0
0.5
0.0
0.0
0.0
0.0
0.0
0.0
0.0
0.0
0.0
0.0
0.0
0.0
0.0
0.0
0.0
0.0
0.0
2.0
0.0
0.0
0.0
0.0
0.0
16.5
48.8
5.8
0.0
0.0
0.0
0.0
0.0
0.0
0.0
0.0
1.3
4.3
0.0
0.0
0.0
0.0
0.0
0.0
0.0
3.8
44.7
1.8
0.0
0.0
0.0
0.0
12.4
0.0
0.0
0.0
11.2
10.2
0.0
0.0
0.0
0.0
0.8
17.0
1.3
0.0
0.0
0.0
0.0
0.5
1.3
1.5
0.0
0.5
4.1
0.0
0.0
0.0
0.0
13.7
4.1
0.0
0.0
0.0
0.8
0.0
0.0
0.0
1.5
0.0
0.0
0.0
0.0
3.8
20.3
0.0
0.0
0.0
0.0
0.0
0.0
0.0
0.0
0.0
0.0
24.9
27.2
5.1
0.0
0.0
18.5
0.0
0.0
52.8
0.0
0.0
0.0
8.9
0.0
0.0
0.0
6.3
12.7
0.8
16.3
0.0
6.3
40.1
16.5
7.6
0.0
1.8
15.7
8.9
0.5
0.0
0.0
0.0
0.0
5.3
0.0
0.0
0.0
0.8
3.3
0.0
0.0
0.0
0.0
0.0
0.0
38.9
7.4
0.0
0.0
0.0
2.5
7.1
35.6
6.6
7.9
8.1
0.0
0.0
0.0
0.0
0.0
0.0
0.0
0.0
0.0
0.0
5.8
0.0
0.0
0.0
0.0
0.0
0.0
0.0
0.0
0.0
0.0
0.0
0.0
0.0
0.0
0.0
0.0
0.0
0.0
0.0
0.0
0.0
0.0
0.0
0.0
0.0
0.0
66.0
0.0
0.0
0.0
10.2
0.0
0.3
9.1
0.0
0.0
0.0
0.0
0.0
0.0
0.0
0.0
0.0
0.0
0.0
0.0
0.0
1.0
9.4
19.0
10.2
15.7
0.0
10.9
2.3
0.0
0.0
53.1
11.9
1.0
0.0
0.0
0.0
0.0
0.0
0.0
0.0
0.0
0.0
0.0
0.0
0.0
0.0
0.0
0.0
0.0
0.0
0.0
0.0
0.0
1.0
5.1
0.0
7.6
0.0
14.2
12.7
0.0
0.0
0.0
0.0
0.0
0.0
0.0
0.0
0.0
0.0
0.0
0.0
2.3
16.5
0.0
0.0
0.0
0.0
0.0
0.0
0.0
2.0
0.0
0.0
0.0
0.0
0.0
17.8
0.3
0.0
0.0
0.0
0.0
7.1
4.3
0.0
0.0
12.2
3.8
2.5
0.0
0.0
0.0
3.6
3.8
6.1
0.0
0.0
0.0
0.8
0.0
0.0
0.0
0.0
3.3
0.0
0.0
0.0
0.5
0.0
0.0
4.6
0.0
0.0
1.8
0.0
0.0
0.0
0.0
0.0
0.0
0.0
0.0
0.0
0.0
0.0
0.0
0.0
0.0
0.0
0.0
0.0
0.0
0.0
0.0
0.0
0.0
10.2
14.0
0.0
0.0
0.0
0.0
0.0
14.0
0.0
0.0
0.0
0.0
0.0
0.0
0.0
0.3
3.0
0.0
3.6
0.0
0.0
0.0
0.0
0.0
0.0
0.0
0.0
0.0
0.0
3.3
1.5
0.0
0.0
0.0
0.0
0.0
0.0
0.0
0.0
2.3
0.0
0.0
4.3
0.0
0.8
5.8
0.0
0.0
1.8
0.0
0.3
0.0
0.0
0.0
1.3
2.8
0.0
0.0
0.0
14.0
8.9
0.0
0.0
0.0
0.0
0.0
0.0
0.0
3.8
0.0
0.0
0.0
0.0
0.0
1.0
0.0
0.0
7.9
0.8
0.0
0.0
0.0
0.0
0.0
0.0
6.1
0.0
0.0
0.0
0.0
0.0
2.8
18.5
6.6
0.0
0.0
0.0
6.3
0.0
0.0
0.0
11.7
0.3
0.0
0.0
0.0
0.0
1.8
12.4
0.0
17.5
0.0
0.0
0.0
0.0
0.0
0.0
0.0
0.0
0.0
3.6
1.3
0.0
9.7
0.0
0.3
0.0
0.0
10.2
3.3
0.0
0.0
0.5
0.8
15.2
0.0
0.0
0.0
23.1
0.0
1.5
0.0
8.6
16.5
14.0
0.0
0.0
0.0
7.9
1.3
0.0
0.0
0.0
8.6
0.0
0.0
0.0
0.0
0.0
0.0
0.0
0.0
11.4
0.0
11.9
0.0
0.0
9.7
0.5
0.0
0.0
10.4
1.0
0.0
2.5
12.7
2.8
0.0
3.3
0.0
0.0
0.0
0.0
3.3
0.0
0.0
0.0
0.0
0.0
0.0
5.1
6.3
0.0
0.3
0.5
0.0
0.0
0.0
0.0
0.0
0.0
0.0
0.0
19.3
105.2
0.0
0.0
0.0
0.0
0.0
0.0
0.0
8.9
2.5
0.0
32.3
0.0
0.0
0.0
0.0
0.0
0.0
3.6
7.9
0.0
0.0
1.0
0.0
1.0
8.4
0.0
0.0
0.0
0.0
0.0
0.0
0.0
0.0
0.0
0.0
0.0
0.0
0.0
0.0
0.0
0.0
0.0
0.0
0.0
0.0
0.0
0.0
0.0
0.0
7.1
54.6
0.8
64.8
8.9
0.0
0.0
0.0
0.0
0.0
0.0
0.0
0.0
0.0
0.0
1.5
2.3
0.0
0.0
0.0
0.0
0.0
0.0
0.0
2.5
1.3
0.8
0.0
0.0
22.4
0.0
0.0
0.0
0.0
0.0
0.0
1.5
0.0
0.0
0.0
0.0
0.0
1.5
0.0
1.5
0.0
21.1
1.3
0.3
0.0
0.0
0.0
0.0
0.0
0.0
0.0
0.0
7.4
2.8
0.0
2.3
0.0
0.0
0.0
0.0
2.0
0.5
0.0
12.7
0.5
0.0
0.0
0.0
0.0
2.0
0.8
0.0
0.0
2.0
1.0
0.3
96.5
20.1
0.0
0.0
0.0
0.0
19.0
0.0
0.0
0.0
0.0
0.0
0.0
0.0
0.0
0.0
0.0
10.2
1.8
0.0
0.0
0.0
4.6
0.0
0.0
0.0
1.8
0.0
1.5
0.0
3.0
1.8
0.0
0.0
0.0
17.8
0.0
0.0
0.0
0.0
2.3
4.1
0.0
0.0
0.0
0.0
0.0
8.4
15.2
0.0
0.0
0.0
0.0
0.0
0.0
0.0
0.0
0.0
0.0
0.0
2.8
6.3
0.0
0.0
0.0
0.0
0.0
0.0
0.0
5.6
2.0
0.8
0.0
1.8
0.0
0.0
0.0
6.3
0.0
0.0
5.1
1.3
0.0
0.0
0.0
0.0
0.0
0.0
0.0
0.0
0.0
0.0
0.0
0.0
1.3
0.0
0.0
0.0
0.0
0.0
0.0
0.0
0.0
0.0
0.8
0.0
0.0
1.0
31.0
0.0
0.0
0.0
0.8
0.0
0.0
0.0
0.0
3.3
0.0
5.8
0.8
0.0
0.0
0.0
0.3
0.0
0.0
1.8
0.0
29.2
20.3
0.0
13.7
3.3
1.8
1.3
0.0
0.0
0.0
0.0
0.0
0.0
0.0
0.0
0.0
0.0
0.0
0.0
0.0
0.0
0.0
0.0
0.0
0.0
0.0
11.7
0.0
8.9
0.0
15.0
0.0
0.0
0.0
0.0
1.8
5.1
5.1
7.4
0.3
0.8
0.0
0.0
0.0
0.0
0.0
0.5
3.0
4.3
17.8
12.2
0.0
0.0
0.0
43.2
0.0
0.0
0.0
0.0
0.5
60.5
0.0
0.0
0.0
0.0
0.3
24.4
2.3
0.0
0.8
0.0
0.0
0.3
0.0
0.0
0.0
4.3
49.0
0.3
2.0
0.0
6.1
25.9
1.3
0.0
0.0
0.0
0.0
0.3
0.0
0.0
23.4
0.0
0.0
0.0
0.0
0.0
0.0
0.0
4.1
12.4
0.0
0.0
17.8
0.0
2.8
36.3
4.3
19.0
0.0
4.3
0.0
0.0
0.0
0.0
0.0
0.0
0.0
0.0
5.6
0.0
0.3
0.0
0.0
0.0
0.0
13.0
6.9
0.0
0.0
0.0
3.6
0.0
0.0
0.0
0.0
0.0
30.2
0.0
0.0
0.0
0.0
0.0
0.0
0.0
1.3
1.3
3.8
11.9
0.0
0.0
25.4
1.8
49.5
1.8
2.5
22.9
0.0
0.0
0.0
0.0
0.0
0.0
0.0
0.0
0.0
0.0
0.0
0.0
0.0
0.0
0.0
0.0
0.5
5.3
0.0
0.0
0.0
0.0
0.0
0.0
0.0
0.0
0.0
0.0
0.0
0.0
0.0
0.0
0.0
6.9
0.0
0.0
0.0
0.0
0.0
0.5
8.1
0.0
0.0
0.3
23.6
0.3
9.1
0.3
0.0
26.7
20.1
1.0
0.0
0.0
2.5
1.3
0.0
0.0
28.4
0.0
20.1
6.3
0.0
14.5
19.0
0.5
12.7
0.0
0.0
0.0
0.0
0.0
0.0
2.0
2.5
0.0
0.0
0.0
0.0
0.0
0.0
8.4
0.5
0.0
0.5
0.0
8.1
24.1
0.0
1.0
13.2
1.0
9.1
13.0
0.0
0.0
0.0
0.0
5.6
24.4
1.5
0.0
0.8
2.5
0.3
0.0
0.0
0.0
0.0
0.0
0.0
0.0
0.0
0.0
0.0
0.0
0.0
0.0
0.3
0.0
0.0
0.0
0.0
0.0
1.3
0.0
16.5
20.6
19.6
26.4
0.3
3.8
0.0
0.0
3.6
9.4
46.0
6.3
0.0
1.0
0.0
0.0
0.0
0.0
0.0
0.0
0.8
0.0
0.0
0.0
0.0
0.0
1.0
10.4
0.0
0.0
0.0
0.0
0.0
0.0
0.0
5.1
8.9
2.0
0.8
0.0
0.0
4.8
20.3
0.5
2.8
0.0
0.0
0.0
4.3
2.8
0.0
0.0
0.0
0.0
0.0
0.0
3.3
0.0
0.0
0.0
0.0
0.0
0.0
0.5
0.0
0.0
0.0
1.5
0.0
0.0
0.0
0.0
0.0
0.0
0.0
0.5
0.0
0.0
0.0
17.8
6.3
10.7
4.1
0.5
0.0
0.0
0.0
4.8
0.0
3.3
0.0
0.0
0.0
0.0
0.0
0.0
0.0
0.0
0.0
8.4
1.0
0.0
0.0
0.0
0.0
0.0
0.0
0.0
3.3
12.7
3.8
0.0
0.0
3.8
1.5
0.0
0.5
2.5
0.0
0.0
0.0
0.0
0.0
0.0
0.0
0.0
3.0
2.0
0.0
8.9
0.3
0.3
0.5
0.0
0.0
0.0
8.1
14.7
0.0
0.8
0.0
0.0
0.0
0.0
0.0
0.0
0.0
1.0
0.0
0.0
0.0
0.0
0.0
0.0
0.0
0.0
0.0
1.8
0.0
2.5
0.0
0.5
17.5
0.0
0.0
0.0
0.0
0.0
0.0
0.0
0.0
0.0
0.0
0.0
0.0
0.0
0.0
0.0
0.0
0.0
0.0
0.0
0.0
26.4
0.0
0.0
2.8
0.0
0.0
0.0
10.9
24.1
0.5
0.0
8.9
0.0
2.0
34.8
0.0
0.0
0.0
0.0
0.0
0.0
0.0
6.3
0.0
0.0
0.0
0.0
0.0
0.0
0.0
0.0
2.3
0.8
0.0
0.0
0.0
0.0
0.0
0.0
16.0
10.4
6.3
1.3
0.0
0.0
49.3
28.2
0.0
7.1
0.0
0.0
0.0
1.0
0.0
0.0
0.0
0.0
0.0
0.0
0.0
0.0
0.0
0.0
0.0
0.0
0.0
0.3
0.0
0.0
0.0
0.0
6.6
0.0
5.8
0.0
0.0
20.1
21.3
0.0
0.0
0.0
2.3
0.0
16.0
0.0
0.0
11.4
0.0
0.0
0.0
0.0
0.0
0.0
0.0
0.0
0.0
0.0
0.0
0.0
0.0
0.0
0.3
0.0
0.0
0.0
0.0
0.0
3.3
33.5
0.0
0.0
0.5
0.0
0.0
0.0
0.0
0.0
0.0
1.3
24.6
0.0
0.0
0.0
0.0
18.3
0.0
0.0
0.0
0.0
0.0
0.0
2.5
0.0
12.2
12.4
0.0
0.0
0.0
0.0
0.0
0.0
0.0
0.0
0.0
0.0
6.3
41.7
0.0
0.0
2.0
0.8
0.0
2.8
0.0
0.0
0.0
0.0
7.1
0.0
0.0
0.5
0.0
5.1
2.0
0.0
0.0
0.8
0.0
0.0
0.0
0.0
0.0
0.0
3.8
0.0
0.0
0.8
0.8
0.0
4.3
0.0
0.0
2.5
0.0
0.0
0.0
0.0
0.0
0.0
0.0
4.6
0.0
11.9
8.9
0.0
0.0
0.0
0.0
0.0
0.0
7.4
0.0
0.0
0.0
0.0
0.0
0.0
1.0
13.7
0.0
0.3
0.0
0.0
1.0
0.0
0.0
0.0
0.0
0.0
0.0
0.0
0.0
1.8
0.0
0.0
0.0
1.0
7.6
0.0
0.0
0.0
0.0
0.0
0.0
0.0
0.0
0.0
0.0
0.0
0.0
0.0
0.0
0.0
0.5
2.0
0.0
5.1
3.0
10.7
0.0
16.8
45.7
0.0
0.0
1.0
0.0
0.0
0.0
0.0
5.1
1.3
0.0
0.0
0.0
0.0
0.0
7.6
0.0
0.0
6.1
0.0
0.0
15.7
0.0
0.0
7.1
20.8
1.0
0.0
0.0
0.0
1.0
0.0
9.9
1.3
0.8
4.6
0.0
14.7
0.0
0.0
0.0
0.0
0.0
1.0
4.6
0.0
0.0
0.0
15.5
10.7
6.6
0.0
2.5
0.0
0.0
0.0
0.0
0.0
0.0
18.3
0.0
1.5
2.5
2.0
2.8
3.0
8.4
0.0
0.0
0.0
0.0
0.0
0.0
2.3
0.0
0.0
0.0
0.0
0.0
5.3
8.6
5.8
10.9
0.0
0.0
0.0
1.8
0.0
0.0
0.0
6.6
0.0
0.0
0.0
0.0
0.0
0.0
1.0
48.3
21.1
0.0
0.0
0.0
0.0
0.0
15.0
0.5
0.0
0.0
0.8
0.0
0.0
0.5
15.0
3.6
0.0
0.0
0.0
3.8
0.0
4.3
24.1
5.1
0.5
0.0
0.0
0.0
4.8
0.0
10.9
5.1
6.3
0.0
0.0
0.0
0.0
74.4
14.5
0.0
0.0
0.0
0.0
0.0
0.8
0.0
0.0
0.0
0.0
0.5
23.1
13.0
4.1
0.0
0.0
0.5
5.8
0.0
0.0
16.0
11.4
0.3
0.0
0.0
0.0
0.0
0.0
0.0
3.3
31.5
3.0
0.0
3.3
0.0
0.0
0.0
0.0
0.8
9.1
0.0
0.0
0.0
0.0
0.0
21.6
1.3
0.0
0.0
0.0
0.0
18.0
0.0
0.0
0.0
0.5
35.1
0.3
0.0
0.0
0.0
0.0
0.0
0.8
0.0
0.0
0.0
0.0
0.0
0.0
0.0
0.0
0.0
0.0
9.9
3.8
0.0
0.0
0.0
0.3
50.3
0.0
0.0
0.0
0.0
10.4
0.0
0.0
0.0
4.6
5.3
0.5
0.0
0.0
0.0
0.0
0.0
0.0
0.0
1.5
3.3
2.3
0.0
0.0
0.0
16.0
0.0
0.5
0.0
10.9
13.5
0.0
0.0
0.0
0.0
0.0
0.0
0.0
0.0
0.0
0.0
0.0
0.0
0.0
27.2
64.8
1.5
0.0
0.0
0.0
0.0
0.5
0.0
0.0
0.0
5.1
10.7
0.0
0.0
0.0
0.0
0.0
3.0
0.0
0.0
26.2
16.3
0.0
0.0
0.0
0.0
0.0
0.0
0.0
0.0
17.3
6.9
0.0
0.0
0.0
14.7
0.0
0.0
0.0
0.0
0.0
0.0
0.8
22.6
1.8
23.1
0.3
0.0
0.0
0.0
0.0
4.6
0.5
0.0
2.5
0.0
0.0
0.0
0.0
0.0
0.0
0.0
0.0
0.0
0.0
0.0
0.0
0.0
10.4
0.0
0.0
0.0
0.0
0.0
14.2
12.2
0.0
0.0
5.1
0.0
0.0
0.0
0.0
0.0
0.0
0.0
20.1
0.0
0.0
0.0
6.1
8.9
0.0
0.0
0.0
0.0
0.0
0.0
0.0
3.8
0.0
0.0
0.0
0.0
6.3
0.0
0.0
0.0
6.9
4.3
1.0
0.3
14.0
8.6
0.3
0.0
0.0
0.3
6.9
0.0
32.0
11.4
0.0
0.0
3.8
0.0
0.0
0.0
0.0
0.0
0.0
14.5
3.3
0.0
0.8
6.6
0.0
0.0
0.0
0.0
0.0
0.0
0.0
0.0
0.0
35.6
19.0
7.6
0.0
0.0
0.0
0.0
0.0
1.0
0.8
3.8
0.0
0.0
0.0
0.0
0.0
0.0
0.0
0.0
0.0
0.0
10.9
0.0
0.0
0.0
0.0
0.0
0.0
0.0
0.0
5.8
2.5
10.2
0.3
0.0
0.0
0.8
10.4
0.5
0.8
0.0
0.0
0.0
0.0
0.0
0.0
0.0
0.0
0.0
0.0
0.0
0.0
0.0
0.0
0.0
5.1
0.0
0.0
29.2
17.3
20.8
4.8
0.0
19.3
14.5
20.3
0.0
0.0
0.0
0.0
1.3
2.5
0.0
0.0
0.0
0.0
0.0
7.1
0.0
2.5
0.0
0.0
0.0
10.4
15.5
0.0
0.8
0.0
0.0
0.0
0.0
0.0
0.0
0.0
11.4
1.0
0.0
0.0
0.0
0.0
0.0
0.0
2.0
0.0
0.0
0.0
0.0
0.0
0.0
0.0
0.0
0.0
2.5
0.3
3.6
0.0
4.1
15.7
4.8
0.0
0.0
0.0
15.2
0.0
0.0
0.0
0.0
0.0
0.0
0.0
0.0
0.0
0.0
0.0
0.0
4.1
5.8
0.0
0.0
5.6
0.0
0.0
0.0
0.0
0.0
0.0
0.0
0.0
0.0
0.0
0.0
0.0
0.0
0.0
2.0
0.0
0.0
0.0
0.0
4.6
0.0
38.4
0.0
0.3
0.0
0.0
0.0
2.3
0.0
0.0
0.0
0.0
0.0
0.0
29.5
0.0
20.8
1.8
0.0
0.0
0.0
10.4
0.0
0.0
1.3
11.4
0.3
0.0
0.0
0.0
0.0
0.0
0.0
0.0
0.0
0.0
0.0
0.0
0.0
0.0
1.0
0.0
11.9
0.0
0.0
0.0
0.0
0.0
0.8
0.0
15.2
33.8
0.0
0.0
0.0
5.3
1.5
0.0
0.0
0.0
0.0
4.6
11.7
0.0
0.5
0.0
3.6
0.0
18.3
6.3
10.2
14.2
0.3
0.0
1.3
16.5
0.0
0.0
0.0
0.0
2.3
0.0
0.0
0.0
0.0
0.0
4.6
0.3
3.8
0.0
0.0
2.8
0.3
0.0
0.0
4.1
0.0
0.0
80.3
3.6
0.0
1.5
0.0
0.0
0.0
0.0
0.0
0.5
0.8
0.0
0.0
0.0
1.5
0.0
1.0
0.0
0.0
0.0
0.0
0.0
8.6
0.0
15.4
0.4
0.0
10.3
21.9
42.2
3.4
0.3
0.9
0.0
0.0
0.0
0.3
0.0
0.0
0.0
25.3
1.2
0.0
0.4
0.0
2.4
3.6
0.0
0.0
7.2
0.8
0.0
2.6
0.0
0.0
7.6
2.7
7.7
0.0
0.0
0.0
0.0
0.0
0.0
0.0
0.0
0.0
0.0
0.0
0.0
25.4
17.8
0.0
0.0
0.0
0.0
0.0
0.0
0.0
3.8
11.7
0.0
0.0
0.5
6.9
0.0
0.0
2.8
0.0
0.0
0.0
0.0
7.6
4.6
14.5
2.2
2.1
0.0
0.0
0.0
0.0
0.0
0.0
0.0
0.0
0.0
0.0
0.0
2.3
0.0
0.0
0.0
2.8
0.0
0.0
0.0
0.0
0.0
0.0
0.0
0.0
7.1
1.0
0.0
45.2
5.1
0.0
0.5
0.0
13.7
0.0
0.0
0.0
10.9
0.0
0.0
0.0
0.0
0.0
3.8
0.0
0.0
0.0
0.0
0.0
0.0
0.0
34.5
85.1
0.0
0.0
26.2
0.0
10.2
0.0
0.0
0.0
0.0
0.0
0.0
0.0
0.0
0.0
0.0
0.0
0.0
1.3
0.0
0.0
0.0
0.0
0.0
0.0
0.0
0.0
0.0
0.0
2.0
1.5
0.0
0.0
18.3
0.0
33.8
0.0
0.0
0.0
0.0
0.0
0.0
0.0
0.0
0.0
0.0
1.5
6.3
31.2
0.0
0.0
0.5
0.0
0.0
0.0
0.0
7.6
1.3
0.0
0.0
0.0
3.0
0.0
0.0
0.0
0.0
0.0
0.0
0.0
0.0
0.0
0.0
0.0
0.0
0.0
0.0
0.0
0.0
0.0
1.0
0.5
0.0
0.0
0.0
0.0
0.0
0.0
0.0
0.0
0.0
0.0
0.0
5.1
65.0
0.0
0.0
1.3
0.0
0.0
0.0
29.2
16.5
31.0
79.0
0.0
0.0
0.0
0.0
0.0
0.5
0.0
0.0
0.0
0.0
0.0
0.0
0.0
0.0
8.4
0.0
0.0
0.0
0.0
0.0
0.0
0.0
0.0
0.0
0.0
0.0
0.0
0.0
0.0
3.3
4.3
0.0
0.0
0.0
0.0
0.0
0.0
0.0
31.5
0.0
0.0
0.0
0.0
0.0
0.0
0.0
0.0
0.0
0.0
0.0
0.0
0.0
0.0
0.0
0.0
0.0
0.0
7.4
0.3
0.0
2.8
0.8
0.0
0.0
0.0
0.0
0.0
0.0
0.0
3.6
0.0
0.0
0.0
0.0
0.0
8.9
0.0
0.0
0.0
1.0
0.0
0.0
0.0
0.8
0.0
0.0
0.0
0.0
0.0
0.0
9.4
0.0
4.3
0.0
22.9
0.0
0.0
0.0
0.0
22.9
0.0
0.0
0.8
27.4
0.0
0.0
0.0
0.0
0.0
0.0
0.0
0.3
0.0
0.5
0.0
0.0
3.0
0.0
0.0
0.0
7.6
0.0
0.0
0.0
0.0
2.3
1.0
0.0
0.0
0.0
0.0
0.8
1.8
0.0
0.0
0.0
0.0
0.0
0.0
0.0
0.4
0.0
0.0
0.0
0.0
0.0
0.0
1.3
14.1
16.7
0.0
0.9
0.0
0.0
0.0
0.8
0.8
0.0
0.0
0.0
0.0
0.0
0.0
0.0
15.3
0.0
0.0
0.0
0.0
0.0
0.0
0.0
0.0
4.6
2.8
24.6
13.5
0.0
0.0
0.0
0.0
0.0
0.0
0.0
0.0
0.0
0.0
0.0
0.0
0.0
5.8
0.0
0.0
0.0
27.7
0.0
1.3
7.9
0.0
15.5
0.0
0.5
12.7
0.0
0.0
0.0
7.9
0.0
0.0
15.2
6.6
0.0
0.0
0.0
0.0
1.3
22.1
3.0
0.3
0.0
0.0
0.0
2.5
0.0
29.0
0.3
22.1
26.7
3.0
0.0
0.0
0.0
0.0
0.0
7.6
3.8
0.0
0.3
0.0
8.1
23.9
0.0
46.2
0.0
0.0
0.0
0.0
0.0
0.0
0.0
0.0
0.0
8.4
16.8
12.7
0.0
5.3
0.0
0.0
3.6
14.7
10.9
0.0
0.0
0.0
5.6
2.0
2.8
8.1
1.8
0.0
0.0
0.0
5.1
27.9
41.9
0.0
25.4
0.0
0.0
0.0
0.0
0.0
0.0
0.0
3.8
0.0
0.0
0.0
0.0
0.0
1.3
30.5
0.0
0.0
0.3
26.7
0.0
0.8
0.0
0.0
0.0
33.0
0.0
0.0
0.0
2.5
0.0
0.0
0.0
0.0
0.0
16.5
0.0
0.0
0.0
27.9
0.0
0.0
0.0
1.3
0.0
0.0
16.5
0.0
0.0
7.1
0.0
0.0
0.0
0.0
0.0
0.0
0.0
0.0
27.9
34.3
0.0
28.4
0.5
0.0
0.5
0.0
0.0
0.0
0.0
6.6
1.8
0.5
0.0
0.0
0.0
0.0
0.0
0.0
32.5
0.0
0.0
0.0
0.0
0.0
0.0
0.0
0.0
0.0
0.0
0.0
0.0
0.0
0.0
10.9
0.0
3.6
0.3
0.8
2.0
0.3
0.8
0.0
0.0
0.0
22.9
0.8
0.0
0.0
6.3
0.8
0.5
45.7
7.6
0.0
3.3
0.5
15.2
5.6
0.5
0.5
0.0
0.0
0.0
0.0
0.0
74.9
1.3
0.0
2.3
3.6
7.6
0.0
34.3
32.5
0.0
0.0
0.0
0.0
0.0
0.0
0.0
0.0
0.0
0.0
1.0
0.0
0.0
0.0
0.0
26.2
30.5
14.0
6.3
3.6
0.0
0.0
0.0
0.0
13.2
1.8
2.5
0.0
0.0
0.3
0.0
0.0
0.0
0.0
0.0
0.0
1.3
0.0
20.3
0.0
0.0
0.0
3.6
0.0
0.0
0.0
0.0
0.0
0.8
0.0
2.3
0.0
8.1
24.1
36.1
1.3
31.8
3.8
0.0
0.0
2.0
0.0
0.0
0.0
0.0
0.0
0.0
9.4
2.5
0.0
0.0
0.0
0.0
0.0
0.0
0.3
0.3
0.3
0.0
0.5
0.3
3.3
4.1
0.8
8.9
0.5
1.3
0.0
2.0
0.0
0.0
0.0
0.0
0.0
0.0
0.0
3.6
7.6
0.0
0.0
6.3
0.5
0.0
0.0
0.0
0.0
7.6
0.5
0.0
0.0
0.0
3.3
3.8
20.6
0.5
0.3
0.0
0.0
0.0
0.0
0.0
0.0
0.0
0.0
0.0
0.0
0.0
3.8
0.0
1.3
7.4
0.0
21.1
6.3
0.0
0.0
0.0
0.0
0.0
0.0
1.8
0.0
0.0
0.0
2.5
13.2
0.0
12.7
2.3
0.0
0.0
0.0
0.0
8.9
1.0
2.0
5.6
7.6
5.1
0.0
0.0
0.0
0.0
0.0
0.0
0.0
0.0
0.0
0.0
0.0
0.0
0.0
2.5
0.0
13.8
22.4
11.2
0.0
0.0
0.0
0.0
2.8
6.1
0.0
2.8
0.0
0.0
0.0
0.0
0.0
0.0
31.0
2.0
6.6
1.2
0.0
0.0
26.2
8.9
0.0
0.0
9.7
1.1
0.0
0.0
1.3
0.0
0.0
0.0
0.0
0.0
0.0
9.1
22.1
0.0
0.0
12.2
48.3
0.0
0.0
37.8
0.0
0.0
0.0
21.3
10.4
1.0
13.2
0.0
2.0
18.5
0.0
1.0
3.8
23.6
26.7
0.0
0.5
0.0
1.3
0.0
0.0
0.0
0.0
0.0
0.0
0.0
0.0
0.0
0.0
0.0
0.0
0.0
0.0
0.0
34.3
0.0
0.0
0.0
0.0
0.0
37.1
4.6
40.4
0.0
0.0
9.7
0.0
0.0
0.0
0.0
0.0
0.3
0.0
0.0
0.0
0.0
0.0
0.0
0.0
0.0
0.0
0.0
7.6
0.0
0.0
53.3
0.0
0.0
0.0
0.0
0.0
0.0
24.1
0.0
0.0
0.0
0.0
0.0
0.0
0.0
0.0
0.0
0.0
16.5
34.8
19.0
0.0
0.0
0.0
0.0
0.0
0.0
0.0
8.6
0.0
0.0
0.0
0.0
4.3
0.0
0.0
17.0
0.0
0.0
16.5
10.2
3.6
0.0
5.6
0.0
0.0
0.0
0.0
0.0
3.0
1.3
0.0
0.0
0.0
0.0
0.0
0.0
0.0
0.0
0.0
0.0
2.5
0.0
0.0
0.0
0.0
0.3
0.0
0.0
0.0
0.3
4.3
5.8
10.4
0.3
0.0
0.0
0.0
0.0
0.0
0.0
0.0
0.0
5.1
0.0
0.0
0.0
0.0
0.0
0.0
0.0
1.8
0.8
0.0
0.5
0.0
0.0
0.0
0.0
0.0
4.1
12.7
0.3
26.7
2.5
0.0
0.0
0.0
17.3
0.3
0.0
0.0
3.8
12.7
0.0
0.3
0.0
0.0
0.0
0.0
15.2
2.0
0.0
0.0
2.5
0.3
0.0
0.0
0.0
0.0
0.0
0.0
0.0
8.9
0.0
0.0
0.0
0.0
0.0
3.6
7.6
0.0
0.0
0.0
0.0
0.0
0.0
0.8
0.0
0.0
3.6
3.0
0.0
0.0
0.0
0.0
0.0
2.8
0.8
3.8
1.5
0.5
0.0
2.5
0.0
0.0
0.0
0.3
0.0
0.0
0.0
5.1
35.6
0.0
0.0
0.0
2.5
0.0
0.0
0.0
0.0
0.0
0.0
0.0
0.0
0.0
0.0
0.0
0.0
0.0
10.2
1.5
4.3
0.0
1.5
7.6
0.0
0.0
19.6
0.0
0.0
0.0
0.0
33.0
5.1
0.0
0.0
12.7
0.5
0.0
0.0
0.0
0.0
5.1
0.0
0.0
0.0
0.5
0.5
0.0
0.0
0.5
0.5
0.0
0.0
0.0
0.0
0.0
0.0
0.0
0.0
0.0
0.0
8.9
0.0
0.0
0.0
5.8
4.3
0.0
24.1
0.0
0.0
0.0
0.0
17.8
15.2
0.0
9.7
24.1
0.0
7.6
24.6
0.3
0.3
22.9
1.5
3.0
0.0
0.0
0.0
8.6
0.0
0.0
0.0
4.3
1.3
0.0
0.0
0.0
0.0
0.0
0.0
7.6
8.9
5.1
0.0
0.0
0.0
0.0
0.0
0.0
21.3
0.0
5.6
45.2
0.0
0.0
20.3
0.0
0.0
0.0
0.0
7.1
0.0
1.0
4.3
0.0
0.0
0.0
0.0
6.1
5.1
0.0
2.5
17.8
0.5
0.0
0.0
0.0
12.7
0.5
3.6
0.0
1.0
0.0
6.3
48.3
0.0
0.0
0.0
0.0
0.0
0.0
0.0
0.0
0.0
0.0
2.5
0.0
0.0
0.0
0.0
16.5
0.0
0.0
0.0
0.0
0.0
0.0
0.0
0.0
0.0
0.0
0.0
13.7
0.0
0.0
0.0
0.0
0.0
0.0
0.0
0.0
0.0
0.0
0.0
0.0
0.0
0.0
2.5
0.0
0.0
0.0
0.0
29.2
0.0
0.0
0.0
0.0
0.0
0.0
0.0
0.0
0.0
4.3
0.5
0.0
0.0
0.0
0.0
0.0
2.3
0.0
0.0
0.0
0.0
0.0
0.0
0.0
0.0
14.2
0.0
0.0
0.0
0.0
0.0
12.4
0.0
0.0
0.0
3.8
0.0
0.0
0.0
0.0
2.5
0.0
9.1
28.4
0.5
0.0
0.0
0.0
0.0
0.0
0.0
0.0
0.0
0.0
0.0
0.0
0.0
0.0
0.0
16.5
1.0
0.0
0.0
0.0
6.3
3.6
5.8
0.0
0.0
0.0
3.0
0.0
2.3
1.8
0.0
0.0
0.0
2.5
0.0
0.0
19.3
18.8
0.0
0.0
0.8
7.6
10.2
0.0
0.0
0.0
0.3
0.0
0.0
0.0
0.0
0.0
0.0
0.0
0.0
0.5
12.2
0.0
0.0
0.0
12.6
0.0
9.9
0.0
0.0
0.0
0.0
5.3
0.0
0.0
0.0
0.0
0.8
0.0
0.0
0.0
0.5
5.1
31.8
0.0
0.0
0.0
0.0
20.3
7.6
0.5
0.0
0.0
0.0
0.0
12.2
0.0
0.0
0.0
3.8
0.7
0.0
0.0
0.0
0.0
0.0
0.0
0.0
0.0
0.0
0.0
0.0
6.3
0.0
0.0
0.0
17.8
0.0
0.0
0.0
1.5
0.0
8.4
0.0
0.0
3.3
5.3
1.5
0.0
0.0
0.0
0.0
0.0
0.0
7.1
4.3
0.0
0.0
0.8
0.0
0.0
1.0
0.0
0.0
3.8
0.0
2.0
0.0
0.0
0.0
0.0
1.3
0.0
0.0
0.5
0.0
0.0
0.0
0.0
6.9
0.0
0.0
2.5
0.0
2.5
0.0
0.0
10.2
0.8
0.0
0.0
0.8
0.0
0.0
0.0
1.0
0.0
1.8
0.0
0.0
0.0
0.0
7.6
1.5
0.0
0.0
0.0
0.0
0.0
3.3
0.0
5.3
0.0
0.0
0.0
0.0
0.0
0.0
0.0
0.0
0.0
0.0
0.0
0.8
0.6
8.7
25.7
0.0
0.0
0.0
2.0
1.8
0.0
0.0
0.0
0.0
3.3
0.0
3.2
0.0
21.8
2.5
14.0
2.5
1.3
2.5
0.0
20.8
0.8
0.0
0.0
0.0
0.0
0.0
0.0
0.0
0.0
0.0
0.0
0.0
0.0
5.1
0.0
0.0
0.0
0.0
0.0
0.0
0.0
0.0
0.0
0.0
14.8
0.0
0.5
0.0
5.8
0.0
0.0
0.0
0.0
0.0
0.0
1.0
0.0
0.0
0.0
0.0
7.9
0.0
0.0
0.0
0.0
0.3
0.0
0.0
0.5
0.0
0.0
0.0
0.0
0.7
6.9
0.0
0.0
0.0
0.0
0.0
0.0
0.0
13.5
0.0
0.0
0.0
5.8
0.0
1.8
0.0
0.0
0.0
0.0
0.0
0.0
0.0
0.0
0.0
0.0
0.0
1.8
0.0
0.0
0.0
0.0
0.0
0.0
0.0
0.0
24.1
0.0
0.0
0.0
0.0
0.0
0.0
0.0
11.4
8.6
0.0
0.0
16.5
0.0
0.0
0.3
0.0
0.0
0.0
0.0
0.0
0.0
29.2
0.0
0.0
0.0
0.0
41.9
21.6
3.6
0.0
0.0
0.0
0.0
16.5
0.0
0.0
0.0
0.0
0.0
3.6
0.0
0.0
0.0
7.6
0.0
0.0
0.0
6.9
0.0
0.0
1.8
9.4
1.3
0.0
0.0
0.0
0.0
0.0
1.8
0.8
25.7
27.4
0.0
0.0
0.0
1.3
0.0
0.0
0.0
61.2
1.8
0.0
0.0
8.9
5.8
11.7
0.0
0.0
18.3
0.3
0.0
8.4
0.0
0.0
0.0
0.0
0.0
0.0
0.0
2.0
0.5
0.0
0.0
4.8
0.0
0.0
0.0
0.0
23.6
0.0
0.0
0.0
0.0
0.0
0.0
0.0
0.0
0.0
0.0
3.3
0.0
0.0
0.0
0.0
0.0
0.0
0.0
0.0
0.0
0.0
21.6
0.0
0.0
2.8
1.8
3.6
1.0
0.0
0.0
0.0
0.0
5.1
4.3
0.0
5.6
0.0
15.0
2.5
0.0
0.0
0.0
0.0
0.0
0.0
0.0
0.0
0.0
0.0
3.3
0.0
0.0
0.0
0.0
0.0
0.0
0.0
0.0
0.0
17.3
0.0
5.8
0.0
0.0
0.0
0.0
0.0
0.0
0.0
0.0
0.0
0.0
0.0
0.8
0.0
0.0
7.6
0.0
3.3
1.5
0.0
1.3
0.8
0.0
0.0
0.0
0.0
5.3
0.0
0.0
11.2
0.0
0.0
0.0
0.0
0.0
0.0
0.0
0.0
0.0
0.0
13.2
0.0
0.0
0.0
19.3
17.5
1.5
0.6
0.0
0.0
0.0
0.9
4.3
0.0
0.0
0.0
9.7
5.7
0.0
0.4
0.0
0.0
0.0
0.0
0.8
0.0
0.0
0.0
0.0
0.0
2.5
19.6
0.0
0.0
0.0
0.0
0.0
0.0
0.0
0.0
0.0
0.0
0.0
0.0
0.0
0.0
0.0
0.0
49.3
0.0
0.0
0.0
0.0
15.7
10.7
12.7
63.2
0.0
0.0
0.0
0.0
13.3
1.6
0.0
0.0
12.2
0.2
0.0
0.0
0.0
18.3
8.9
5.6
0.5
0.0
0.0
0.0
17.3
0.0
0.0
0.0
0.0
0.0
0.0
0.0
0.0
0.0
0.0
22.9
0.0
0.0
0.0
0.0
9.1
14.0
12.7
2.5
0.0
13.5
24.6
12.4
0.0
0.0
0.0
0.0
0.0
0.0
0.0
0.3
0.0
0.0
0.0
0.0
0.0
10.4
0.0
0.0
0.0
0.0
0.0
4.6
4.6
0.5
0.5
14.7
0.0
0.0
0.0
5.8
0.3
0.0
0.0
0.0
0.0
0.0
0.0
0.0
0.0
0.0
31.5
0.0
0.0
0.0
0.0
0.0
0.0
0.0
0.0
0.0
0.0
5.6
1.5
0.0
0.0
0.0
6.9
0.0
0.0
0.0
11.4
2.5
0.0
0.0
0.0
0.0
0.0
0.0
3.0
0.0
0.0
0.0
0.0
0.0
0.0
0.0
0.0
0.0
0.0
0.0
0.0
0.0
0.0
0.0
0.0
0.0
0.0
0.0
0.0
0.0
0.0
0.0
0.0
0.0
0.0
0.0
0.0
0.0
0.0
0.0
0.0
0.0
0.0
1.3
0.0
0.0
0.0
3.0
0.0
0.0
0.0
3.6
1.3
0.0
0.0
0.0
0.0
0.0
0.0
0.0
6.6
0.0
0.0
0.0
0.0
23.9
0.0
4.3
2.5
0.0
0.0
0.0
0.0
0.0
0.0
0.0
3.3
5.1
0.8
0.0
5.8
0.0
0.0
0.0
9.7
0.0
0.0
0.0
0.0
0.0
0.0
2.5
34.3
30.5
0.0
0.0
0.0
0.0
10.2
6.9
0.0
0.0
0.0
0.5
2.5
0.0
0.0
0.0
0.0
1.0
7.9
0.0
0.0
3.0
6.9
0.0
0.0
0.0
0.0
0.0
0.0
0.0
0.0
0.0
0.0
0.0
0.0
0.0
0.0
0.0
0.0
1.8
0.0
0.0
0.0
0.0
11.4
0.0
1.1
0.0
0.0
0.0
2.3
5.3
3.3
0.0
0.0
0.0
0.0
0.0
0.0
0.0
0.0
0.0
0.0
6.9
0.8
0.0
0.0
16.5
0.0
0.0
0.0
0.0
17.8
0.0
0.0
0.0
1.5
0.8
0.0
0.0
5.1
0.0
3.6
0.0
0.0
0.0
0.8
0.0
0.0
0.0
0.0
0.0
0.0
10.2
10.4
0.0
0.0
12.7
0.0
0.0
0.0
0.5
0.0
0.0
0.0
0.0
0.0
6.3
0.8
0.0
17.3
0.0
5.8
3.8
0.0
3.8
0.0
1.3
0.0
0.0
0.0
0.0
5.6
0.0
0.0
0.0
0.0
0.0
0.0
0.0
0.0
0.0
30.5
1.0
0.0
0.0
0.0
0.0
0.0
1.0
0.0
0.0
0.0
0.0
0.0
1.3
0.0
7.1
10.2
0.0
0.0
0.0
0.0
2.0
29.5
7.6
0.5
0.0
0.0
2.5
0.0
0.0
0.0
0.0
0.0
10.7
1.3
0.0
0.0
0.0
0.0
0.0
0.0
1.0
0.0
0.0
1.3
0.0
0.0
18.8
10.4
1.0
0.5
0.0
0.0
0.8
0.0
0.0
0.0
0.0
6.3
0.0
8.9
0.0
39.4
2.5
13.5
5.8
5.8
0.0
0.0
0.0
0.0
0.0
0.0
0.0
0.0
0.0
0.5
0.0
1.8
2.5
0.0
0.0
0.3
0.0
33.8
0.5
0.0
0.0
36.8
0.0
11.2
8.1
0.0
0.0
0.0
0.0
0.0
0.0
0.0
0.0
16.8
0.0
16.3
12.7
14.5
1.3
0.0
0.0
0.0
2.5
22.9
39.9
0.0
2.5
0.0
0.0
13.5
0.3
17.8
0.0
0.0
0.0
6.3
18.5
0.0
10.2
0.0
0.0
0.0
0.0
0.0
0.0
0.0
0.0
0.0
0.0
6.3
10.2
0.0
0.0
0.0
0.0
0.0
10.7
0.0
0.0
35.6
0.0
1.8
11.4
11.9
1.0
0.0
0.3
0.0
0.0
0.0
0.0
0.8
0.5
0.0
0.0
7.6
0.0
31.8
0.5
0.0
0.0
42.4
0.3
16.0
0.5
33.5
0.0
1.8
0.0
0.0
0.0
34.8
0.0
0.0
0.0
55.9
52.8
0.0
2.0
0.0
0.0
26.7
0.0
0.0
0.0
0.0
3.8
0.0
0.0
0.0
0.0
0.0
0.0
0.0
0.0
0.0
0.0
22.1
31.8
2.5
1.0
3.3
1.3
0.7
0.3
3.8
0.0
0.0
1.8
28.7
2.4
3.3
0.0
0.0
0.0
0.0
0.0
0.0
0.0
0.0
0.0
0.0
0.0
12.7
0.0
0.0
2.3
0.0
0.0
0.0
7.6
3.8
0.5
0.0
0.0
0.0
0.0
0.0
3.0
0.0
0.0
0.0
0.0
0.5
0.5
0.0
0.0
0.0
2.5
1.6
35.6
0.8
0.0
1.0
0.3
0.0
0.0
0.0
0.0
0.0
0.0
0.0
10.7
0.0
0.0
1.8
0.0
0.0
0.0
0.0
0.0
0.3
3.8
0.3
0.0
0.8
0.0
0.0
0.0
21.1
0.0
0.8
0.0
0.0
0.8
0.0
0.0
0.0
0.0
0.0
4.3
11.4
0.8
5.1
0.5
0.0
0.0
0.0
0.0
6.6
0.0
0.0
0.0
0.0
0.0
0.0
0.0
0.0
0.0
0.0
0.0
0.0
0.8
3.0
1.0
0.0
0.0
0.0
0.0
13.5
6.9
0.0
0.0
2.5
0.0
0.0
0.0
0.0
0.0
0.0
0.8
0.0
0.0
0.0
0.0
0.0
0.5
0.0
0.0
7.6
0.0
0.0
0.0
0.0
2.5
0.0
0.0
14.0
1.3
0.8
1.5
0.0
0.0
0.0
0.0
0.0
0.0
0.5
0.0
0.0
0.5
0.0
0.0
0.0
0.0
0.0
3.6
0.0
0.0
0.0
1.8
9.4
8.6
0.0
0.0
0.0
2.0
0.0
0.0
0.0
2.5
0.0
0.0
0.0
3.8
7.1
10.2
3.3
0.0
0.0
2.5
0.0
0.0
0.0
0.0
0.0
0.0
14.2
0.0
3.0
0.0
0.0
3.8
16.3
0.0
0.0
0.0
1.0
0.0
0.0
0.0
2.3
32.0
0.0
0.0
16.0
22.9
12.7
21.6
6.1
0.0
0.0
9.1
3.8
5.1
0.0
0.0
0.0
2.8
0.0
0.0
0.0
1.5
0.0
6.3
0.0
0.0
20.3
7.4
0.5
0.0
0.0
0.0
0.0
0.0
0.0
35.6
0.0
0.0
0.0
1.5
16.5
8.1
3.8
25.4
0.5
0.5
1.8
0.0
12.7
2.0
0.0
0.0
33.5
1.0
19.0
0.0
9.7
9.7
0.0
0.5
0.0
0.0
0.0
0.0
5.1
2.0
68.8
1.0
0.5
66.5
0.5
3.0
0.0
0.0
6.3
0.0
0.5
3.8
3.8
0.0
0.0
0.0
0.0
0.0
0.0
0.0
0.8
0.0
0.0
0.0
0.0
6.9
0.0
0.0
1.3
0.0
0.0
2.5
11.9
0.0
0.0
0.0
0.0
0.0
0.0
0.0
1.5
11.9
0.0
0.0
0.0
1.5
0.8
0.0
0.0
0.0
0.0
1.8
0.0
0.0
0.0
0.0
0.0
0.0
0.0
0.0
0.0
0.0
21.6
0.0
15.2
2.5
0.0
0.0
0.0
0.0
0.0
12.7
50.8
0.0
0.0
0.0
0.0
0.0
0.0
0.0
0.0
0.0
0.0
0.0
0.0
0.0
0.5
0.0
0.0
0.0
0.0
0.0
1.5
0.0
0.0
0.0
0.0
0.0
0.0
0.0
0.0
0.0
0.0
0.0
0.0
0.0
0.0
0.0
0.0
0.0
5.1
22.9
1.5
0.0
2.5
13.5
0.0
0.8
0.0
0.0
3.6
0.0
0.0
0.0
0.0
0.0
7.6
0.0
0.0
0.0
0.0
20.3
16.5
0.0
0.0
8.9
6.9
0.0
0.0
0.0
1.3
23.4
7.6
0.0
3.8
8.9
1.5
1.3
0.0
0.0
0.0
2.5
0.0
0.0
0.0
0.0
0.0
1.5
17.8
0.0
4.6
0.0
0.0
0.0
0.0
9.7
1.0
0.5
21.6
0.0
0.0
52.1
27.9
48.3
0.0
0.0
0.0
0.0
0.0
0.0
0.0
0.0
0.0
1.3
1.8
8.4
0.0
0.0
0.0
0.0
0.0
5.8
0.8
0.0
0.0
7.6
0.0
0.0
0.0
0.0
0.0
0.0
0.0
0.0
0.0
0.0
0.0
0.0
0.0
2.5
0.0
0.0
0.0
0.0
0.0
0.8
0.8
0.0
0.5
0.0
1.3
5.1
0.0
0.0
0.0
0.0
0.0
0.0
0.0
0.0
2.0
8.4
0.0
0.0
0.0
0.0
1.8
0.5
0.3
1.0
0.0
0.0
1.5
0.8
0.5
1.3
0.0
0.0
2.8
20.3
0.0
1.8
0.0
0.0
0.0
0.0
0.0
0.0
0.0
7.6
8.6
0.0
0.0
6.3
0.0
0.0
35.3
0.5
0.0
0.0
0.0
0.0
0.0
22.9
0.0
0.5
0.0
6.9
0.0
0.0
0.0
0.0
0.0
0.0
0.0
0.0
0.0
20.3
2.0
0.0
0.0
0.0
0.0
0.0
5.3
0.0
6.3
16.8
0.5
0.0
6.9
0.3
0.0
0.0
1.3
14.0
57.1
5.1
8.9
0.5
6.9
0.0
0.0
1.8
0.0
0.0
0.0
0.0
0.0
0.0
0.0
0.0
0.0
25.4
1.3
0.0
0.0
0.0
10.9
0.0
0.0
0.5
0.0
0.0
0.0
0.0
0.0
14.2
0.0
0.0
0.0
3.6
26.7
0.0
0.0
0.0
0.0
0.0
10.2
22.9
4.1
0.0
0.0
0.0
0.0
0.0
0.0
0.0
5.6
0.0
6.3
7.1
0.0
24.6
2.5
3.0
0.0
0.0
0.0
0.0
0.0
41.9
0.0
0.0
0.0
17.0
6.9
1.8
0.0
31.5
0.0
0.0
59.2
0.0
0.0
0.0
2.5
0.0
0.0
0.0
0.8
0.0
0.0
1.3
0.0
0.0
0.0
0.0
0.0
0.0
0.0
7.6
0.0
19.0
39.4
0.0
0.0
0.8
0.8
0.0
0.0
0.0
0.0
20.3
7.1
5.6
0.0
0.3
0.0
3.0
0.0
0.0
0.0
0.0
0.0
0.0
0.0
31.8
30.0
9.1
0.0
0.0
0.0
3.6
0.0
0.0
3.0
0.0
0.0
0.0
0.0
0.0
0.0
0.0
0.0
2.5
0.0
0.0
0.8
11.9
2.5
2.5
0.0
0.0
0.0
5.1
0.0
0.0
0.0
0.0
0.0
5.1
2.8
0.0
0.0
0.0
9.7
0.0
0.0
7.4
1.8
0.0
0.0
0.0
0.0
3.0
2.0
0.0
0.0
0.0
0.0
0.0
0.0
16.5
0.0
0.0
0.0
0.0
0.0
4.1
0.0
0.0
0.0
0.0
0.0
0.0
0.0
0.0
0.0
4.3
0.0
0.0
0.0
10.7
20.1
0.0
0.0
0.0
10.7
15.2
0.0
0.0
0.0
0.0
0.0
11.4
0.0
0.0
0.0
0.0
0.0
5.1
2.5
0.0
0.0
0.0
0.0
2.5
1.0
0.0
0.0
0.0
0.0
0.0
2.5
0.0
10.2
0.0
0.0
0.0
0.0
0.0
0.0
0.0
12.7
7.6
2.3
0.0
0.0
0.0
0.0
0.0
1.0
4.1
0.0
1.8
2.5
0.5
7.6
0.0
0.0
11.4
0.0
0.0
0.0
0.0
0.0
0.0
0.0
0.0
0.0
0.0
0.0
0.0
0.0
0.0
0.0
0.0
0.0
3.6
0.0
7.6
0.0
0.0
0.0
0.0
0.0
0.0
0.0
0.0
0.0
0.0
0.0
1.0
1.8
0.0
1.0
0.0
0.0
0.0
0.0
11.4
0.0
0.0
0.0
0.0
0.0
11.9
0.0
0.0
0.0
0.0
0.0
7.6
0.8
0.0
0.0
2.5
0.0
0.0
0.0
0.0
0.0
0.0
0.0
3.0
2.3
0.0
3.8
0.0
16.5
28.2
1.3
0.0
0.8
9.4
12.7
14.7
0.0
0.0
0.0
0.0
0.0
0.0
0.0
0.0
0.0
13.2
1.3
0.0
0.0
0.0
1.5
0.0
0.0
0.0
0.0
0.0
19.0
0.0
6.3
44.4
12.7
0.8
0.0
16.5
12.2
0.8
0.0
0.0
0.3
0.0
11.9
0.0
0.0
0.0
0.0
0.0
0.0
0.0
2.8
12.7
15.5
0.0
0.8
1.0
0.5
0.0
0.8
0.0
0.0
0.0
3.3
0.0
0.0
0.0
0.0
0.0
0.0
0.0
0.0
0.0
0.0
0.0
0.0
0.0
0.0
14.2
0.0
0.0
3.6
0.0
0.0
20.3
0.0
0.0
8.9
0.0
0.0
0.0
0.0
0.0
0.0
0.0
0.0
0.0
0.0
15.7
0.8
0.0
0.0
0.0
0.0
6.3
15.2
0.0
0.0
0.0
0.0
0.0
0.0
3.8
0.0
0.0
0.0
4.6
0.0
0.0
0.0
14.7
16.5
0.0
0.0
0.0
0.0
10.2
0.0
11.9
0.0
0.0
1.0
0.0
0.0
0.0
6.3
0.0
0.0
0.0
0.0
0.0
0.5
0.0
0.0
0.0
0.0
19.0
0.5
0.0
0.0
0.0
0.0
0.5
3.8
0.0
0.0
0.0
0.0
0.0
0.0
0.0
0.0
0.0
0.0
0.0
0.0
0.0
0.0
0.0
0.0
0.0
0.0
0.0
0.0
8.9
0.0
0.0
0.0
0.0
0.0
0.0
0.0
0.0
0.0
0.0
0.0
0.0
0.0
0.0
0.0
5.6
33.8
7.6
5.8
0.0
10.7
23.4
1.3
0.0
0.0
5.6
0.0
0.0
0.0
0.0
0.0
0.0
0.0
23.9
4.3
3.8
0.0
0.0
0.0
0.0
0.3
0.8
0.0
2.0
2.5
0.0
1.3
4.3
0.0
0.0
0.0
0.0
0.0
0.0
0.0
0.0
8.9
1.8
0.0
6.9
26.7
0.0
0.0
0.0
0.0
0.0
0.0
0.0
0.0
0.0
0.0
2.3
0.0
0.0
0.0
0.0
3.0
0.0
0.0
0.0
0.0
0.0
0.0
0.0
0.0
0.0
0.0
0.0
0.0
1.3
0.0
0.0
0.0
0.0
1.0
1.0
5.6
0.0
0.0
0.0
0.0
2.3
0.9
0.0
0.0
0.0
0.0
0.0
0.0
0.0
2.5
0.0
0.0
0.0
4.6
0.0
0.0
5.1
0.0
0.0
0.0
0.0
0.0
0.0
8.4
2.4
0.0
0.0
0.0
0.0
0.0
0.0
0.0
0.0
0.0
0.0
0.0
0.0
1.3
2.5
0.0
0.0
0.0
0.0
8.9
0.0
0.0
0.0
0.0
0.0
0.0
0.0
43.2
22.9
55.1
0.0
3.0
5.8
6.1
0.0
0.0
1.3
7.1
7.9
0.0
0.0
0.0
7.6
0.3
0.0
0.0
0.0
0.0
0.0
0.0
0.0
0.0
0.0
11.4
0.0
0.0
0.0
0.0
0.0
0.0
16.5
18.0
0.0
16.5
4.3
3.8
0.0
0.0
0.0
12.7
15.5
3.8
0.0
0.0
0.0
0.0
5.1
0.0
0.0
0.0
0.0
29.2
5.1
1.8
0.0
0.0
0.5
0.0
0.0
0.0
0.0
3.8
0.0
0.0
0.0
0.0
0.0
0.0
0.0
0.0
16.5
2.8
0.0
0.0
0.0
0.0
0.0
7.9
0.0
0.0
0.0
0.0
0.0
52.1
0.0
0.0
0.0
0.0
0.5
0.5
0.0
0.0
0.0
10.2
0.5
0.0
0.0
5.6
9.9
0.0
0.0
0.0
0.0
0.0
0.0
0.0
0.0
0.0
24.9
30.5
3.0
4.6
0.0
0.0
0.0
0.0
0.0
0.5
23.9
29.5
2.8
19.6
0.0
0.0
12.4
0.0
0.0
0.0
0.0
0.0
12.7
0.0
0.0
2.8
2.5
0.0
0.0
0.0
0.0
0.0
0.0
0.0
0.0
16.8
0.0
0.8
0.0
0.0
0.0
0.0
6.1
0.5
0.0
0.0
0.0
0.0
0.0
0.0
58.7
0.8
0.0
0.0
0.0
0.0
0.0
0.0
5.1
0.0
0.0
0.0
0.0
0.0
0.0
0.0
0.0
0.0
6.4
0.2
0.0
7.6
0.5
0.0
0.0
0.8
10.9
0.0
0.0
0.0
13.2
1.9
0.0
0.0
0.0
0.0
0.0
0.0
0.0
5.1
43.2
8.1
0.0
0.0
0.0
0.0
0.0
0.0
0.0
0.0
0.0
0.0
0.3
0.0
0.0
0.0
0.0
6.9
8.4
0.0
0.0
0.0
0.0
0.0
0.0
0.0
0.0
44.4
0.0
8.4
41.9
0.0
0.0
6.1
0.0
5.8
0.0
3.6
0.0
0.0
0.0
0.0
0.5
0.0
0.0
0.0
0.0
0.0
8.1
6.3
0.8
0.0
0.0
10.2
5.6
15.7
0.3
1.3
7.6
4.4
0.0
0.0
5.1
0.0
0.0
0.0
1.3
0.0
7.6
2.5
0.0
0.0
0.0
0.0
0.0
0.0
0.0
12.5
0.0
16.5
0.0
0.0
0.0
0.0
19.0
12.7
3.8
0.5
0.0
0.0
2.8
0.0
0.0
0.0
0.0
0.0
0.0
13.2
0.0
0.0
0.0
0.0
0.0
3.8
2.5
0.0
0.0
0.0
0.8
0.0
6.6
19.0
0.0
0.0
24.1
