20000101
0.0
0.0
1.5
9.8
0.0
0.0
0.0
0.0
1.5
0.0
0.0
0.0
0.0
0.0
0.0
0.0
0.0
0.0
0.0
6.6
0.0
0.0
2.5
0.0
0.0
0.0
0.0
0.0
0.0
4.9
0.0
0.0
0.0
0.3
0.8
0.0
0.0
0.0
0.0
0.0
1.3
0.0
0.0
0.0
1.0
0.0
0.0
0.0
34.5
0.5
0.0
0.0
0.0
0.0
2.0
0.0
0.0
7.1
0.0
0.0
1.5
0.0
0.0
0.0
0.0
0.0
0.0
0.0
0.0
0.0
1.8
7.9
0.0
0.0
0.5
1.8
0.0
0.0
5.3
20.1
0.0
0.0
0.0
0.0
0.0
0.0
4.1
0.0
0.0
0.0
0.0
0.0
0.5
0.0
0.0
0.0
0.0
0.0
4.6
0.0
0.0
10.9
0.0
0.0
0.0
0.0
0.0
14.7
2.8
0.0
3.3
13.2
0.0
0.0
16.5
0.0
0.0
0.0
0.0
0.3
0.0
0.0
5.6
0.0
0.3
0.0
0.0
0.3
0.0
14.0
8.6
0.0
0.0
26.9
0.0
0.0
0.0
0.0
0.5
6.1
0.0
0.0
0.3
3.8
0.0
0.0
0.0
31.2
14.2
0.0
0.0
0.0
0.0
0.0
0.0
0.0
24.6
0.0
0.0
0.0
0.0
0.0
0.0
13.2
27.9
0.0
18.0
0.0
0.0
0.0
0.0
0.0
47.2
0.0
0.0
18.5
10.2
8.6
3.6
0.0
1.0
0.0
0.0
0.0
3.3
0.0
52.6
0.3
0.0
0.0
0.0
0.0
40.6
0.0
0.0
0.0
0.0
0.0
0.0
0.0
5.1
0.0
0.0
0.0
0.0
0.0
0.0
0.0
0.0
0.0
0.0
1.3
3.0
0.0
0.0
0.0
0.0
0.0
25.9
1.8
0.5
3.0
0.0
0.0
0.0
0.0
0.0
0.0
0.0
0.0
17.8
0.0
0.0
0.0
9.9
10.9
6.9
0.0
0.0
3.0
0.0
1.0
0.0
0.0
0.0
0.0
0.0
0.0
0.0
0.0
0.0
0.0
0.0
0.8
18.3
4.8
0.0
0.0
3.6
0.0
0.0
0.0
0.0
0.0
7.1
1.3
0.3
13.2
14.0
8.4
0.0
0.0
0.0
0.0
0.0
0.0
0.0
8.9
20.3
6.3
0.0
0.3
0.0
0.0
0.0
0.0
0.0
1.5
17.8
0.0
1.8
0.0
0.0
0.0
0.0
0.0
0.0
0.0
0.0
0.0
0.0
0.0
0.0
0.0
0.0
0.0
2.3
0.5
0.0
0.0
0.0
26.4
0.0
5.3
20.8
0.0
0.0
10.4
0.0
0.0
0.0
0.0
0.0
0.0
0.0
0.0
0.0
0.0
0.0
2.8
9.4
0.3
0.0
1.5
0.0
0.0
1.5
0.0
0.0
0.0
0.0
0.3
0.0
0.0
0.0
8.6
17.8
0.0
9.1
0.0
0.5
2.0
0.0
1.8
0.0
1.0
0.0
0.0
0.0
0.0
0.0
0.5
0.0
2.0
2.3
0.5
0.5
0.0
0.0
0.0
0.0
0.0
0.0
0.0
0.0
0.0
0.0
3.0
0.0
1.5
0.0
0.0
0.0
0.0
0.0
0.3
0.0
0.0
0.0
0.0
0.0
1.0
3.6
0.0
16.3
22.9
1.0
0.0
0.0
0.3
0.3
0.5
0.0
0.0
0.0
0.5
12.4
0.0
0.0
0.0
12.4
1.5
0.0
0.0
0.0
0.0
0.0
0.0
2.8
0.0
5.1
74.4
0.0
0.0
0.0
0.0
0.0
0.0
0.0
0.0
0.0
0.0
0.0
0.0
0.0
0.0
1.3
2.3
0.0
1.0
19.6
4.8
0.0
0.0
0.0
0.0
0.0
0.0
0.0
0.0
0.0
0.0
0.0
0.0
0.0
0.0
2.8
0.0
0.0
0.0
0.0
1.5
0.0
0.0
0.8
0.8
12.7
0.5
0.0
0.0
6.9
1.5
0.3
0.0
0.0
4.3
1.5
0.3
0.0
1.5
0.3
1.0
0.0
0.5
0.0
0.0
0.8
0.0
0.0
0.0
8.9
0.0
2.5
1.8
0.0
0.0
13.7
0.0
0.0
0.3
0.5
0.0
0.5
16.8
0.3
0.0
1.3
1.8
1.0
2.5
0.5
4.1
11.9
0.0
0.3
0.0
2.8
8.1
6.1
0.5
7.9
6.6
31.8
0.0
0.0
0.0
0.0
0.0
0.0
0.0
0.0
0.3
0.3
0.0
0.0
0.0
0.0
23.1
4.8
0.0
0.0
0.0
0.0
0.0
0.0
0.0
0.0
0.0
0.3
0.0
21.3
0.0
0.0
0.0
0.0
6.3
0.0
0.0
0.0
0.0
0.0
0.0
0.0
0.0
10.7
6.1
0.0
0.0
0.5
0.0
3.3
0.0
2.3
0.0
0.0
44.4
0.0
0.0
0.0
0.0
32.3
0.0
0.0
0.0
0.0
0.0
0.0
0.1
0.0
0.0
0.0
0.0
0.6
4.7
0.0
0.0
17.2
0.0
0.0
0.5
30.8
2.3
1.5
1.5
0.0
0.0
0.0
0.0
14.9
0.0
0.0
0.0
0.0
0.0
0.0
5.2
2.9
8.9
3.9
0.0
0.0
0.0
0.0
0.0
0.0
0.0
2.1
13.4
0.6
5.0
0.0
0.0
0.0
0.0
0.0
0.0
0.0
0.0
0.0
0.0
0.0
0.0
0.0
16.7
9.9
0.0
0.0
0.0
8.0
8.3
26.0
0.6
24.9
4.2
13.8
0.0
0.0
0.0
0.0
0.0
1.1
4.6
0.1
22.3
0.0
0.0
0.0
0.0
0.0
0.0
0.0
5.1
0.0
0.0
0.0
0.0
0.0
0.0
0.8
0.0
0.0
0.0
0.0
0.0
0.0
0.0
0.0
0.1
0.9
0.0
0.0
0.0
0.0
6.5
3.2
0.0
1.2
5.7
8.4
18.0
0.0
0.0
0.0
0.0
0.0
1.6
0.0
0.0
0.0
0.0
0.0
1.9
7.5
6.8
2.4
4.0
16.8
2.3
0.0
0.0
0.0
0.0
3.8
0.0
0.0
0.0
0.0
0.0
0.0
0.0
0.0
0.0
0.0
0.0
0.0
0.0
0.4
0.0
0.0
0.0
0.0
0.2
0.0
0.0
0.0
0.0
0.0
0.0
0.0
0.3
0.0
0.0
0.0
0.0
1.0
0.6
0.0
0.0
0.0
0.0
14.4
40.0
13.6
0.0
0.0
0.0
0.0
0.0
0.0
0.0
0.0
0.0
4.7
0.0
0.0
0.0
0.0
0.0
0.0
0.0
6.7
21.6
10.1
0.0
0.0
0.0
0.0
10.1
0.5
0.0
0.0
5.6
10.4
0.0
0.0
0.0
0.0
0.0
14.6
3.2
0.0
0.5
0.0
0.0
2.8
5.4
3.4
0.0
0.4
3.2
0.0
0.0
0.0
0.0
19.1
12.4
0.4
0.0
0.0
1.2
0.0
0.0
1.4
1.1
0.0
0.0
0.0
0.0
3.1
8.1
0.0
0.0
0.0
1.6
0.0
0.0
0.0
0.0
0.0
0.0
8.6
26.8
8.3
0.0
0.0
17.2
0.0
0.0
44.6
0.0
0.0
0.0
4.3
0.0
0.0
0.0
15.1
27.3
1.1
20.2
0.0
2.8
43.0
23.5
5.6
0.0
0.4
27.2
7.6
0.0
0.0
0.0
0.0
0.0
2.0
1.1
0.0
0.0
6.6
3.4
0.0
0.0
0.1
0.0
0.0
0.0
11.3
5.3
0.0
0.0
0.0
1.2
1.0
40.0
22.0
6.3
12.2
1.2
0.0
0.0
0.0
0.0
0.0
0.0
0.0
0.0
2.0
0.7
0.0
0.0
0.0
0.0
0.0
0.0
0.0
0.0
0.0
0.0
0.0
0.0
0.0
0.0
0.0
0.0
0.0
0.0
0.0
0.0
0.0
0.0
0.0
0.0
0.0
9.5
13.9
0.0
0.0
0.0
18.1
2.0
5.8
0.3
0.0
0.0
2.5
0.0
0.0
0.0
0.0
0.0
0.0
0.0
0.0
0.0
0.0
0.0
3.6
8.9
7.9
10.2
0.0
10.9
14.0
0.0
0.0
24.4
22.9
0.0
0.0
0.5
0.0
0.0
0.0
0.0
0.0
0.0
0.0
0.0
0.0
0.0
0.0
0.0
0.0
0.0
0.5
0.0
0.0
0.0
0.5
4.6
0.0
18.8
0.0
15.2
3.8
0.0
0.0
0.0
0.0
0.0
0.0
0.0
0.0
0.0
0.0
0.0
0.0
0.0
13.7
0.0
0.8
0.0
0.0
0.0
0.0
0.0
3.6
0.0
0.0
0.0
0.0
0.0
31.0
0.0
0.0
0.0
0.0
0.0
4.3
6.1
0.0
0.0
5.8
5.1
1.3
0.0
0.0
0.0
0.8
8.1
0.0
0.0
0.0
0.0
2.0
0.0
0.0
0.0
0.0
2.5
0.0
0.0
0.0
0.8
0.0
0.0
3.6
0.0
0.0
1.5
0.0
0.0
0.0
0.0
0.0
0.0
0.0
0.0
0.0
0.0
0.0
0.0
0.0
0.0
0.0
0.0
0.0
0.0
0.0
0.0
0.0
0.0
8.6
33.3
0.8
0.0
0.0
0.0
0.0
12.4
0.0
0.0
0.0
0.0
0.0
0.0
0.0
0.0
5.3
0.0
3.6
0.0
0.0
0.0
0.0
0.0
0.0
0.0
0.0
0.0
0.0
0.5
1.0
0.0
0.0
0.0
0.0
0.0
0.0
0.0
0.0
2.0
0.0
0.0
2.5
0.0
0.5
5.3
0.0
0.0
0.0
0.0
0.0
0.0
0.0
0.0
1.3
2.8
0.0
0.0
6.1
5.3
0.0
0.0
0.0
0.0
0.0
0.0
0.0
0.0
1.3
0.0
0.0
0.0
0.0
0.0
0.0
0.0
0.0
3.6
0.5
0.0
0.0
0.0
0.0
0.0
0.0
16.3
0.0
0.0
0.0
0.0
0.0
1.3
22.6
4.1
0.0
0.0
0.0
1.8
0.0
0.0
0.0
10.9
0.0
0.0
0.0
0.0
0.0
0.0
0.0
0.0
9.1
0.0
0.0
0.0
0.0
0.0
0.0
0.0
0.0
0.0
5.6
2.5
0.0
10.7
0.5
0.0
0.0
0.0
8.6
3.3
0.0
0.0
0.0
0.5
5.8
0.5
0.0
0.0
34.8
0.0
2.3
0.0
4.6
1.3
16.0
0.0
0.0
0.0
7.1
0.0
0.0
16.0
0.0
15.5
0.0
0.0
0.0
0.0
0.0
0.0
0.0
0.0
2.8
0.0
2.3
0.0
0.0
7.4
0.8
0.0
0.0
9.7
0.0
0.0
0.0
25.7
28.7
0.0
34.8
0.0
0.0
0.0
0.0
2.3
0.0
0.0
0.0
0.0
0.0
0.0
2.0
0.5
0.0
0.0
1.0
0.0
0.0
0.0
0.0
0.0
0.0
0.0
0.0
21.3
35.1
0.0
0.0
0.0
0.0
0.0
0.0
0.0
15.5
1.8
0.0
21.8
0.0
2.0
0.0
0.0
0.0
0.0
0.0
15.5
0.0
0.0
0.0
0.0
1.5
0.8
0.0
0.0
18.5
0.0
0.0
0.0
0.0
0.0
0.0
0.0
0.0
0.0
0.0
0.0
0.0
0.0
0.0
0.0
0.0
0.0
0.0
0.0
0.0
0.0
4.8
0.0
42.4
131.8
5.6
0.0
0.0
0.0
0.0
0.0
0.0
0.0
0.0
0.0
0.0
0.8
1.0
0.0
0.0
0.0
0.0
0.0
0.0
3.3
0.0
3.0
0.0
0.0
0.0
17.0
0.0
0.0
0.0
0.0
0.0
0.0
0.0
0.0
0.0
0.0
0.0
0.0
0.8
0.0
0.0
0.0
18.3
0.0
0.0
0.0
0.0
0.0
0.0
0.0
0.0
0.0
0.0
2.8
9.7
0.0
0.0
0.0
0.0
0.0
0.0
1.3
0.0
0.0
10.9
0.0
0.0
0.0
0.0
0.0
1.0
1.3
0.0
0.0
1.0
0.5
0.0
44.2
12.4
0.0
0.0
0.0
0.0
18.5
0.0
1.5
0.0
0.0
0.5
0.0
0.0
0.0
0.0
0.8
6.3
0.5
0.0
0.0
0.0
4.1
0.0
0.0
0.0
1.8
0.0
0.0
0.0
0.0
1.5
1.5
0.0
0.0
23.9
0.8
0.0
0.0
0.0
0.0
12.4
0.0
0.0
0.0
0.0
0.0
19.8
10.7
0.0
0.0
0.0
0.0
0.0
0.0
0.0
0.0
0.0
0.0
0.0
3.3
4.1
0.0
0.0
0.0
0.0
0.0
0.0
0.0
1.3
2.8
0.5
0.0
1.3
0.0
0.0
0.0
4.8
0.0
0.0
3.0
1.5
0.8
0.0
0.0
0.0
0.0
0.0
0.0
0.0
0.0
0.0
0.0
0.0
0.0
0.5
0.0
0.0
0.0
0.0
0.0
0.0
0.0
0.0
0.0
0.0
0.0
1.0
31.2
0.0
0.5
0.0
0.0
0.0
0.0
0.0
0.0
2.8
0.0
3.6
2.3
0.0
0.0
0.0
0.0
0.0
0.0
0.0
1.0
41.9
34.5
0.0
14.5
15.5
5.8
4.1
0.0
0.0
0.0
0.0
0.0
0.0
0.0
0.0
0.0
0.0
0.0
0.0
0.0
0.0
0.0
0.0
0.0
0.0
0.0
9.4
0.0
12.2
0.0
7.6
0.0
0.0
0.0
0.0
0.0
4.3
4.6
5.6
0.0
1.0
0.0
0.0
0.0
0.0
0.0
0.0
4.8
0.0
36.1
0.0
10.4
0.0
0.0
21.1
0.0
0.0
0.0
0.0
0.5
26.2
0.0
1.0
0.0
0.0
0.0
10.7
0.5
0.0
0.0
0.0
0.0
0.0
0.0
0.0
0.0
3.6
51.8
0.0
0.0
0.0
1.3
38.9
14.2
0.0
0.0
0.0
0.0
2.0
0.0
0.0
7.4
0.0
0.0
0.0
0.0
0.0
0.0
0.0
0.0
0.8
0.0
6.6
4.8
0.0
0.0
46.7
0.8
1.0
0.0
10.9
0.0
0.0
0.0
0.0
0.0
0.0
0.0
0.0
6.1
0.0
0.0
0.0
0.0
0.0
5.8
10.9
0.0
0.0
0.0
0.0
9.4
0.0
0.0
0.0
0.0
0.0
25.9
0.0
0.0
0.0
0.0
0.0
0.0
0.0
6.1
0.0
7.1
12.2
0.0
0.0
1.0
13.7
79.0
0.0
24.6
5.8
0.0
0.0
0.0
0.0
0.0
0.0
0.0
0.0
0.0
0.0
0.0
0.0
0.0
0.0
0.0
0.0
1.0
0.0
0.0
0.0
0.0
0.0
0.0
0.0
0.0
0.0
0.0
0.0
0.0
0.0
0.0
0.0
0.0
1.0
0.0
0.0
0.0
0.0
0.0
13.2
0.0
0.0
0.0
0.0
24.4
0.5
34.8
0.8
0.0
12.2
21.8
0.5
0.0
0.0
2.0
2.8
0.0
0.0
6.6
20.8
2.8
0.8
0.0
7.9
20.8
0.0
8.1
0.0
0.0
0.0
0.0
0.0
0.0
3.0
3.3
0.0
0.0
0.0
0.0
0.8
8.6
3.6
0.0
0.0
1.3
0.0
5.3
20.1
0.0
21.3
8.4
1.8
9.1
14.7
0.0
0.0
0.0
0.0
18.0
29.0
1.0
0.0
0.0
2.8
0.0
0.0
0.0
0.0
0.0
0.0
0.0
0.0
0.0
0.0
0.0
0.0
0.0
0.0
0.0
0.0
0.0
0.0
0.0
0.5
0.0
1.0
13.2
19.1
21.9
19.9
0.0
3.7
0.0
0.0
3.2
26.0
25.5
4.6
0.0
0.0
0.0
0.0
0.0
0.0
0.0
0.0
0.8
0.0
0.0
0.0
0.0
0.0
2.7
5.0
0.0
0.0
0.0
0.0
0.0
0.0
0.0
4.3
7.9
1.5
0.5
0.0
0.0
0.0
23.4
0.0
0.0
1.8
0.0
0.0
2.8
0.8
0.0
0.0
0.0
0.0
0.0
0.0
0.8
0.0
0.0
0.0
0.0
0.0
0.0
0.8
0.0
0.0
0.0
0.0
0.0
0.0
0.0
0.0
0.0
0.0
0.0
0.0
0.0
0.0
0.0
19.3
4.6
0.0
0.0
0.0
0.0
0.0
0.0
1.5
0.0
3.3
0.0
0.0
0.0
0.0
0.8
0.0
0.0
0.0
0.0
3.3
5.8
0.0
0.0
0.0
0.0
0.0
0.0
0.0
1.0
19.3
5.8
0.0
0.0
4.1
0.0
0.0
0.0
2.3
0.0
0.0
0.0
0.0
0.0
0.0
0.0
0.0
0.0
0.0
0.5
0.0
1.0
0.0
7.1
0.0
0.0
0.0
15.0
5.8
0.0
0.0
0.0
0.0
0.0
0.0
0.0
4.3
0.0
0.5
0.0
0.0
0.3
1.3
0.0
0.0
0.0
0.0
0.6
7.1
0.0
7.7
0.0
0.8
36.7
0.0
0.0
0.0
0.0
0.0
0.0
0.0
0.0
0.0
0.0
0.0
1.2
0.0
0.0
0.8
0.0
0.0
0.0
0.0
0.0
6.9
0.0
0.0
0.0
0.0
0.0
0.0
14.5
20.1
0.0
5.1
9.1
0.0
4.6
18.0
0.0
0.0
0.0
0.0
0.0
0.0
0.0
19.0
0.0
0.0
0.0
0.0
0.0
0.0
0.0
2.8
29.0
1.8
0.0
0.0
0.0
0.0
0.0
0.0
13.7
4.6
5.8
2.3
0.0
0.0
53.1
6.1
0.0
7.9
0.0
0.0
0.0
2.3
0.0
0.0
0.0
0.0
0.0
0.0
0.0
0.0
0.0
0.0
0.0
0.0
0.0
0.0
0.0
0.0
0.0
0.0
5.8
0.0
21.8
0.0
0.0
19.8
14.0
0.0
0.0
0.0
0.0
0.0
40.9
0.0
0.0
13.2
0.0
0.0
0.0
0.0
0.0
0.0
0.0
0.0
0.0
0.0
0.0
0.0
0.0
0.0
0.0
0.0
0.0
0.0
0.0
0.0
3.0
26.4
0.3
0.0
0.0
0.0
0.0
0.0
0.0
0.0
0.0
27.2
0.0
0.0
0.0
0.0
0.0
18.5
0.0
0.0
0.3
0.0
0.0
0.0
0.8
0.0
7.1
15.2
0.0
0.0
0.0
0.0
0.0
0.0
0.0
0.0
0.0
0.0
4.8
19.8
7.9
0.0
0.8
1.5
0.0
1.0
0.0
0.3
0.5
0.0
7.4
0.0
0.0
0.5
0.0
2.8
2.0
0.0
0.0
0.0
0.5
0.0
0.0
0.0
0.0
0.0
3.3
0.0
0.0
0.5
4.6
0.0
0.0
0.0
0.0
2.3
0.0
0.0
0.0
0.0
0.0
0.0
0.0
4.7
0.0
2.1
6.5
0.0
0.0
3.8
0.0
0.0
0.0
3.5
0.0
0.0
0.0
0.0
0.0
0.0
0.0
19.3
0.0
0.8
0.0
0.0
0.0
0.0
0.0
0.0
0.0
0.0
0.0
0.0
0.0
0.0
0.0
0.0
0.0
6.1
15.5
0.0
0.0
0.0
0.0
0.0
0.0
0.0
0.0
0.0
0.0
0.0
0.0
0.0
0.0
0.0
0.0
0.0
1.0
0.5
6.1
23.1
15.5
0.0
25.1
0.8
0.0
0.0
0.0
0.0
0.0
0.0
6.6
5.8
0.0
0.0
0.0
0.0
0.0
5.8
0.8
0.0
9.4
0.0
0.0
15.3
0.0
0.0
8.4
26.6
0.4
0.0
0.0
0.0
0.4
0.0
3.6
2.4
0.6
29.7
0.0
17.0
0.0
0.0
0.0
0.0
0.0
2.0
2.9
0.0
0.0
0.0
7.6
5.8
10.4
0.0
3.0
0.0
0.0
0.0
0.0
0.0
0.0
23.4
0.0
2.8
1.0
1.8
4.6
0.0
12.4
0.0
0.0
0.0
0.0
0.0
0.0
1.5
0.0
0.0
0.0
0.0
0.0
2.0
10.9
3.6
0.0
0.0
0.0
0.0
0.3
0.0
0.0
0.0
3.6
0.0
0.0
0.0
0.0
0.0
0.0
0.0
7.4
4.3
0.0
0.0
0.0
0.0
0.0
0.5
2.0
1.0
0.0
0.0
0.0
0.0
0.0
34.3
8.1
0.0
0.0
0.0
0.0
0.0
37.1
9.9
26.9
0.0
0.0
0.0
0.0
0.0
0.0
0.8
3.3
27.2
0.0
0.0
0.0
0.0
158.2
56.6
0.0
0.0
0.0
0.0
0.0
0.0
0.0
0.0
0.0
0.0
0.0
1.3
34.5
0.5
0.0
0.0
7.9
10.4
0.0
0.0
25.1
57.9
0.0
0.0
0.0
0.0
0.0
0.0
0.0
1.5
58.2
2.5
0.0
1.3
0.8
0.0
0.0
0.0
3.6
0.0
0.0
3.6
0.0
0.0
0.0
10.7
0.0
1.0
0.0
0.0
0.0
14.7
0.0
0.0
0.0
4.8
0.0
0.0
0.0
0.0
0.0
0.0
0.0
0.0
0.0
0.0
1.8
0.0
0.0
0.0
0.0
0.0
0.0
0.0
5.1
2.8
0.0
0.0
0.0
0.0
51.1
0.0
0.0
0.0
0.0
4.6
0.0
0.0
0.0
9.1
2.3
1.3
0.0
0.0
0.0
0.0
0.0
0.0
0.0
0.0
1.8
1.5
0.8
0.0
0.0
14.5
0.0
0.0
0.0
8.1
9.7
0.0
0.0
0.0
0.0
0.0
0.0
0.0
0.0
0.0
0.0
0.0
0.0
0.0
17.5
40.4
7.1
0.0
0.0
0.0
0.0
0.0
0.0
0.0
0.0
0.0
1.3
10.9
5.6
0.0
0.0
0.0
0.0
4.1
0.0
0.0
14.7
18.0
0.0
0.0
0.0
0.0
0.0
0.0
0.0
15.5
1.3
0.0
0.0
0.0
14.5
2.0
0.0
0.0
0.0
0.0
0.0
0.0
23.9
0.8
19.8
0.0
0.0
0.0
0.0
0.0
5.8
0.0
0.0
2.3
0.0
0.0
0.0
0.0
0.0
0.0
0.0
0.0
0.0
0.0
0.0
0.0
0.0
9.3
0.0
0.0
0.0
0.0
0.0
14.3
12.6
0.0
0.0
4.2
0.8
0.0
0.0
0.0
0.0
0.0
0.0
23.8
0.0
0.0
0.0
0.8
7.9
0.0
0.0
0.0
0.0
0.0
0.0
0.0
0.0
0.0
0.0
0.0
0.0
4.1
0.0
0.0
0.0
3.6
4.8
0.5
2.8
13.0
7.4
0.0
0.0
0.0
0.0
5.6
0.0
31.5
16.3
0.0
0.0
3.0
0.0
0.0
0.0
0.0
0.0
0.0
12.2
8.4
0.0
1.5
6.6
0.0
0.0
0.0
0.0
0.0
0.0
0.0
0.0
0.0
11.4
5.8
10.7
0.0
0.0
0.0
0.0
0.0
0.0
0.5
2.0
0.0
0.0
0.0
0.0
0.0
0.0
0.0
0.0
0.0
0.0
15.5
0.0
0.0
0.0
0.0
0.0
0.0
0.0
0.0
3.8
0.0
5.6
2.5
0.0
0.0
2.3
1.0
0.0
0.0
0.0
2.3
0.0
0.0
0.0
0.0
0.0
0.0
0.0
0.0
0.0
0.0
0.0
0.0
0.0
10.4
0.0
0.0
15.5
2.0
45.5
0.0
0.0
6.9
8.9
16.0
0.0
0.0
0.0
0.0
0.0
1.8
0.0
0.0
0.0
0.0
0.0
0.0
0.0
10.4
0.0
0.0
0.0
4.8
8.4
0.0
0.0
0.0
0.0
0.0
0.0
0.0
0.0
0.0
9.7
0.0
0.0
0.0
0.0
0.0
0.0
0.0
0.8
0.0
5.1
0.0
0.0
0.0
0.0
0.0
0.0
0.0
2.8
1.3
5.6
0.0
3.0
0.0
9.7
0.0
0.0
0.0
4.6
0.0
0.0
0.0
0.0
0.0
0.0
0.0
0.0
0.0
0.0
0.0
0.0
4.3
7.1
0.0
0.0
3.8
0.0
0.0
0.0
0.0
0.0
0.0
0.0
0.0
0.0
0.0
0.0
0.0
0.0
0.0
0.0
1.8
0.0
0.0
0.0
5.6
0.0
13.0
0.0
0.0
0.0
0.0
0.0
0.0
0.0
0.0
0.0
0.0
0.0
0.0
24.6
0.0
21.3
4.6
0.0
0.0
0.0
15.5
0.0
0.5
0.0
8.9
0.0
0.0
0.0
0.0
0.0
0.0
0.0
0.0
0.0
0.0
0.0
0.0
0.0
0.0
0.0
0.0
5.8
0.0
0.0
0.0
0.0
0.0
0.0
0.0
4.3
51.1
0.0
0.0
0.0
7.4
1.8
0.0
0.0
0.0
0.0
3.3
0.0
0.0
0.8
0.0
2.8
0.8
7.1
3.6
2.3
7.9
0.0
0.0
1.5
16.0
0.0
0.0
0.0
0.0
3.3
0.5
0.0
0.0
0.0
0.0
3.0
0.0
2.8
0.0
0.0
0.0
0.8
0.0
0.0
3.0
1.3
0.0
58.9
3.6
0.0
3.3
0.0
0.0
0.0
0.0
0.0
0.0
0.0
0.0
0.0
0.0
0.8
0.0
1.0
0.0
0.0
0.0
0.0
0.0
4.3
0.0
17.5
0.7
0.0
15.1
22.9
64.8
1.4
0.0
1.3
0.0
0.0
0.0
0.2
0.0
0.0
0.0
27.2
1.4
0.0
0.5
0.0
2.1
6.5
0.0
0.0
3.4
0.6
0.0
3.0
0.0
0.0
5.1
4.1
9.1
0.0
0.0
0.0
0.0
0.0
0.0
0.0
0.0
1.5
0.0
0.8
0.0
23.9
17.3
0.0
0.0
0.0
0.0
0.0
0.0
0.0
1.0
39.1
0.0
0.0
0.8
0.0
0.0
14.2
1.5
0.0
0.0
0.0
0.0
4.8
4.3
24.4
0.0
2.8
0.8
0.0
0.0
0.0
0.0
2.0
0.3
0.0
0.0
0.0
0.0
0.0
21.8
0.0
1.3
2.8
0.0
0.0
7.4
5.6
0.0
0.0
0.0
0.0
15.5
4.8
0.0
13.0
10.4
0.0
3.0
0.5
20.1
0.0
0.0
0.0
5.8
0.0
0.0
0.0
9.7
0.0
0.8
0.5
0.0
0.0
0.0
15.2
0.0
0.0
68.8
127.8
3.8
0.0
27.4
9.7
1.3
0.0
0.0
0.0
0.0
0.0
0.0
2.5
0.0
0.0
0.0
0.0
0.0
0.0
0.0
0.0
0.8
0.0
0.0
3.0
0.0
0.0
0.0
0.0
1.5
7.1
0.0
0.0
51.6
10.9
46.7
0.0
0.0
30.2
19.3
0.0
0.0
0.0
0.0
0.0
0.0
0.0
0.0
26.4
0.0
0.0
0.0
0.0
0.0
0.0
0.0
5.6
0.0
0.0
0.0
0.0
1.8
0.0
3.8
0.0
0.0
0.0
0.0
0.0
0.0
0.0
0.0
0.0
0.0
0.0
0.0
0.0
0.0
0.0
4.6
9.7
0.0
0.0
0.0
0.0
0.0
0.0
0.0
0.0
0.0
0.0
9.9
0.0
65.8
0.0
4.3
0.0
2.5
0.0
0.0
0.0
12.2
0.0
124.2
0.0
0.0
0.0
0.0
0.0
0.0
2.3
0.0
0.0
0.0
0.0
0.0
0.0
0.0
0.0
0.0
0.0
0.0
0.0
0.0
0.0
0.0
0.0
28.2
0.0
0.0
0.0
0.0
0.0
0.0
4.8
0.0
3.6
0.0
0.0
0.0
0.0
0.0
32.0
1.0
0.0
0.0
0.0
0.0
0.0
0.0
0.0
0.0
0.0
0.0
0.0
1.5
0.5
0.0
0.0
0.0
0.3
3.6
0.8
0.8
1.0
4.6
0.0
0.0
0.0
0.0
0.0
0.0
0.0
0.0
0.0
0.0
0.0
0.0
0.0
5.6
2.3
1.3
0.8
0.0
0.0
0.0
0.3
7.4
9.4
9.9
0.0
0.0
0.0
0.0
1.3
0.0
5.8
0.0
31.2
0.5
0.0
0.0
0.0
24.9
6.6
0.0
0.5
30.7
0.0
0.0
0.0
0.0
0.0
0.0
0.0
0.0
0.0
0.3
0.0
0.0
1.5
0.0
0.0
0.0
2.8
0.0
0.0
0.0
0.5
1.0
0.0
0.0
0.0
0.0
0.0
0.0
1.0
0.0
7.9
0.0
0.0
0.0
0.0
0.0
0.5
0.0
0.0
0.0
0.0
0.0
0.0
2.8
11.7
17.0
0.0
0.0
0.0
0.0
0.0
0.0
1.3
0.0
0.5
0.0
0.0
0.0
0.0
0.0
8.4
0.0
0.0
0.0
0.0
0.0
0.0
0.0
0.0
8.1
0.0
14.5
11.2
0.0
0.0
0.0
0.0
0.0
0.0
0.0
0.0
0.0
0.0
0.0
0.0
0.0
6.1
0.0
0.0
0.0
13.2
0.0
0.0
5.8
0.0
17.3
0.0
0.0
21.3
0.5
0.0
0.0
12.7
0.0
0.0
6.1
2.0
0.0
0.0
0.0
0.0
4.8
14.5
1.3
0.0
0.0
0.0
0.0
0.0
0.0
32.5
0.5
20.6
5.3
2.8
0.0
0.0
0.0
0.0
0.0
11.2
3.3
0.0
0.5
0.0
9.1
43.4
0.0
27.2
0.0
0.0
0.0
0.0
0.0
0.0
0.0
0.0
0.0
31.2
8.1
0.5
3.0
2.5
7.1
0.0
0.8
5.6
8.1
0.0
0.0
0.0
0.8
1.8
2.0
12.2
3.0
0.0
0.0
0.0
0.0
12.7
23.1
23.4
0.0
0.0
0.0
0.0
0.0
0.0
0.0
0.0
3.0
0.0
0.0
0.0
0.0
0.0
0.8
39.1
0.0
0.0
0.0
1.3
0.0
0.0
0.0
0.0
0.0
6.3
1.5
0.0
0.0
0.0
0.0
0.0
0.5
0.0
0.0
0.0
0.0
0.0
0.0
5.3
0.0
0.0
0.0
0.0
0.0
0.0
23.6
0.0
0.0
3.0
0.0
0.0
0.0
0.0
0.0
0.0
0.0
0.0
4.3
5.1
0.0
9.1
0.8
0.0
0.0
0.0
0.0
0.0
0.0
1.5
2.3
0.0
0.0
0.0
0.0
0.0
0.0
0.0
13.0
0.0
0.0
0.0
0.0
0.0
0.0
0.0
0.0
0.0
0.0
0.0
0.0
0.0
0.0
20.8
0.0
9.1
0.0
1.8
0.8
0.0
0.8
0.0
0.0
0.0
23.6
0.0
0.0
0.5
0.3
0.8
0.0
68.8
8.4
0.0
0.0
0.0
17.8
2.8
1.3
0.0
0.0
0.0
0.0
0.0
0.0
58.7
0.8
0.5
3.3
0.8
7.9
0.0
28.7
33.8
0.0
0.0
0.0
0.0
0.0
0.0
0.0
0.0
0.0
0.0
0.5
0.0
0.0
0.0
0.0
29.0
41.4
13.2
3.3
0.0
0.0
0.0
0.0
0.0
11.2
1.3
0.0
0.0
0.0
0.0
0.0
0.0
0.0
0.0
0.0
0.0
0.0
0.0
26.7
0.0
0.0
0.0
6.6
0.0
0.0
0.0
0.0
0.0
0.0
1.3
0.0
0.0
5.6
19.8
44.2
0.8
2.0
2.3
0.0
0.0
0.8
0.0
0.0
0.0
0.0
0.0
0.0
3.6
5.1
0.0
0.0
0.0
0.0
0.0
0.0
0.0
0.0
0.0
0.0
0.0
0.0
5.3
5.6
0.0
7.4
0.0
0.0
2.3
2.0
0.0
0.0
0.0
0.0
0.0
0.0
0.0
4.3
4.8
0.0
13.0
0.0
0.0
0.0
8.9
0.0
0.0
6.1
0.0
0.0
0.0
0.0
3.0
0.5
23.6
0.0
0.0
0.0
0.0
0.0
0.0
0.0
0.0
0.0
0.0
0.0
0.0
0.0
4.6
0.0
0.0
5.8
0.5
16.5
6.6
0.0
0.0
0.0
0.0
0.0
0.0
0.5
3.6
0.0
0.0
1.3
11.2
0.0
4.3
16.8
0.0
0.0
0.0
0.0
4.8
7.4
0.0
1.0
0.0
5.3
0.0
0.0
0.0
0.0
0.0
0.0
0.0
0.0
0.0
0.0
0.0
0.0
0.0
3.8
0.0
7.4
17.5
17.5
0.0
0.0
0.0
0.0
13.0
4.8
0.0
0.0
0.0
0.0
0.0
0.0
0.0
0.0
29.5
0.3
7.9
2.5
0.0
0.0
11.9
20.1
0.0
0.0
8.6
8.1
0.0
0.0
27.9
0.0
0.0
0.0
0.0
2.0
4.8
4.8
4.1
0.0
0.0
23.1
4.3
0.0
0.0
42.7
0.0
0.0
0.0
41.7
13.2
9.1
20.6
0.0
0.0
36.3
0.0
2.3
17.0
10.7
7.6
0.0
0.0
0.0
0.0
0.0
0.0
0.0
0.0
0.0
0.5
0.0
0.0
0.0
0.0
0.0
0.0
0.0
0.0
0.0
0.0
0.0
5.1
0.0
0.0
1.0
37.8
1.8
58.7
0.0
0.0
28.2
0.0
0.0
0.0
0.0
0.0
3.0
0.0
0.0
0.0
0.0
9.1
0.0
0.0
0.0
0.0
0.0
15.7
0.0
0.0
28.2
0.0
0.0
0.0
0.0
0.0
0.0
25.7
0.0
0.0
0.0
0.0
0.0
0.0
0.0
0.0
0.0
0.0
0.0
32.0
83.3
0.0
0.0
0.0
0.0
0.0
0.0
0.0
6.3
0.0
0.0
0.0
0.0
4.6
0.0
0.0
0.8
7.4
0.0
1.8
17.0
0.8
0.8
6.1
0.0
0.0
0.0
0.0
0.0
0.0
4.1
0.0
0.0
0.0
0.0
0.0
0.0
0.0
0.0
0.0
0.0
2.8
0.0
0.0
0.0
0.0
0.0
0.0
0.0
0.0
0.3
0.8
17.8
0.0
0.0
0.0
0.0
0.0
0.0
0.0
0.0
0.0
0.0
3.0
0.0
0.0
0.0
0.0
0.0
0.0
0.0
1.8
0.0
0.3
0.0
0.0
0.0
0.0
0.0
0.0
0.8
22.4
0.0
33.3
8.6
0.0
0.0
0.0
25.1
0.0
0.0
0.0
3.3
0.8
0.0
0.0
0.0
0.0
0.5
0.0
20.1
1.5
0.0
0.0
4.1
0.0
0.0
0.0
0.0
0.5
0.0
0.0
0.0
8.1
0.0
0.0
0.0
0.0
0.5
0.0
3.6
0.0
0.0
0.0
0.0
0.0
0.0
1.0
0.0
0.0
2.8
4.3
0.0
0.0
0.0
0.0
0.5
2.0
0.5
2.8
2.3
0.3
0.0
2.0
0.0
0.0
0.0
0.0
0.0
0.0
0.0
7.6
25.7
0.0
0.0
0.0
2.0
0.0
0.5
0.0
0.0
0.0
0.0
0.0
0.0
0.0
0.0
0.0
0.0
0.0
0.0
9.7
8.9
0.0
18.8
4.6
0.0
0.3
7.4
0.0
0.0
0.0
1.0
17.3
1.5
0.0
0.0
0.0
0.0
0.0
0.0
0.0
0.0
0.0
0.0
0.0
0.0
8.9
2.3
0.0
0.0
0.0
0.0
0.0
0.0
0.0
0.0
0.0
0.0
0.0
0.0
0.0
0.0
9.1
4.8
0.0
0.0
1.5
0.0
8.4
11.9
0.0
0.0
0.0
0.0
10.9
0.5
0.0
3.6
32.3
0.0
2.3
21.6
0.0
0.0
0.0
15.2
6.9
0.0
0.0
0.0
5.6
0.0
0.0
0.0
6.1
0.0
0.3
0.0
0.0
0.0
0.0
0.0
24.4
7.4
2.5
0.0
0.0
0.0
0.0
0.0
3.0
0.0
0.0
6.1
47.5
6.9
0.8
30.7
0.0
0.0
0.0
0.0
5.3
0.0
2.8
3.8
0.0
0.0
0.0
0.0
15.5
0.0
0.0
3.6
22.6
0.8
0.0
0.8
0.5
2.8
0.0
3.0
0.0
0.0
0.0
0.0
34.5
1.5
0.0
0.0
0.0
0.0
0.0
0.0
0.0
0.0
0.0
0.0
0.0
0.0
0.0
0.0
6.9
3.3
0.0
0.0
0.0
0.0
0.0
0.0
0.0
0.0
0.0
0.0
9.9
0.0
0.0
0.0
0.0
0.0
0.0
0.0
0.0
0.0
0.0
0.0
0.0
0.0
0.0
0.0
0.0
0.0
0.0
0.0
4.1
0.0
0.0
0.0
0.0
0.0
0.0
4.3
0.0
0.0
15.5
0.0
0.0
0.0
0.0
0.0
0.0
0.8
0.0
0.0
0.0
2.0
0.0
0.0
0.0
0.0
17.0
0.0
0.0
0.0
0.0
0.0
9.1
0.0
0.0
0.0
8.4
0.0
0.0
0.0
0.0
0.0
0.5
6.1
18.8
0.5
0.0
0.0
0.0
0.0
0.0
0.0
0.0
0.0
0.0
0.0
0.0
0.0
0.0
0.0
9.9
0.8
0.0
0.0
0.0
14.5
7.9
11.7
0.0
0.0
0.0
0.0
0.0
0.0
1.3
0.5
0.0
0.0
1.0
0.0
0.0
6.6
10.4
0.0
0.0
2.8
7.1
7.4
0.5
0.0
0.0
3.6
0.0
0.0
0.0
0.0
0.0
0.0
0.0
1.3
2.0
18.3
0.0
0.0
0.0
14.0
1.5
13.2
0.0
0.0
0.0
0.0
4.8
0.8
0.0
0.0
0.0
0.3
0.0
0.0
0.0
1.0
6.6
9.4
0.0
0.0
0.0
0.0
22.6
2.3
0.5
0.0
0.0
0.0
0.0
8.6
0.5
0.0
0.0
2.8
0.0
0.5
0.3
0.0
0.0
0.0
0.0
0.0
0.0
0.0
0.0
0.5
0.8
0.0
0.0
0.0
18.3
0.3
0.0
0.0
0.0
0.0
17.0
0.0
0.0
9.4
7.6
1.3
0.0
0.0
0.0
0.0
0.0
0.0
10.9
1.5
0.0
0.0
0.5
0.0
0.0
0.3
0.0
0.0
2.8
0.0
5.8
0.0
0.0
0.0
0.0
2.8
0.0
0.0
2.5
0.0
0.0
0.0
0.0
6.1
0.0
0.0
8.6
0.0
2.3
0.0
0.0
3.0
2.5
0.0
0.0
2.0
0.0
0.0
0.0
0.3
0.0
5.8
0.0
0.0
0.0
0.0
1.0
0.0
0.0
0.0
0.0
0.0
0.0
1.5
0.0
6.9
0.0
0.0
0.0
0.0
0.0
0.0
0.0
0.0
0.0
0.0
0.0
0.0
0.0
9.4
17.3
0.0
0.0
0.0
0.0
1.8
0.0
0.0
0.0
0.0
0.0
0.0
2.8
0.8
25.9
2.8
8.1
1.3
0.0
3.0
0.0
4.6
1.8
0.0
0.0
0.0
0.0
0.0
0.0
0.0
0.0
0.0
0.0
0.0
0.0
2.3
0.0
0.0
0.0
0.0
0.0
0.0
0.0
0.0
0.0
0.0
8.9
0.0
0.8
1.3
7.1
0.0
0.0
0.0
0.0
0.0
0.0
1.3
0.0
0.0
0.0
0.0
12.2
0.0
0.0
0.0
0.0
4.1
0.0
0.0
0.0
0.0
0.0
0.0
0.0
1.3
9.4
0.0
9.1
0.0
0.0
0.0
0.0
0.0
1.0
0.0
0.0
0.0
0.0
0.0
0.0
0.0
0.0
0.0
0.0
0.0
0.0
0.0
0.0
0.0
0.0
0.0
0.3
0.0
0.0
0.0
0.0
0.0
0.0
0.0
0.0
7.9
0.0
0.0
0.0
0.0
0.5
0.0
0.0
8.1
3.8
0.0
0.0
31.2
0.0
0.0
0.0
0.0
0.0
0.0
0.0
0.0
0.0
24.9
0.0
0.0
0.0
0.0
47.2
48.0
1.0
0.0
0.0
1.8
0.0
24.9
0.0
0.0
0.0
0.0
0.0
4.8
0.8
0.0
0.0
5.6
0.0
0.0
0.0
17.8
0.0
0.0
1.3
9.9
0.0
0.0
0.0
0.0
0.0
0.0
1.8
0.3
15.7
5.3
0.0
0.0
0.0
0.8
0.0
0.0
0.0
24.6
5.8
0.0
0.0
13.5
2.5
2.5
0.0
0.0
12.2
3.0
0.0
9.7
0.0
0.0
0.0
0.0
0.0
0.0
0.0
3.3
1.3
0.0
0.0
3.8
0.0
0.0
0.0
0.0
20.6
0.0
0.0
0.0
0.0
0.0
0.0
0.0
0.0
0.0
0.0
2.5
0.0
0.0
0.0
0.0
0.0
0.0
0.0
0.0
0.5
0.0
3.3
5.3
0.0
2.8
0.0
3.3
1.3
0.0
0.0
0.0
0.0
2.8
4.8
0.0
3.3
0.0
21.1
1.5
0.0
0.0
0.0
0.0
0.0
0.0
0.0
0.0
0.0
0.0
2.3
0.0
0.0
0.0
0.0
0.5
0.0
0.0
0.0
0.0
13.2
0.0
9.7
0.8
0.0
0.0
0.0
0.0
0.0
0.0
0.0
0.0
0.0
0.0
0.5
0.0
0.0
2.8
0.0
31.8
0.0
0.0
1.0
0.0
0.0
0.0
0.0
0.0
7.4
0.0
8.6
4.3
0.0
0.0
0.0
0.0
0.0
0.0
0.0
7.1
0.0
0.0
9.7
0.0
0.0
0.0
16.8
11.7
1.8
0.5
0.0
0.0
0.0
0.0
5.8
0.0
0.0
0.0
0.5
4.6
0.3
0.0
0.0
0.0
0.0
0.0
1.0
1.3
0.0
0.0
0.0
0.0
0.0
20.8
0.8
0.0
0.0
0.0
0.0
0.0
0.0
0.0
0.0
0.0
0.0
0.0
0.0
0.0
0.0
0.0
43.9
0.0
0.0
1.5
0.0
20.6
20.1
0.0
59.4
0.0
0.0
0.0
0.0
11.2
1.8
0.0
0.0
11.9
0.0
0.0
0.0
0.0
7.1
42.7
9.1
0.0
0.0
0.0
0.0
18.8
0.0
0.0
0.0
0.0
0.0
0.0
0.0
0.0
0.0
0.0
27.2
0.0
0.0
0.0
0.0
6.6
24.9
11.2
0.0
0.0
7.9
32.0
7.1
0.0
0.0
0.0
0.0
0.0
0.0
0.0
0.3
0.0
2.0
0.0
0.0
0.0
13.2
0.0
0.0
0.0
0.0
0.0
1.0
5.1
0.0
1.0
44.7
0.0
0.0
0.0
21.8
0.0
0.0
0.0
0.0
0.0
0.0
0.0
0.0
0.0
0.0
13.2
0.0
0.0
0.0
0.0
0.0
0.0
0.0
0.0
0.0
0.0
32.8
1.0
0.0
0.0
0.0
1.8
0.0
0.0
0.0
6.6
0.3
0.5
0.0
0.0
0.0
0.0
0.0
0.0
0.0
0.0
0.0
0.0
0.0
0.0
0.0
0.0
0.0
0.0
0.0
0.0
0.0
0.0
2.8
0.0
0.0
0.0
0.0
0.0
0.0
0.0
0.0
0.0
0.0
0.0
0.0
0.0
0.0
0.0
0.0
0.0
0.0
0.0
1.0
0.8
0.0
0.0
4.3
0.0
0.0
0.0
3.3
1.3
0.0
0.0
0.0
0.0
0.0
0.0
0.0
0.0
2.5
0.0
0.0
0.0
19.0
0.0
3.3
2.5
0.0
0.0
0.0
0.0
0.0
1.5
0.0
0.0
2.0
0.0
1.0
6.9
0.0
0.0
0.0
6.9
0.0
0.0
0.0
0.0
0.0
0.0
2.5
23.4
19.3
0.0
0.0
0.0
0.0
2.0
6.1
0.0
0.0
0.0
0.0
2.3
0.0
0.0
0.0
0.0
0.8
2.0
0.0
0.0
1.8
7.1
0.0
0.0
0.0
0.0
0.0
0.0
0.0
0.0
0.0
0.0
0.0
0.0
0.0
0.0
0.0
0.3
1.3
0.0
0.0
0.0
0.0
11.7
3.0
0.0
0.0
0.5
0.0
1.8
1.5
20.6
0.0
0.0
0.0
0.0
0.0
0.0
0.0
0.0
0.0
0.0
3.8
0.8
0.0
0.0
6.6
0.0
0.0
0.0
0.0
18.3
0.0
0.0
0.0
0.0
0.5
0.5
0.0
1.8
0.0
2.3
0.0
0.0
0.0
0.5
0.0
0.0
0.0
0.0
0.0
0.0
5.8
28.7
0.0
0.0
10.7
0.0
0.0
0.0
0.0
0.0
0.0
0.0
0.0
0.0
5.6
1.0
0.0
18.8
0.0
0.8
8.4
0.0
5.8
0.0
0.8
0.0
0.0
0.0
0.0
2.8
0.0
0.0
0.0
0.0
0.0
0.0
0.0
0.0
0.0
17.5
2.0
0.0
0.0
0.0
0.0
0.0
2.3
0.0
0.0
0.0
0.0
0.0
0.5
0.0
5.3
6.9
0.0
0.0
0.0
0.0
3.0
26.4
17.5
0.0
0.0
0.0
18.5
0.0
0.0
0.0
0.0
0.0
10.9
1.3
0.0
0.0
0.0
0.0
0.0
0.0
0.0
0.0
0.0
3.3
0.0
0.0
21.8
3.3
7.4
0.0
0.5
0.0
0.0
0.0
0.0
0.0
0.0
9.1
0.3
12.7
0.0
35.8
0.8
15.5
2.3
1.0
0.0
0.0
5.8
0.0
0.0
0.0
0.0
0.0
0.0
0.0
0.0
1.5
0.8
0.0
0.0
16.8
8.6
8.1
45.5
0.0
0.0
36.3
0.0
11.2
14.0
0.0
0.0
0.0
0.0
0.0
0.0
0.0
0.0
20.8
0.0
4.1
13.0
49.8
0.5
0.0
0.0
0.0
0.0
2.3
45.7
0.0
0.0
0.0
0.0
5.3
5.6
16.0
0.0
0.0
0.0
76.7
15.0
0.8
12.4
0.0
0.0
0.0
0.0
0.0
0.0
0.0
0.0
0.0
0.0
1.5
10.4
0.0
0.0
0.0
0.0
0.0
14.2
0.0
0.0
0.0
0.0
0.0
4.5
2.9
0.0
0.0
1.8
0.0
0.0
0.0
0.0
0.0
0.0
0.0
0.0
5.3
0.0
0.0
0.0
0.0
0.0
17.0
0.0
4.1
2.8
0.0
0.0
5.3
0.0
0.0
0.0
17.8
0.0
0.0
0.0
25.1
40.6
0.0
3.0
0.0
0.0
17.5
0.0
0.0
0.0
0.0
9.1
0.0
0.0
0.0
0.0
0.0
0.0
0.0
0.0
0.0
0.0
24.4
34.8
4.3
0.0
1.5
0.5
0.8
0.0
1.5
0.0
0.0
1.0
22.1
2.0
3.0
0.0
0.0
0.5
0.0
0.0
0.0
0.0
0.0
0.0
0.0
0.0
10.4
0.0
0.0
2.5
0.0
0.0
0.0
2.8
7.6
0.0
0.0
0.0
0.0
0.0
0.0
4.3
0.0
0.3
0.0
0.0
0.8
1.0
0.0
0.0
0.0
4.1
3.6
27.7
0.0
0.0
0.5
0.0
0.0
0.0
0.0
0.0
0.0
0.0
0.3
15.5
0.0
0.0
1.5
0.0
0.0
0.0
0.0
0.0
0.5
0.8
0.3
0.0
0.0
0.0
0.0
0.0
18.5
1.0
5.3
0.0
0.8
0.0
0.0
0.0
0.0
0.0
0.0
0.0
0.0
13.7
4.1
0.0
0.0
0.8
0.0
0.0
6.9
0.0
0.0
0.0
0.0
0.0
0.0
0.0
0.0
0.0
0.0
0.0
0.0
0.0
1.5
1.5
0.0
0.0
0.0
0.0
14.7
0.0
0.0
0.0
2.0
0.0
0.0
0.0
0.0
0.0
0.0
0.0
0.0
0.0
0.0
0.0
0.0
0.0
0.0
0.0
12.4
1.8
0.0
0.0
0.0
2.5
0.3
0.0
16.3
3.0
0.5
1.3
0.0
0.0
0.0
0.0
0.0
0.5
1.0
0.0
1.0
2.0
0.0
0.0
0.0
0.0
0.0
3.8
0.0
0.0
2.3
0.0
13.0
9.9
0.0
0.0
0.0
1.8
0.0
0.0
0.0
1.3
2.3
0.0
0.0
0.8
3.6
8.6
7.6
0.0
0.0
0.0
3.6
0.0
0.0
0.0
0.0
0.0
9.1
0.0
1.8
0.0
0.0
0.0
11.2
0.0
0.0
0.0
0.0
0.0
0.0
0.0
0.0
11.2
0.0
0.0
0.0
17.3
2.3
14.5
22.6
0.0
0.0
6.6
11.2
1.3
0.0
0.0
0.0
2.5
0.0
0.0
0.0
0.3
0.5
5.1
1.5
0.0
18.3
35.8
0.0
0.0
0.0
0.0
0.0
0.0
0.0
25.9
1.8
0.0
0.0
0.0
31.0
6.1
2.5
11.9
0.0
0.0
14.5
0.5
8.6
0.8
0.0
0.0
25.9
0.5
33.5
0.0
5.1
0.0
9.1
0.0
0.0
0.0
0.0
0.0
13.7
6.1
39.4
0.8
0.5
18.8
0.0
0.0
0.0
0.0
0.0
0.0
0.0
2.3
3.8
0.0
0.0
0.0
0.0
0.0
0.0
0.0
18.0
0.0
0.0
0.0
0.0
0.0
0.0
0.0
2.8
0.0
0.0
2.3
8.4
1.3
0.0
0.0
0.0
0.0
0.0
0.0
2.5
16.5
0.0
0.0
0.0
1.0
0.0
0.0
0.0
0.0
0.0
0.0
0.0
0.0
0.0
16.5
0.0
0.0
2.3
0.0
0.0
0.0
22.9
0.0
17.0
4.1
0.0
0.0
0.0
0.0
0.0
9.9
18.8
0.0
0.0
0.0
0.0
0.0
0.0
0.0
0.0
0.0
0.0
0.0
0.0
0.0
0.0
0.0
0.0
0.0
0.0
0.0
1.3
0.0
0.0
0.0
0.0
0.0
0.0
0.0
0.0
0.0
0.0
0.0
0.0
0.0
0.0
0.0
0.0
0.0
7.9
13.7
0.0
0.0
2.3
9.1
0.0
0.0
0.0
0.0
4.1
0.0
0.0
0.0
0.0
0.0
3.0
0.0
0.0
0.0
0.0
19.8
23.1
0.0
0.0
8.6
0.0
0.0
0.0
0.0
0.5
20.1
8.1
0.0
0.8
7.1
1.0
0.3
0.0
0.0
0.0
2.8
0.0
0.0
0.0
0.0
0.0
1.3
14.2
2.0
1.8
0.0
0.0
0.0
0.0
13.7
0.8
0.0
35.8
0.0
0.0
72.1
24.9
36.3
0.0
0.0
0.0
0.0
0.0
0.0
0.0
0.0
0.0
1.5
1.3
9.1
0.0
0.0
0.0
0.0
0.0
5.3
0.5
0.0
0.0
8.1
0.0
0.0
0.0
0.0
0.0
0.0
0.0
0.0
0.0
0.0
0.0
0.0
0.0
17.8
0.0
0.0
0.0
0.0
0.0
0.5
0.8
0.0
0.3
0.3
0.5
3.3
0.0
0.0
0.0
0.0
0.0
0.0
0.0
0.0
0.5
5.3
0.0
0.0
0.0
0.0
0.0
0.0
0.3
1.5
0.0
0.0
2.0
2.8
0.0
1.8
0.8
0.0
7.9
21.3
0.0
0.8
0.0
0.0
0.0
0.0
3.8
0.0
0.0
10.4
14.7
0.0
0.0
4.8
0.0
0.0
25.7
2.8
0.0
0.0
0.0
0.0
0.0
21.8
0.0
1.5
0.0
13.0
0.0
0.0
0.0
0.0
0.0
0.0
0.0
0.0
0.0
15.5
3.3
0.0
0.0
0.0
0.0
1.0
7.4
0.0
0.5
22.6
0.8
0.0
4.1
0.0
0.0
0.0
2.3
4.8
22.6
0.8
20.1
0.3
10.7
0.0
0.0
0.5
1.0
0.0
0.0
1.3
0.0
0.0
0.0
0.0
0.0
16.3
31.8
0.0
0.0
0.0
13.0
3.8
0.0
11.2
12.4
0.0
0.0
0.0
0.0
4.8
0.0
0.0
0.0
0.0
3.6
0.0
0.0
0.0
0.0
0.0
0.0
4.3
5.6
0.0
0.0
0.0
0.0
0.0
0.0
0.0
3.0
0.0
8.4
7.4
0.5
16.6
3.0
2.5
0.0
0.0
0.0
0.0
0.0
8.4
0.0
0.0
0.0
19.3
14.5
0.0
0.0
26.4
0.0
0.0
54.9
0.0
0.0
0.0
11.4
0.0
0.0
0.0
0.0
0.0
0.0
0.5
0.0
0.0
0.0
0.0
0.0
0.0
0.0
20.6
0.0
9.9
96.8
0.0
0.0
0.0
0.0
5.3
0.0
0.0
0.0
5.3
1.3
6.6
52.3
0.0
0.0
2.0
0.0
0.0
0.0
0.0
0.0
0.0
0.0
3.3
33.3
13.2
2.3
0.0
0.0
0.0
0.0
0.0
7.1
0.0
0.0
0.0
0.0
0.0
0.0
0.0
0.0
1.3
0.0
0.0
0.0
5.6
1.0
3.8
0.0
0.0
0.0
1.3
0.0
0.0
0.0
0.0
0.0
2.3
3.0
0.0
0.0
0.0
9.9
0.0
0.0
14.7
3.0
0.0
0.0
0.0
0.0
2.5
6.1
0.0
0.0
0.0
0.0
0.0
0.0
11.9
0.0
0.0
0.0
0.0
0.0
7.6
0.0
0.0
0.0
0.0
0.0
0.0
0.0
0.0
0.0
7.4
0.0
0.0
0.0
18.5
16.5
0.0
0.0
0.0
8.1
9.9
0.0
0.0
0.0
0.0
0.0
9.4
0.0
0.0
0.0
0.0
0.0
1.0
0.8
0.5
1.0
0.0
0.0
2.3
0.3
0.0
0.0
0.0
0.0
0.0
1.3
4.1
10.4
0.0
0.0
0.0
0.0
0.0
0.0
0.0
6.6
9.1
1.3
0.3
0.0
0.0
0.0
0.0
0.5
7.1
0.0
4.8
4.6
0.5
6.3
0.5
0.0
18.0
0.0
0.0
0.0
0.0
0.0
0.0
0.0
0.0
0.0
0.0
0.0
0.0
0.0
0.0
0.0
0.0
0.0
0.3
0.0
3.3
0.0
0.0
0.0
0.0
0.0
0.0
0.0
0.0
0.0
0.0
0.0
0.0
3.0
0.0
0.0
0.0
0.0
0.0
2.3
13.5
0.0
0.0
0.0
0.0
0.0
6.6
0.0
0.0
0.0
0.0
0.0
6.1
2.0
0.0
0.0
0.0
0.3
0.0
0.0
0.0
0.0
0.0
0.0
0.5
0.3
0.5
4.6
0.0
17.0
16.8
0.3
0.0
0.0
2.3
11.4
18.0
0.0
0.0
0.0
0.0
3.6
0.0
0.0
1.8
1.8
12.2
0.0
0.0
0.0
0.0
0.0
0.0
0.0
0.0
0.0
0.0
14.2
0.0
17.0
42.4
15.5
0.8
0.0
29.7
11.7
1.3
0.0
0.0
0.0
0.0
8.6
0.0
0.0
0.0
0.0
0.0
0.0
0.0
23.6
7.9
27.2
0.0
0.0
8.4
3.6
0.0
0.0
0.0
0.0
0.0
0.0
0.0
0.0
0.0
0.0
0.0
0.0
0.0
0.0
0.0
0.0
0.0
0.0
0.0
0.0
4.1
0.0
0.0
3.8
0.0
0.0
13.5
0.0
14.5
3.3
0.0
0.0
0.0
0.0
0.0
1.3
0.0
0.0
0.0
0.0
0.0
0.0
0.0
0.0
0.0
0.0
1.0
51.3
0.0
0.0
0.0
0.0
0.0
0.0
5.3
0.0
0.5
0.0
5.6
0.0
0.0
0.0
16.8
0.5
0.0
0.0
0.0
0.0
3.6
0.0
13.0
0.0
0.0
0.0
0.0
0.0
0.0
2.5
0.0
0.0
0.0
0.0
0.0
12.7
0.0
0.0
0.0
0.0
29.0
1.0
0.0
0.0
0.0
0.0
0.5
2.0
0.0
0.0
0.0
0.0
0.0
0.0
2.5
0.0
0.0
0.0
0.0
0.0
0.0
0.0
0.5
0.0
0.0
0.0
0.0
0.0
22.6
0.0
0.0
0.0
0.0
0.0
0.0
0.0
0.0
0.0
0.0
0.0
0.0
0.0
0.0
0.0
5.6
16.0
15.2
7.4
0.0
6.6
9.7
2.3
7.4
0.0
0.0
0.0
0.0
0.0
0.0
0.0
0.0
3.6
17.3
31.0
9.7
0.0
0.0
0.0
0.0
0.5
0.5
0.0
0.5
0.8
0.0
0.0
32.5
0.0
0.0
0.0
0.0
0.0
2.0
1.3
0.0
9.1
3.8
0.0
5.8
10.9
0.0
0.0
0.0
0.0
0.0
0.0
0.0
0.0
0.0
0.0
2.3
0.0
0.0
0.0
0.0
5.8
0.0
0.0
0.0
0.0
0.0
0.0
0.0
0.0
0.0
0.0
0.0
0.0
0.0
0.0
0.0
0.0
0.0
1.8
1.3
3.0
0.0
0.0
0.0
0.0
1.0
1.3
0.0
0.0
0.0
0.0
0.0
0.0
0.0
0.0
2.0
0.0
1.3
7.9
0.0
0.0
3.0
0.3
0.0
0.0
0.0
0.0
0.0
7.4
2.3
0.3
0.0
0.0
0.0
0.0
0.0
0.0
0.0
0.0
0.0
0.0
0.3
0.5
2.3
0.0
0.0
0.0
0.0
3.3
0.0
0.0
0.0
0.5
0.5
0.0
0.8
7.4
32.0
59.4
0.0
3.6
3.3
2.5
0.0
0.0
2.8
8.1
2.8
0.0
0.0
0.0
3.3
0.0
0.0
0.0
0.0
0.0
0.0
0.0
0.0
0.0
0.0
3.8
0.5
0.0
0.0
0.0
0.0
0.0
13.5
28.2
0.0
18.5
1.5
1.5
1.5
1.0
0.5
6.9
11.9
1.3
0.0
0.0
0.0
0.0
4.1
0.0
0.0
0.0
0.0
30.2
2.3
0.5
0.0
0.0
0.0
0.0
0.0
0.0
0.0
5.8
0.0
0.0
0.0
0.0
0.0
0.0
0.0
0.0
9.4
5.6
0.0
0.0
0.0
0.0
0.0
9.7
0.0
0.0
0.0
0.0
0.0
4.3
0.0
0.0
0.0
0.0
0.0
0.0
0.0
0.0
0.0
18.3
0.0
0.0
0.0
1.5
4.6
0.0
0.0
0.0
0.0
0.0
0.0
0.0
0.0
0.0
8.4
39.6
9.7
7.1
0.0
0.0
0.0
0.0
0.0
0.0
6.6
5.8
7.4
6.6
0.0
0.0
5.8
1.0
0.0
0.0
0.0
0.0
6.9
0.0
0.0
2.5
0.0
0.0
0.0
0.0
0.0
0.0
0.0
0.0
0.0
31.8
26.2
0.0
0.0
0.0
0.0
0.0
0.0
0.0
0.0
0.0
0.0
0.0
0.0
0.5
49.3
1.5
0.0
0.0
2.3
0.0
0.0
3.3
0.0
0.0
0.0
0.0
0.0
0.0
0.0
0.0
0.0
0.8
2.0
6.1
0.5
0.0
21.1
0.0
0.0
0.0
17.0
0.0
0.0
0.0
3.8
3.6
0.0
0.0
0.0
0.0
0.0
0.0
0.0
1.0
36.3
8.4
0.0
0.0
0.0
0.0
0.0
0.0
0.0
0.0
0.0
0.0
2.0
2.0
1.5
0.0
0.0
10.9
5.1
0.0
0.0
0.0
0.0
0.0
0.0
0.0
0.0
5.6
0.0
14.0
3.0
0.0
0.0
3.3
0.0
5.1
0.0
4.1
0.0
0.0
0.0
0.0
0.8
0.0
0.0
0.0
0.0
0.0
4.1
11.7
0.0
1.5
0.0
17.3
8.6
12.2
0.0
0.8
7.9
4.1
0.0
0.0
6.1
0.0
0.0
0.0
1.0
0.0
4.3
0.0
0.0
0.0
0.0
0.0
0.0
0.0
0.0
3.3
0.0
17.5
0.0
0.0
0.0
0.0
16.3
6.6
2.0
1.3
0.0
0.5
2.5
0.3
0.0
0.0
0.0
0.0
0.0
8.9
0.0
0.0
0.0
0.0
0.0
0.3
5.3
0.0
0.0
0.0
0.0
0.0
9.7
8.1
0.0
0.0
21.1
