20000101
0.0
0.0
0.0
17.5
0.0
0.0
0.0
0.0
0.8
0.0
0.0
0.0
0.0
0.0
0.0
0.0
0.0
0.0
0.0
4.8
0.0
0.3
2.0
0.0
0.0
0.0
0.0
0.0
0.0
4.8
0.5
0.0
0.0
0.3
0.3
0.0
0.0
0.0
0.0
0.0
2.3
0.0
0.0
0.0
0.5
0.0
0.0
0.0
32.8
0.3
0.0
0.0
0.0
0.0
0.0
0.0
0.3
10.2
0.0
0.0
0.8
0.0
0.0
0.0
0.0
0.0
0.0
0.0
0.0
0.0
3.3
7.1
0.0
0.5
0.5
0.0
0.0
0.0
0.0
19.8
0.3
0.0
0.0
0.0
0.0
0.0
0.0
0.0
0.0
0.0
0.0
0.0
0.3
0.0
0.0
0.0
0.0
0.8
0.0
3.0
0.0
1.8
0.0
0.0
0.0
0.0
0.0
14.0
0.5
0.0
0.8
5.6
0.0
0.0
0.0
0.0
0.0
0.0
0.0
0.8
0.0
0.0
2.3
0.0
0.0
0.0
0.0
0.5
0.0
6.9
4.3
0.0
0.0
8.4
0.0
0.0
0.0
0.0
1.3
4.1
0.3
0.0
1.3
6.9
0.0
0.0
0.0
29.2
6.4
6.9
0.0
0.0
0.0
0.0
0.0
0.0
9.7
0.0
0.0
0.0
0.0
0.0
0.0
2.8
2.8
0.0
21.8
0.0
0.5
0.0
0.0
0.0
41.7
0.0
0.0
15.7
7.4
16.5
0.3
0.0
0.0
0.0
0.0
0.0
2.0
0.0
45.5
4.1
0.0
0.0
0.0
14.0
0.0
0.3
6.9
0.0
0.0
0.0
0.0
0.0
2.0
0.0
3.8
0.0
0.0
0.0
0.0
0.0
0.0
0.3
0.0
22.1
0.3
0.3
0.0
13.5
0.0
0.0
35.8
0.3
2.3
3.6
0.0
0.0
0.0
0.0
0.0
0.0
0.0
0.0
24.6
0.0
0.0
0.0
0.3
11.7
4.8
0.0
0.0
6.3
0.0
0.0
0.0
0.0
0.0
0.0
0.0
0.0
0.0
0.0
0.0
0.0
0.0
0.3
14.7
13.2
0.0
0.0
0.0
0.0
0.0
0.0
0.0
0.0
11.7
4.6
0.0
29.2
12.4
8.9
0.0
0.0
0.0
0.0
0.0
0.0
0.0
2.0
26.4
6.9
0.0
0.0
0.0
0.0
0.0
0.0
0.0
1.8
8.9
0.3
4.3
0.0
0.0
0.0
0.0
0.0
0.0
0.0
0.0
0.0
0.0
0.0
0.0
0.0
0.0
0.0
4.6
0.5
0.0
0.0
0.3
26.9
0.0
9.1
15.0
0.0
0.0
10.7
0.0
0.0
0.0
0.0
0.0
0.0
0.0
0.0
0.0
0.0
0.0
4.3
9.9
0.0
0.0
0.8
0.3
0.8
0.6
0.0
0.0
0.0
0.3
0.0
0.0
0.0
0.4
9.1
11.2
9.1
9.0
0.5
0.8
2.0
0.0
1.9
0.0
1.0
0.0
0.0
0.0
0.0
0.3
0.3
0.0
2.5
1.8
0.3
0.0
0.0
0.0
0.0
0.0
0.0
0.0
0.0
0.0
0.0
0.0
3.3
0.0
1.5
0.3
0.0
0.0
0.0
0.0
0.3
0.0
0.0
0.0
0.0
2.5
2.5
0.0
0.0
16.0
18.8
1.0
0.0
0.0
0.0
1.0
0.0
0.0
0.0
2.3
0.0
0.0
0.0
0.0
2.8
8.9
0.3
0.0
0.0
0.0
0.0
0.0
0.0
0.3
0.0
47.2
22.9
0.0
0.3
0.0
0.0
0.0
0.0
0.0
0.0
0.0
0.0
0.0
0.0
0.0
0.0
1.8
0.0
0.0
3.6
18.5
1.0
0.0
0.0
0.0
0.0
0.0
0.0
0.0
0.0
0.0
0.0
0.0
0.0
0.0
2.5
0.0
0.0
0.0
0.0
33.3
0.0
0.0
0.0
0.0
7.9
51.1
0.0
0.0
0.0
0.0
0.0
0.0
0.0
0.0
8.1
0.0
0.0
2.3
0.0
1.5
0.0
0.3
0.0
0.0
0.0
2.3
0.0
0.0
0.0
0.0
9.4
1.3
0.0
0.0
0.0
22.9
0.0
0.0
0.5
0.0
0.0
2.5
19.0
0.0
0.0
4.6
0.8
0.8
4.6
0.8
8.6
0.0
0.3
0.0
0.0
7.1
0.3
11.9
0.3
24.6
5.1
88.9
0.0
0.0
0.0
0.0
0.0
0.0
0.0
0.0
1.8
0.0
0.0
0.0
0.0
28.2
0.0
0.0
0.0
0.0
0.0
0.0
0.0
0.0
0.0
0.0
0.0
0.0
13.2
2.8
8.1
0.0
0.0
0.0
0.0
0.0
0.0
0.0
0.0
0.0
0.0
0.0
0.0
9.9
1.5
0.0
0.0
0.0
0.0
0.8
0.0
4.6
0.0
0.0
16.3
0.0
0.0
0.0
16.8
0.0
0.0
0.0
0.0
0.0
0.0
0.0
0.0
0.0
0.0
0.0
0.0
0.0
3.6
0.0
32.3
0.0
0.0
0.0
0.0
34.5
8.9
0.0
0.0
0.0
0.0
0.0
48.0
4.3
0.0
0.0
0.0
0.0
0.0
25.7
8.9
0.0
17.8
0.0
0.0
0.0
0.0
0.0
0.0
0.0
0.0
13.5
5.1
0.0
6.6
0.0
0.3
0.0
0.0
0.0
0.0
0.0
0.0
0.0
0.0
0.0
0.0
0.0
28.4
0.0
0.0
0.0
0.0
14.2
8.6
23.6
17.0
2.5
1.3
19.3
0.0
0.0
0.0
0.0
0.0
0.0
8.9
43.4
0.0
0.0
0.0
0.0
0.0
0.0
0.0
0.0
5.1
0.0
0.0
0.0
0.0
0.0
0.0
0.0
0.0
0.0
0.0
0.0
0.0
0.0
0.0
0.0
0.0
1.8
0.0
0.0
0.0
0.0
13.7
0.0
0.8
0.0
8.1
13.2
16.8
0.0
0.0
0.0
0.0
0.0
1.8
0.0
0.0
0.0
0.0
0.0
8.4
6.1
16.0
0.0
10.9
14.0
0.0
0.0
0.0
0.0
2.8
0.0
0.0
0.0
0.0
0.0
0.0
0.0
0.0
0.0
0.0
0.0
0.0
0.0
0.0
0.0
0.0
0.0
0.0
0.0
0.0
0.0
0.0
0.0
0.0
0.0
0.0
0.0
1.0
0.0
0.0
0.0
0.0
0.0
0.0
0.0
0.0
0.0
12.2
17.0
41.9
11.2
0.0
0.0
0.0
0.0
0.0
0.0
0.0
0.0
5.1
0.0
0.0
0.0
0.0
0.0
0.0
0.0
0.0
35.8
5.3
0.5
0.0
0.0
0.0
6.3
4.6
0.0
0.0
0.0
17.5
0.0
0.0
0.0
0.0
0.0
0.0
16.5
0.0
0.0
0.0
0.0
0.0
7.6
0.0
0.8
0.0
3.0
0.0
0.0
0.0
0.0
1.5
16.3
11.4
0.0
0.0
0.3
0.0
0.0
0.0
0.8
0.0
0.0
0.0
0.0
0.0
20.1
1.3
0.0
0.0
2.3
0.0
0.0
0.0
0.0
0.0
0.0
0.0
33.3
39.6
0.0
0.0
29.5
0.0
0.0
43.4
0.0
0.0
0.0
3.3
0.0
0.0
0.0
0.0
22.9
31.8
5.3
31.5
0.0
19.6
96.0
8.4
6.1
0.0
18.8
7.4
0.0
0.0
0.0
0.0
0.0
0.0
3.3
0.0
0.0
1.0
18.5
0.0
0.0
0.0
0.0
0.0
0.0
0.0
22.9
0.0
0.0
0.0
0.0
1.0
29.0
1.3
9.1
1.5
0.5
0.0
0.0
0.0
0.0
0.0
0.0
0.0
0.0
19.8
2.5
0.0
0.0
0.0
0.0
0.0
0.0
0.0
0.0
0.0
0.0
0.0
0.0
0.0
0.0
0.0
0.0
0.0
0.0
0.0
0.0
0.0
0.0
0.3
0.0
0.0
0.0
0.0
29.0
0.0
0.0
5.1
23.6
0.0
0.3
0.0
0.0
0.0
0.0
0.0
0.0
0.0
0.0
0.0
0.0
0.0
0.0
0.5
0.0
3.3
3.8
0.0
12.2
0.0
5.6
21.6
0.0
0.0
0.0
14.0
0.0
0.0
0.0
0.0
0.0
0.0
0.0
0.0
0.0
0.0
0.0
0.0
0.0
0.0
0.0
0.0
0.8
0.0
0.0
0.0
0.0
0.0
4.6
0.0
0.0
19.0
20.8
4.6
0.0
0.0
0.0
0.0
0.0
0.0
0.0
0.0
0.0
0.0
0.0
0.0
1.8
17.0
0.0
1.0
0.0
0.0
0.0
0.0
0.0
1.8
1.3
0.0
0.0
0.0
0.0
0.0
28.4
0.0
0.0
0.0
0.0
0.5
15.2
0.0
0.0
0.0
13.5
0.8
1.3
0.0
0.0
2.0
0.0
8.6
0.0
0.0
0.0
0.0
1.5
0.0
0.0
0.0
0.0
2.5
0.0
0.0
0.0
0.8
0.0
5.1
0.0
0.0
0.0
1.3
0.0
0.0
0.0
0.0
0.0
0.0
0.0
0.0
0.0
0.0
0.0
0.0
0.0
0.0
0.0
0.0
0.0
0.0
0.0
0.0
0.0
0.0
41.4
0.8
0.0
0.0
0.0
0.0
9.1
5.3
0.0
0.0
0.0
0.0
0.0
0.0
0.0
3.0
0.0
0.3
1.3
0.0
0.0
0.0
0.0
0.0
0.0
0.0
0.0
0.0
0.0
3.3
0.0
0.3
0.0
0.0
0.0
0.0
0.0
0.0
0.0
1.0
0.0
0.0
2.3
0.0
5.6
0.0
0.0
1.0
0.0
0.0
0.0
0.0
0.0
0.0
2.0
3.0
0.0
5.1
15.7
1.8
0.0
0.0
0.0
0.0
0.0
0.0
0.5
0.0
2.5
0.0
0.0
0.0
0.0
1.5
0.0
0.0
0.0
5.1
0.0
0.0
0.0
0.0
0.0
0.0
0.0
24.1
0.0
0.0
0.0
0.0
1.3
11.7
1.8
1.0
0.0
0.0
0.0
1.5
0.0
0.0
11.7
0.0
0.0
0.0
0.0
0.0
0.0
17.0
0.0
0.5
9.1
0.0
0.0
0.0
0.0
0.0
0.0
0.0
0.0
0.0
3.3
0.0
0.0
10.9
0.0
0.5
0.0
1.5
16.5
0.0
0.0
0.0
0.5
0.0
5.1
0.0
0.0
5.6
23.4
0.0
10.2
7.9
6.1
47.0
0.5
0.0
0.0
0.0
7.6
0.0
1.3
0.0
1.5
7.1
0.0
0.0
0.0
0.0
0.8
0.0
8.6
0.0
11.4
0.3
0.0
0.0
1.5
8.9
0.0
0.0
10.9
0.0
0.0
0.0
8.6
0.5
10.9
12.4
0.0
0.0
0.0
0.0
0.0
14.2
0.0
0.0
0.0
0.0
0.0
0.0
9.1
0.0
0.0
0.0
0.5
0.0
14.2
0.0
0.0
0.0
0.0
0.0
0.0
22.1
48.3
0.0
0.0
0.0
0.0
0.0
0.0
0.0
31.0
0.0
0.0
0.0
0.0
0.3
0.0
0.0
0.0
0.0
2.5
0.0
0.0
0.0
0.0
6.9
1.3
5.6
0.0
15.7
5.1
0.0
0.0
0.0
0.0
0.0
0.0
0.0
0.0
0.0
0.0
0.0
0.0
0.0
0.0
0.0
0.0
0.0
0.0
0.0
0.0
0.0
21.8
0.0
48.5
69.1
0.3
0.0
0.0
0.0
0.0
0.0
0.0
0.0
0.0
0.0
1.5
0.5
1.5
0.0
0.0
0.0
0.0
0.0
0.0
0.0
3.6
0.5
0.0
0.0
11.4
1.5
0.0
0.0
0.0
0.0
0.0
1.0
0.0
0.0
0.0
0.0
0.0
7.1
0.0
0.0
0.0
0.8
25.9
0.0
0.0
0.0
0.0
0.0
0.0
0.0
0.0
0.0
0.0
7.6
0.5
0.0
1.5
0.0
0.0
0.0
3.8
0.0
0.0
1.0
8.9
2.8
0.0
0.0
0.0
0.0
2.5
0.0
0.0
0.0
1.0
0.3
4.3
50.8
0.0
0.0
0.0
0.0
19.0
0.3
0.0
0.0
0.3
0.3
0.0
0.0
0.0
0.0
0.0
2.0
6.6
0.0
0.0
0.0
0.3
2.5
0.0
0.0
0.5
1.5
0.0
0.0
0.0
5.3
0.0
0.0
0.0
6.9
23.9
0.0
0.0
0.0
0.0
6.9
6.9
0.0
0.0
0.0
0.0
1.8
41.9
0.3
0.0
0.0
0.0
0.0
0.0
0.0
0.0
0.0
0.0
0.0
0.0
13.7
0.0
0.0
0.0
0.0
0.0
0.0
0.0
3.0
0.3
1.8
0.0
2.0
0.8
0.0
0.0
5.3
0.5
0.0
4.6
0.3
1.0
0.0
0.0
0.0
0.0
0.0
0.0
0.0
0.0
0.0
0.0
0.0
0.0
0.5
0.0
0.0
0.0
0.0
0.0
0.0
0.0
0.0
0.0
0.0
0.0
0.5
31.2
3.3
0.0
0.0
0.0
0.0
0.0
0.0
0.0
0.0
1.5
0.0
5.1
0.3
0.0
0.0
2.0
0.0
0.0
0.0
0.0
24.6
34.5
0.0
9.4
0.0
5.6
0.0
0.0
0.0
0.0
0.0
0.0
0.0
0.0
0.0
0.0
0.0
0.0
0.0
0.0
0.0
0.0
0.0
0.0
0.0
0.0
1.3
0.3
32.8
0.3
7.6
3.3
0.0
0.0
0.0
0.0
3.0
5.6
1.5
0.0
2.0
0.3
0.0
0.0
0.0
0.0
0.0
5.3
1.0
35.6
46.0
0.0
0.0
0.0
0.8
0.0
0.0
0.0
0.0
0.0
0.3
17.3
2.3
0.0
0.8
0.0
9.1
0.3
1.0
0.0
0.0
0.0
0.0
0.0
0.0
0.0
2.0
17.5
18.5
0.0
3.3
0.0
40.1
13.0
0.0
0.5
0.0
0.0
0.8
0.0
0.0
0.0
4.3
0.0
0.0
0.5
0.0
0.0
0.0
2.0
1.5
1.3
1.0
14.7
0.5
0.0
0.0
27.4
15.7
0.0
0.0
0.0
0.0
0.0
0.0
0.0
0.0
0.0
0.0
4.6
0.0
0.0
0.5
0.0
0.0
0.0
0.0
21.1
0.5
0.0
0.0
0.0
0.3
0.0
0.0
0.0
0.0
0.0
8.1
0.0
0.0
0.0
0.0
0.0
0.0
0.0
6.6
0.0
22.4
0.3
0.0
1.8
13.7
37.8
19.6
0.3
24.1
57.4
0.5
0.0
0.0
0.0
0.0
0.0
0.0
0.3
0.0
0.0
0.0
0.0
0.0
0.0
0.0
2.5
0.0
0.8
0.0
0.0
0.0
0.0
0.0
0.0
0.0
0.0
0.0
0.0
0.0
0.0
0.0
0.0
0.0
1.8
0.0
0.0
0.0
0.0
0.0
9.7
0.0
0.0
0.0
19.8
8.4
6.1
3.8
0.0
0.0
42.9
2.0
0.5
0.0
0.0
2.8
0.0
0.0
25.4
1.8
2.8
1.8
3.8
0.0
19.6
2.5
2.3
8.6
0.0
0.0
0.0
0.0
0.0
0.0
8.4
0.0
0.0
0.0
0.0
0.5
0.0
3.0
7.4
0.3
0.0
0.8
1.0
40.6
0.0
0.0
18.5
0.0
10.4
9.9
4.3
0.0
0.0
0.0
0.0
4.6
34.5
0.0
0.0
2.3
0.0
0.0
0.0
0.0
0.0
0.0
0.0
0.0
0.0
0.0
0.0
0.0
0.0
0.0
0.0
0.0
0.0
0.0
0.0
0.0
0.0
0.0
0.0
34.3
0.0
40.1
5.6
0.0
2.5
0.0
0.0
15.0
27.9
50.0
0.0
0.0
0.8
0.0
0.0
0.0
0.0
0.0
0.8
0.0
0.0
0.0
0.0
0.0
0.0
9.7
0.0
0.0
0.0
0.0
0.0
0.0
0.0
0.0
4.8
7.1
2.3
0.3
0.0
0.0
17.8
1.5
0.0
2.3
0.0
0.0
1.0
3.6
0.0
0.0
0.0
0.0
0.0
0.0
0.0
1.5
0.0
0.0
0.0
0.0
0.0
0.0
0.0
0.0
0.0
0.0
0.0
0.0
0.0
0.0
0.0
0.0
0.0
0.0
0.0
0.0
0.0
15.0
10.9
3.3
11.2
0.0
0.0
0.0
0.0
0.0
0.5
2.5
0.0
0.0
0.0
0.0
0.5
0.0
0.0
0.0
0.0
0.0
23.4
1.0
0.0
0.0
0.0
0.0
0.0
0.0
5.3
0.0
14.2
0.8
0.0
0.0
6.1
0.0
0.0
1.5
1.0
0.0
0.0
0.0
0.0
0.0
0.0
0.0
0.0
0.0
0.0
0.0
9.1
3.8
0.5
0.0
0.0
0.0
0.0
13.5
6.6
0.0
0.0
0.0
0.0
0.0
0.0
1.3
0.0
0.0
2.0
0.0
0.0
1.3
0.0
0.0
0.0
0.0
0.0
20.3
0.0
0.0
8.4
0.5
10.4
62.0
0.0
0.0
0.0
0.0
0.0
0.0
0.0
0.0
0.0
0.0
0.8
0.0
0.0
0.0
0.0
0.3
0.0
0.0
0.0
2.5
7.9
0.0
0.5
0.0
0.0
0.0
0.0
23.6
3.3
1.5
8.9
0.0
0.0
25.1
0.8
0.0
0.0
0.0
0.0
0.0
0.0
4.6
3.0
0.0
0.0
0.0
0.0
0.0
0.0
0.0
1.0
0.8
0.0
0.0
0.0
0.0
0.0
0.0
0.0
25.4
9.1
3.0
0.0
0.0
0.0
14.7
0.0
0.0
2.5
0.0
0.0
0.0
1.3
0.0
0.0
0.0
0.0
0.0
0.0
0.0
0.0
0.0
0.0
0.0
0.0
0.0
0.0
0.0
0.0
0.0
0.0
15.5
20.1
0.0
0.0
0.0
16.8
10.9
0.0
0.0
34.3
0.0
39.1
2.3
0.0
11.7
1.5
0.0
0.0
0.0
0.0
0.0
0.0
0.0
0.0
0.0
0.0
0.0
0.0
0.0
0.0
0.0
0.0
0.0
0.0
0.0
0.0
37.1
19.8
0.0
0.0
0.5
0.0
0.0
0.0
0.0
0.0
0.0
26.7
4.6
0.0
0.0
0.0
0.3
8.6
0.0
0.0
0.5
0.0
0.0
0.0
0.5
7.9
17.3
0.5
0.0
0.0
0.0
0.0
0.0
0.0
0.0
0.0
0.0
0.0
14.5
38.9
0.0
0.0
3.3
0.0
0.0
1.0
0.0
0.5
0.0
6.6
0.0
0.0
0.3
0.5
0.0
4.3
0.0
0.0
0.0
0.8
0.0
0.0
0.0
0.0
0.0
0.0
3.8
0.0
0.0
6.1
0.0
4.1
0.0
0.0
3.3
0.0
0.0
0.0
0.0
0.0
0.0
0.0
0.0
6.3
0.0
15.5
0.0
0.0
0.0
1.3
0.0
0.0
0.0
4.6
0.0
0.0
0.0
0.0
0.0
0.0
5.1
16.0
0.0
0.0
0.0
0.0
0.0
0.0
0.0
0.0
0.0
0.0
0.0
0.0
0.8
0.0
0.0
0.0
2.0
15.2
0.0
0.0
0.0
0.0
0.0
0.0
0.0
0.0
0.0
0.0
0.0
0.0
0.0
0.0
0.0
0.0
1.8
0.5
0.0
12.4
15.0
3.6
0.0
39.4
0.0
0.0
0.0
0.0
0.0
0.0
0.0
0.0
8.9
0.0
0.0
0.3
0.0
0.0
3.3
2.3
0.0
0.0
10.9
0.0
6.3
9.9
0.0
0.0
64.5
1.0
0.0
0.0
0.0
0.0
0.0
0.0
0.0
0.0
30.2
0.3
0.0
3.8
0.0
0.0
0.0
0.0
0.0
3.8
0.0
0.0
0.0
1.5
22.9
0.8
7.1
2.0
0.0
0.0
0.0
0.0
0.0
0.0
0.0
42.2
2.0
1.8
2.8
5.6
1.0
0.0
4.3
0.0
0.0
0.0
0.5
0.0
7.9
0.0
0.0
0.0
0.0
0.0
2.3
18.0
12.2
13.5
0.0
0.0
0.0
1.3
0.0
0.0
0.0
0.0
1.0
0.0
0.0
0.0
0.0
0.0
1.3
8.9
0.0
0.0
0.0
0.0
0.0
0.0
0.0
1.8
0.0
0.0
0.0
0.0
0.0
0.0
0.5
1.3
5.1
0.0
0.0
0.0
2.3
0.0
33.8
50.5
0.0
0.0
0.0
0.0
0.0
2.5
0.5
2.0
1.5
3.8
0.0
0.0
0.0
5.6
10.7
0.0
0.0
0.0
0.0
0.0
0.0
0.0
0.0
0.0
0.0
3.8
7.9
9.7
4.1
0.0
0.0
0.0
0.5
0.0
0.0
0.0
34.5
0.0
0.0
0.0
0.0
0.0
0.0
0.0
0.5
1.8
25.4
13.7
0.5
0.0
0.0
0.0
0.0
0.0
16.3
0.0
0.0
0.0
0.0
0.0
9.9
3.8
2.3
0.0
0.0
0.0
11.2
7.9
0.0
0.0
0.0
1.5
0.8
0.0
0.0
0.0
0.0
0.0
0.5
0.0
0.0
0.0
0.0
0.0
0.0
0.0
0.0
0.0
0.0
0.0
11.7
0.0
0.0
0.0
0.0
26.9
34.3
0.0
0.5
0.0
0.0
4.6
0.0
0.0
1.3
11.7
9.1
0.0
0.0
0.0
0.0
0.0
0.0
0.0
0.0
0.0
0.0
2.5
0.0
0.0
9.7
4.6
0.0
0.0
6.9
15.2
2.0
0.0
0.0
0.0
0.0
0.0
0.0
0.0
0.0
0.0
0.0
0.0
0.0
1.3
42.2
25.4
2.3
0.0
0.0
0.0
0.0
4.6
0.0
0.0
0.0
5.3
3.6
0.0
0.0
0.0
0.0
1.8
2.0
0.0
1.8
22.4
9.1
0.0
0.0
0.3
0.0
0.0
0.0
0.0
0.0
19.0
0.0
0.0
0.0
16.8
0.8
0.0
2.5
0.0
0.0
0.0
0.0
3.3
25.4
7.1
15.7
0.3
0.0
0.0
0.0
0.0
5.8
0.4
0.0
1.5
0.0
0.0
0.0
0.0
0.0
0.0
0.0
0.0
0.0
0.0
0.0
0.0
4.1
0.0
0.0
0.0
0.0
0.0
0.0
23.4
0.5
0.0
0.0
5.8
0.0
0.0
0.0
0.0
0.0
0.0
15.5
4.1
0.0
0.0
4.1
3.0
0.0
0.0
0.0
0.0
0.0
0.0
0.0
0.5
0.0
0.0
0.0
0.0
0.0
3.6
0.0
0.0
0.0
6.1
0.0
0.0
0.8
10.2
3.3
0.0
0.0
0.0
0.0
7.1
1.0
0.0
25.9
0.3
9.9
0.0
0.0
0.0
0.0
0.0
0.0
0.0
17.5
0.5
0.0
11.2
0.5
0.0
0.0
0.0
0.0
0.0
0.0
0.0
0.0
0.0
15.0
9.7
0.8
0.0
0.0
0.0
0.0
0.0
1.5
7.1
0.3
0.0
0.0
0.0
0.8
0.0
0.0
0.0
0.0
0.0
18.0
0.3
0.0
0.0
0.0
0.0
0.0
0.0
0.0
0.0
4.3
0.3
10.9
0.5
0.0
0.0
6.9
0.0
1.5
0.0
2.0
0.0
0.0
0.0
0.0
0.0
0.0
0.0
0.0
0.0
0.0
0.0
0.0
0.0
1.5
9.9
0.0
0.0
12.7
58.4
16.3
0.0
0.3
7.1
10.4
7.6
0.0
0.0
0.0
0.0
12.2
3.8
0.0
0.0
0.0
0.0
0.0
3.3
0.0
2.8
0.0
0.0
0.0
25.4
0.0
0.0
0.0
0.0
0.0
0.0
0.0
0.0
0.0
2.3
0.0
0.0
0.0
0.0
0.0
0.0
0.0
0.0
0.0
0.0
11.3
0.0
0.0
0.0
0.0
0.0
0.0
0.0
0.0
0.0
0.0
0.0
0.0
0.0
0.0
0.0
0.0
0.0
0.0
0.0
0.0
0.0
0.0
0.0
0.0
0.0
0.0
0.0
0.0
0.0
3.0
0.8
12.2
0.0
0.0
3.3
0.0
0.0
0.0
0.0
0.0
0.0
0.0
0.5
0.5
0.0
0.0
0.0
0.0
0.0
0.5
0.0
0.0
0.0
0.0
2.0
0.0
10.2
0.0
0.0
0.0
0.0
0.0
0.0
0.0
0.0
0.0
0.0
0.0
1.5
36.1
0.8
18.8
0.0
0.3
0.0
7.1
8.1
0.0
3.0
6.9
1.0
0.0
0.0
0.0
0.0
0.0
0.0
0.0
0.0
0.0
0.0
0.0
0.0
0.0
0.0
0.0
13.7
0.5
0.0
0.0
0.0
0.0
0.0
0.0
0.0
49.0
3.0
0.0
0.0
1.0
6.3
0.0
0.0
0.0
0.0
0.3
11.4
0.0
0.0
0.3
0.0
5.1
2.5
14.7
0.0
6.3
4.6
0.0
0.0
7.1
10.7
0.0
0.0
0.0
2.3
0.0
0.0
1.5
0.0
0.0
0.0
0.8
3.0
0.0
0.0
0.0
0.5
0.0
0.0
0.0
0.0
0.0
0.0
40.6
1.3
3.6
0.0
0.0
0.0
0.0
0.0
0.0
1.0
0.0
0.0
0.0
0.0
0.3
0.0
0.0
0.0
0.0
0.0
0.0
7.6
0.0
2.5
15.2
0.0
8.1
0.8
68.6
9.1
0.0
0.3
0.0
0.0
0.0
0.0
0.0
0.0
0.0
1.3
25.4
0.0
0.0
0.0
2.5
4.6
0.0
0.0
0.0
4.1
0.0
0.0
1.5
0.0
0.0
12.2
9.7
0.0
0.0
0.0
0.0
0.0
0.5
0.0
0.0
0.0
3.6
0.0
0.0
14.7
10.2
13.0
0.0
0.0
0.0
0.0
0.0
0.0
0.0
7.9
9.1
0.0
3.0
18.3
2.0
0.0
0.3
0.3
0.0
0.0
0.0
2.0
6.1
25.7
0.3
3.6
2.8
0.0
0.0
0.0
0.0
0.8
0.5
0.0
0.0
0.0
0.0
1.5
0.0
11.7
1.5
0.0
0.0
0.0
0.0
16.3
0.0
0.0
0.0
0.0
2.0
18.8
0.3
0.0
19.0
0.0
0.0
0.0
21.8
2.3
0.0
0.0
0.0
5.1
0.0
0.0
8.6
1.8
4.1
5.2
0.8
0.0
0.0
28.2
28.7
1.5
0.0
95.8
26.4
0.0
1.8
69.3
0.0
1.5
0.5
0.0
0.0
0.0
0.0
1.8
0.0
0.0
0.0
0.0
0.0
0.0
0.0
0.0
0.0
2.3
0.0
3.0
0.0
0.0
0.0
0.0
0.3
63.8
8.1
0.0
0.0
5.1
11.9
25.4
0.0
19.8
44.4
0.3
0.0
0.0
0.0
0.0
0.0
5.3
0.0
0.8
41.4
0.0
0.5
1.3
0.0
0.0
24.4
0.0
6.9
0.0
0.0
0.0
1.8
1.7
0.0
0.5
0.0
0.0
0.0
0.0
0.0
0.0
0.0
3.8
0.0
0.0
0.0
0.0
0.0
0.0
1.8
16.8
0.0
0.0
0.0
0.0
0.0
0.0
0.0
0.0
0.0
0.0
0.0
32.5
56.4
11.4
0.0
3.3
2.8
0.8
0.0
2.3
18.0
0.0
148.3
0.0
0.0
0.0
0.0
0.0
0.0
0.0
0.0
0.0
0.0
0.0
0.0
0.0
0.0
0.0
0.0
0.0
0.0
0.0
0.0
0.0
0.0
13.5
10.9
0.0
0.0
0.0
0.0
0.0
0.0
16.0
0.0
0.0
0.0
0.0
0.0
0.0
0.0
21.3
12.4
0.5
0.0
0.0
0.0
0.0
0.0
0.0
0.0
0.0
0.0
0.0
0.0
0.8
0.0
0.0
0.0
0.0
6.3
0.5
0.0
7.9
4.6
0.0
0.0
0.0
0.0
0.0
0.0
0.0
0.0
1.8
0.0
0.0
0.0
0.0
0.0
6.3
3.6
0.0
0.8
0.5
0.0
0.0
0.0
0.0
19.8
0.0
0.0
0.0
0.0
0.0
0.5
7.4
0.0
0.0
34.5
0.0
0.0
0.0
11.2
19.0
0.0
0.0
37.3
0.0
0.0
0.0
0.0
0.0
0.0
0.0
0.0
0.0
0.3
0.0
0.0
0.0
4.3
0.0
0.0
0.0
2.3
0.0
0.0
0.0
0.3
0.5
0.5
0.0
0.0
0.0
0.0
2.8
0.0
2.0
2.8
0.0
0.0
0.0
0.0
0.0
1.3
0.0
0.0
0.0
0.0
0.0
2.5
0.0
47.8
0.0
0.0
0.3
0.0
0.0
0.0
0.0
0.0
0.0
0.3
0.0
0.0
0.0
0.0
1.3
12.4
0.0
0.0
0.0
0.0
0.0
0.0
0.0
2.3
4.8
0.0
25.7
1.8
0.0
0.0
0.0
0.0
0.0
0.0
0.5
0.0
0.0
0.0
0.0
0.0
7.9
0.0
0.0
0.0
19.6
11.9
0.0
8.4
0.0
10.9
13.7
0.0
13.5
9.1
0.0
0.0
0.0
23.9
0.0
0.0
16.3
1.0
0.0
0.0
0.0
0.0
14.7
8.6
1.3
0.0
0.0
0.0
0.0
0.0
11.7
23.4
0.3
26.7
7.9
0.0
0.0
0.0
0.0
0.0
3.0
14.2
0.0
0.0
1.5
0.0
37.1
23.9
3.6
25.9
0.0
0.0
0.0
0.0
0.0
0.0
0.0
0.0
17.5
10.2
1.8
7.1
0.0
1.0
0.0
0.0
27.2
2.3
0.0
0.0
0.0
0.0
2.8
0.0
6.9
30.0
0.0
0.0
0.0
0.3
7.6
0.0
33.0
16.0
5.3
4.6
0.0
0.0
0.0
0.0
0.0
0.0
4.3
0.0
0.0
0.0
0.0
0.0
48.3
0.0
0.0
0.0
3.8
10.2
0.0
0.0
0.0
0.0
0.0
18.3
0.0
0.0
0.0
0.0
0.0
0.0
0.0
0.0
0.0
8.9
0.0
0.0
0.3
1.3
0.0
0.0
0.0
0.0
0.0
10.2
0.0
0.0
5.1
0.0
0.0
0.0
0.0
0.0
0.0
0.0
0.0
1.5
3.6
0.0
29.2
7.6
5.1
0.0
0.0
0.0
0.0
0.0
0.0
5.1
0.0
0.0
0.0
0.0
0.0
0.0
0.0
3.3
42.2
0.8
0.0
0.0
0.0
0.0
0.0
0.0
0.0
0.0
0.0
0.0
0.0
0.0
4.3
0.0
6.9
0.0
1.3
2.0
0.0
0.0
0.0
0.0
0.0
7.4
4.6
0.5
0.0
0.0
14.2
0.0
41.1
27.9
0.0
0.0
0.0
0.0
21.8
1.8
0.3
0.0
0.0
0.0
0.0
0.0
13.7
42.7
0.0
0.0
3.8
6.9
5.3
9.1
55.1
0.0
0.0
0.0
0.0
0.0
0.0
0.0
0.0
0.0
0.0
0.0
0.0
0.0
0.0
0.0
12.2
48.0
45.0
2.5
4.8
0.8
0.0
0.0
0.0
16.8
2.0
0.5
0.0
0.0
0.0
0.0
0.0
7.4
0.0
0.0
0.0
0.0
0.0
17.8
6.6
0.0
0.0
0.3
10.9
0.0
0.0
0.0
0.0
0.0
0.5
0.3
0.0
0.0
20.3
37.6
8.1
0.3
1.3
0.0
0.0
0.0
0.0
0.0
0.0
0.0
0.0
0.0
0.0
7.1
0.3
0.0
0.0
0.0
0.0
0.0
0.0
0.0
0.0
0.0
0.3
0.0
0.3
20.6
0.0
0.0
5.3
0.3
0.3
0.0
0.0
0.0
0.0
0.0
0.0
0.0
0.0
0.0
7.6
8.6
0.0
0.3
7.9
0.0
0.0
0.0
0.0
0.0
6.3
0.0
0.0
0.0
0.0
4.1
4.1
1.5
0.0
0.0
0.0
0.0
0.0
0.0
0.0
0.0
0.0
0.0
0.0
0.0
3.0
0.0
0.0
0.0
3.3
8.1
5.1
0.5
0.0
0.0
0.0
0.0
0.0
0.3
5.1
0.3
0.0
0.0
16.5
0.0
1.8
26.9
0.0
0.0
0.0
0.0
0.0
13.2
2.8
1.5
0.0
9.4
0.0
0.0
0.0
0.0
0.0
0.0
0.0
0.0
0.0
0.0
0.0
0.0
0.0
0.0
3.7
2.5
8.1
14.2
0.8
0.0
0.0
0.0
0.0
12.7
15.7
4.3
0.0
0.0
0.0
0.0
0.0
0.0
16.0
10.7
5.6
5.1
0.0
0.8
4.1
23.4
0.0
0.0
8.9
4.8
0.3
0.0
0.0
0.0
0.0
0.8
0.0
0.0
0.0
13.7
0.3
17.5
0.3
0.0
0.0
0.0
0.0
18.3
9.4
0.0
1.5
44.4
34.5
2.5
32.5
0.0
0.0
0.3
10.2
0.0
3.6
72.9
10.7
0.0
0.0
0.0
6.9
0.0
0.0
0.0
0.0
0.0
0.0
0.0
0.0
0.0
0.0
0.0
0.0
0.0
4.1
0.0
1.8
0.0
4.6
0.0
0.0
0.0
58.7
13.0
0.0
0.0
0.0
54.1
0.0
0.0
0.0
0.0
0.0
0.0
0.5
0.0
0.0
0.0
2.3
0.0
0.0
0.0
0.0
0.0
0.0
7.6
0.0
12.4
31.0
0.0
0.0
0.0
0.0
0.0
9.7
10.4
0.0
0.0
0.0
0.0
0.0
0.0
0.0
0.0
0.0
0.0
10.4
66.0
5.8
0.0
0.0
0.0
0.0
0.0
0.0
1.0
11.4
0.0
0.0
0.0
0.0
0.0
0.0
3.0
5.1
0.0
0.0
7.6
0.0
2.8
7.1
2.3
0.0
0.0
0.0
0.0
0.0
3.8
0.0
0.0
0.0
0.0
0.0
0.0
0.0
0.0
0.0
0.0
0.5
0.0
0.0
0.0
0.0
0.0
0.0
0.0
0.0
0.0
0.0
0.0
0.0
8.6
0.0
0.0
0.0
0.0
0.0
0.0
0.0
0.0
2.3
0.0
0.0
0.0
0.0
0.0
0.0
0.0
0.0
1.5
0.0
0.0
0.0
0.0
0.3
0.0
0.0
0.0
27.2
0.0
34.0
9.4
0.0
0.0
0.0
22.1
0.0
0.0
0.0
0.0
1.0
0.0
0.0
0.0
0.0
0.3
0.0
13.5
2.5
0.0
0.0
1.0
0.8
0.0
0.0
0.0
0.0
0.0
0.0
0.0
1.0
0.3
0.0
1.3
0.0
0.0
0.0
1.0
0.0
0.0
0.0
0.0
0.0
0.0
0.3
0.3
0.0
0.0
6.1
0.3
0.0
0.0
0.0
0.0
1.0
0.0
0.0
8.9
0.0
0.3
0.0
0.0
0.0
0.0
0.0
0.0
0.0
0.0
0.0
39.4
28.9
0.0
0.0
3.3
0.3
0.0
0.0
0.0
0.0
0.0
0.0
0.0
0.0
0.0
0.0
0.0
0.0
0.0
6.6
17.5
0.0
7.1
0.0
5.3
0.0
10.4
1.0
0.0
0.0
0.0
15.7
6.9
0.0
0.0
18.0
1.5
0.0
0.0
0.0
0.0
1.8
2.3
0.0
0.0
0.3
0.0
0.3
0.0
0.0
0.0
0.3
0.0
0.0
0.0
0.0
0.0
0.0
0.0
0.0
0.0
0.0
9.1
0.0
0.0
0.5
0.0
9.4
0.0
13.2
0.0
0.0
0.0
14.7
6.1
0.0
2.8
38.4
0.0
3.0
34.5
2.0
0.0
24.6
9.9
11.9
0.0
0.0
0.0
7.1
1.0
0.0
0.0
7.9
0.0
2.0
0.0
0.0
0.0
0.0
0.0
1.8
51.6
6.9
0.0
0.0
0.0
0.0
0.0
0.3
6.9
0.0
0.0
52.6
41.1
0.0
22.6
0.0
0.0
0.0
0.0
10.4
0.0
0.0
6.6
0.0
0.0
0.0
0.0
18.0
10.9
0.0
0.3
7.4
47.0
0.0
1.5
26.7
1.8
0.0
3.6
0.0
0.8
1.5
3.8
0.0
33.5
0.0
0.0
0.0
0.0
0.0
0.0
7.9
0.0
0.0
2.5
0.0
0.0
0.0
0.0
0.5
5.1
0.0
0.0
0.0
0.0
0.0
0.0
0.0
0.0
0.0
0.0
4.6
0.3
0.5
0.0
0.0
0.0
0.0
0.0
0.0
0.0
0.0
0.0
0.0
0.0
0.0
0.3
0.0
0.0
0.0
0.0
0.0
0.0
0.0
0.0
0.0
0.0
0.0
0.0
0.0
0.0
0.0
0.0
0.0
0.0
0.0
0.3
0.0
3.3
0.0
0.0
0.0
10.4
6.1
0.0
0.0
0.0
3.3
16.8
0.0
0.0
0.0
0.3
10.4
0.0
0.0
0.0
8.1
1.5
0.0
0.0
0.3
0.0
0.0
2.8
11.9
9.4
4.1
0.5
0.0
0.0
0.0
0.0
0.0
0.0
0.0
0.0
0.0
0.0
0.0
0.0
10.7
7.1
0.0
0.0
0.0
15.5
1.5
11.7
0.0
0.0
0.0
0.0
0.0
0.5
0.8
0.0
0.3
0.0
1.8
0.3
0.0
0.0
24.6
0.0
0.0
0.0
10.2
7.4
2.0
0.0
0.0
0.0
0.5
1.3
0.0
0.0
0.0
0.0
0.0
0.3
0.3
25.1
0.8
0.0
0.0
9.4
4.6
10.4
11.2
0.0
0.0
0.0
2.8
4.3
0.0
0.3
0.0
0.0
0.3
0.0
0.0
0.0
3.3
10.7
1.8
0.0
0.0
0.0
10.7
9.7
0.0
0.0
0.0
0.0
0.0
5.8
7.1
0.0
0.0
4.3
0.0
0.6
0.3
0.0
0.0
0.0
0.0
0.0
0.0
0.0
0.0
1.0
1.5
4.1
0.0
0.0
0.5
5.8
0.0
0.0
0.5
0.0
11.2
0.8
0.0
3.6
14.5
0.3
0.8
0.0
0.0
0.0
0.0
0.3
3.0
9.1
0.0
0.0
0.8
0.0
0.5
0.5
0.0
0.0
1.8
0.0
4.3
10.2
0.0
0.0
0.0
0.0
0.5
0.0
1.0
0.3
0.3
0.0
0.0
0.5
0.0
0.0
3.0
0.3
0.3
0.8
0.0
0.0
3.8
0.0
0.0
0.3
0.0
0.0
0.0
0.3
0.0
5.1
0.0
0.0
0.0
0.0
0.0
4.1
0.0
0.0
0.0
0.0
0.0
0.5
0.0
0.0
0.0
0.0
0.0
0.0
1.0
0.0
0.0
0.0
0.0
0.0
0.0
0.0
1.8
13.2
22.6
2.0
0.0
0.0
0.0
2.0
0.0
0.0
0.0
0.0
0.0
0.3
0.0
0.0
5.8
25.4
6.3
0.0
0.0
4.6
0.0
0.0
12.7
0.0
0.0
0.0
0.0
0.0
0.0
0.0
0.0
0.0
0.0
0.0
0.0
8.9
0.0
0.0
0.0
0.0
0.0
0.0
0.0
0.0
6.1
0.0
9.7
0.0
4.6
8.3
0.0
0.0
0.0
0.0
0.0
0.0
0.0
4.8
0.0
0.0
0.0
0.0
10.4
1.3
0.0
0.0
0.0
0.5
0.0
0.0
0.5
0.0
0.0
0.0
0.0
0.0
0.0
0.0
3.0
0.0
0.0
0.0
0.0
7.9
1.0
0.0
0.0
0.0
0.0
0.0
0.0
0.0
0.0
0.0
0.0
0.0
0.0
0.0
0.0
0.0
0.0
0.0
0.0
0.0
0.0
0.0
0.0
0.0
0.0
0.3
0.0
0.0
18.0
0.0
0.0
1.0
0.0
0.0
0.0
0.0
6.9
0.0
0.0
23.4
0.0
0.0
0.0
0.0
0.0
0.0
0.0
0.0
0.0
6.1
1.8
0.0
0.0
0.0
12.7
59.4
3.6
0.8
0.0
11.2
0.0
22.9
0.0
0.0
0.0
0.0
0.0
0.0
3.3
0.0
0.0
6.1
0.0
0.0
0.0
9.7
0.3
0.0
0.0
15.7
3.6
0.0
0.0
0.0
0.0
0.0
1.0
4.3
0.0
13.2
0.0
0.0
0.0
0.3
1.0
0.0
0.0
15.0
12.4
0.0
0.0
14.5
0.8
2.5
0.8
0.0
15.7
10.9
0.0
8.1
0.3
0.0
0.0
0.0
0.0
0.0
0.0
0.0
5.8
0.0
0.0
3.6
2.3
0.0
0.0
0.0
20.8
3.6
0.0
0.0
0.0
0.0
0.0
0.0
0.5
0.0
0.0
1.5
0.0
0.0
0.0
0.0
0.0
0.0
0.0
0.0
0.0
2.8
0.0
8.1
0.0
0.5
4.8
0.0
7.6
0.0
0.0
0.0
0.0
0.0
8.4
0.0
1.8
0.0
3.0
9.4
0.0
0.0
0.0
0.0
0.0
0.0
0.3
0.0
0.0
0.0
0.5
3.7
0.0
0.0
0.0
0.0
0.0
0.0
0.0
0.0
6.1
2.0
14.2
0.0
0.0
0.0
0.0
0.0
0.0
0.0
0.0
0.0
0.0
0.0
0.0
1.0
0.0
2.3
0.0
29.0
4.6
0.0
1.0
0.0
0.0
0.0
0.0
0.0
7.6
0.0
0.0
11.7
0.0
0.0
0.0
0.0
0.0
0.0
0.0
7.9
0.0
0.0
8.9
0.0
0.0
0.0
0.0
26.7
1.3
0.5
1.5
0.3
0.0
0.0
0.3
0.0
0.0
0.0
0.0
8.4
0.0
0.0
0.0
0.0
0.0
0.0
0.8
0.5
0.0
0.0
0.0
0.0
0.0
26.9
2.5
0.0
0.0
0.0
0.0
0.0
0.3
0.0
0.0
0.0
0.0
0.0
0.0
0.0
1.5
0.0
29.7
5.8
0.0
0.0
0.0
4.1
38.6
0.0
68.8
0.0
0.0
0.0
0.0
10.7
3.3
0.0
0.0
7.9
0.8
0.0
0.0
0.0
19.8
6.1
7.1
7.4
0.5
0.0
0.0
25.7
0.0
0.3
0.0
0.0
0.0
0.3
3.8
0.0
0.0
0.0
27.4
9.1
1.3
0.8
0.0
10.2
2.0
16.5
1.8
0.0
3.8
28.4
16.3
0.0
0.0
0.0
0.0
0.0
0.0
0.0
0.3
0.0
0.3
0.0
0.8
0.0
22.1
2.3
0.0
30.5
0.0
0.0
0.5
5.6
0.0
0.0
13.7
8.6
0.0
0.0
30.5
1.3
0.0
2.0
0.5
0.0
0.0
0.0
0.0
0.0
0.0
40.6
0.0
0.0
0.0
0.0
0.0
0.0
0.0
0.0
0.0
0.0
21.6
7.4
2.0
0.0
0.0
3.0
0.0
0.0
0.0
12.2
1.0
0.0
0.8
0.0
0.0
0.0
0.0
0.0
0.0
0.0
0.0
0.0
1.5
0.0
0.0
0.0
0.0
0.0
0.0
0.0
0.0
0.0
0.0
0.0
0.0
0.0
0.0
0.0
0.0
0.0
0.0
0.0
0.0
0.0
0.0
0.0
0.0
0.0
0.0
0.0
0.0
0.0
0.0
3.6
0.0
0.0
1.0
0.0
0.0
1.0
0.0
7.4
0.0
0.0
0.0
0.3
0.0
0.0
0.0
0.0
2.3
0.0
0.0
0.0
26.2
0.0
2.3
0.8
1.5
0.0
0.0
0.0
0.0
1.0
0.0
0.0
2.5
0.0
0.5
0.0
8.1
0.0
0.0
3.6
0.0
0.0
0.0
0.0
0.0
0.0
1.8
22.6
50.0
0.5
0.0
0.0
0.0
2.3
8.9
0.0
0.0
0.0
0.0
4.8
0.0
0.0
0.0
0.0
0.8
3.6
0.0
0.0
1.8
7.9
3.6
0.0
0.0
0.0
0.0
0.0
0.0
0.0
0.0
0.0
0.0
0.0
0.0
0.0
0.0
0.0
0.5
0.0
0.0
0.0
0.0
4.8
13.2
0.3
0.8
0.0
0.0
0.0
1.5
27.4
1.3
0.0
0.0
0.0
0.0
0.0
0.0
0.3
0.0
0.0
4.1
2.8
0.0
0.0
15.5
0.0
0.0
0.0
0.0
16.5
0.5
0.0
0.0
0.0
0.0
1.8
0.0
1.0
0.0
1.0
2.3
0.0
0.0
0.0
0.0
0.0
0.0
0.0
0.0
0.0
1.8
25.9
0.3
0.0
8.9
12.7
0.0
0.0
0.5
1.5
0.0
0.0
0.0
0.0
12.7
4.6
0.0
25.1
0.0
0.0
1.5
0.0
2.3
0.0
0.0
0.0
0.0
0.0
0.0
0.3
0.8
0.0
0.0
0.0
0.0
0.0
0.0
0.0
0.0
2.0
24.6
0.0
0.0
0.0
0.0
0.0
0.0
0.8
0.0
0.0
0.0
0.0
0.0
0.0
0.0
11.4
0.0
0.0
0.0
0.0
0.0
12.4
33.0
0.5
0.0
0.3
10.7
3.8
0.0
0.0
0.0
0.0
23.6
4.3
0.0
0.0
0.0
0.0
0.0
0.0
0.0
0.0
0.0
3.0
0.0
0.0
11.7
21.1
6.9
0.0
0.3
0.0
0.0
0.0
0.0
0.0
0.0
0.0
12.2
0.5
17.3
0.0
39.6
11.2
4.3
4.8
0.0
0.0
0.0
0.0
0.0
0.0
0.0
0.0
0.0
0.0
0.0
10.4
2.0
0.0
0.0
0.0
1.5
0.0
63.8
0.0
0.0
20.6
0.0
0.0
19.6
2.0
2.3
0.0
0.0
0.0
0.0
0.0
0.0
22.4
6.9
1.5
8.1
16.0
86.9
0.0
0.0
0.8
0.0
0.0
0.0
8.1
0.5
0.0
0.0
1.5
6.1
1.5
11.4
0.0
0.0
0.0
6.6
19.3
2.8
0.0
0.0
0.0
0.0
0.0
0.0
0.0
0.0
0.0
0.0
4.1
3.0
0.5
0.0
0.0
0.0
0.0
1.3
0.0
1.5
0.0
17.8
0.0
12.4
18.3
1.5
1.0
0.0
0.0
0.0
0.0
0.0
0.0
7.1
0.0
0.0
11.9
0.0
5.3
0.0
0.0
1.0
61.0
1.8
20.6
0.0
0.0
0.0
5.8
11.2
0.0
0.0
8.4
0.5
0.0
0.0
14.0
23.9
0.0
0.0
0.0
0.0
36.3
0.0
0.0
0.0
0.0
8.1
0.0
0.0
0.0
0.0
0.0
0.0
0.0
0.0
0.0
0.0
7.1
56.1
11.7
0.0
0.0
2.3
2.8
0.0
1.5
1.0
0.0
1.5
35.6
2.5
3.3
0.0
0.0
0.0
0.0
0.0
0.0
0.0
0.0
0.0
0.0
0.0
0.0
16.5
0.0
6.6
0.0
0.0
0.0
0.0
13.5
0.0
0.0
0.0
0.0
0.0
0.0
3.0
0.0
0.0
0.0
0.3
0.8
0.0
0.0
0.0
0.0
0.0
3.6
18.0
9.1
0.0
1.3
0.0
0.0
0.0
0.0
0.0
0.0
0.0
0.0
14.7
0.8
0.0
2.5
0.0
0.0
0.0
0.0
0.0
0.0
2.5
0.0
0.0
0.0
0.0
0.0
0.0
18.5
0.0
3.3
0.0
0.0
1.0
0.0
0.0
0.0
0.0
0.0
1.5
13.5
0.3
2.8
0.0
0.0
0.0
0.0
0.0
5.1
0.0
0.0
0.0
0.0
0.0
0.0
0.0
0.0
0.0
0.0
0.0
0.0
0.0
0.8
2.0
0.0
0.0
0.5
0.0
2.0
8.6
0.0
0.0
2.3
0.0
0.0
0.0
0.0
0.0
0.0
0.0
0.0
0.0
0.0
0.3
0.5
0.5
0.0
0.0
7.4
3.8
0.0
0.0
0.0
0.0
1.8
0.0
7.1
7.9
0.0
0.3
0.0
0.0
0.0
0.0
0.0
0.0
1.8
0.0
0.0
3.3
0.0
0.0
0.0
0.0
0.0
4.3
0.0
0.0
0.0
0.0
5.3
6.6
6.3
0.0
0.0
0.8
0.0
0.0
0.0
0.0
2.0
0.0
0.3
0.0
0.8
8.1
17.5
0.0
0.0
0.5
3.8
0.0
0.0
0.0
0.0
0.0
10.2
0.5
0.0
0.8
0.0
0.0
6.1
0.0
0.0
0.0
0.0
0.8
0.0
0.0
0.0
0.8
0.0
0.0
0.0
25.7
6.6
6.1
38.9
0.0
0.0
3.0
23.4
2.8
0.0
0.0
0.0
10.9
0.0
0.0
0.0
0.3
4.8
8.1
0.0
0.0
0.0
28.2
1.0
0.0
0.0
0.0
0.0
0.0
0.0
19.8
13.7
0.0
0.0
0.0
2.5
2.3
1.3
5.1
1.3
6.9
15.2
2.5
2.3
7.1
0.0
0.0
12.4
27.7
19.0
0.0
6.9
0.0
0.0
3.6
1.8
0.0
0.0
0.0
0.0
31.0
40.6
0.0
0.5
6.3
0.0
0.3
7.6
0.0
5.1
0.0
0.0
13.2
4.3
0.0
0.0
0.0
0.0
0.0
0.8
0.0
0.0
0.0
0.0
0.0
0.0
0.0
0.0
0.0
0.8
10.2
0.0
0.0
12.4
0.0
0.0
0.0
0.0
0.0
0.0
0.0
6.1
12.4
4.6
0.0
0.0
10.7
0.5
0.0
0.0
0.0
0.0
0.0
1.8
0.3
0.0
0.0
0.0
0.0
0.0
0.0
0.0
0.0
11.4
0.0
0.3
24.1
0.0
0.0
0.0
0.0
0.0
0.0
1.0
0.0
0.0
0.0
0.0
0.0
0.0
0.0
0.0
0.0
0.0
3.0
0.0
0.0
0.0
0.8
0.0
0.0
0.0
0.0
0.8
0.0
0.0
0.0
0.0
0.0
0.0
0.0
0.0
0.0
0.0
0.0
0.0
0.8
0.0
0.0
0.0
0.0
0.0
22.6
3.6
0.0
0.0
10.7
0.0
0.0
0.0
0.0
4.3
0.8
0.0
0.0
0.0
0.0
7.1
0.0
0.0
0.0
0.0
8.9
25.4
3.3
0.0
0.0
18.3
0.0
0.0
0.0
0.3
0.0
33.8
0.3
0.0
9.9
0.8
2.0
0.0
0.0
0.0
0.8
0.3
0.0
0.0
0.0
0.0
0.0
7.9
7.4
0.0
0.8
0.0
0.0
0.0
0.5
16.0
0.0
27.4
0.0
0.0
71.4
14.5
62.5
0.0
0.0
0.0
0.0
0.0
0.0
0.0
0.0
0.0
0.8
3.0
4.3
0.0
0.0
0.3
0.0
0.0
6.1
0.0
0.3
0.0
5.6
1.8
0.0
0.0
0.0
0.0
0.0
0.0
0.0
0.0
0.0
0.0
0.3
0.0
4.8
0.0
0.0
0.0
0.0
0.3
0.8
0.3
0.0
0.0
0.0
0.0
2.3
0.0
0.0
0.0
0.0
0.0
0.0
0.0
0.0
0.0
16.3
0.0
0.0
0.0
0.3
0.0
0.8
0.0
1.5
0.3
0.3
0.0
2.5
0.3
0.3
1.8
0.0
0.3
27.2
0.5
0.0
0.3
0.0
0.0
0.0
0.3
0.0
0.0
0.0
16.0
0.0
0.0
3.8
0.0
0.0
18.5
9.1
0.0
0.0
0.0
0.0
0.0
24.6
1.3
0.5
0.0
11.9
6.3
0.0
0.0
0.0
0.0
0.0
0.0
0.0
0.0
10.9
6.1
0.8
0.3
0.0
2.8
4.1
0.8
8.1
0.0
18.5
0.0
0.0
0.0
3.3
0.0
0.0
3.6
7.4
8.6
11.7
5.6
0.5
12.7
0.3
0.0
0.0
1.5
0.0
0.0
0.0
0.0
0.0
0.0
0.0
0.0
8.6
14.2
0.0
0.0
1.0
1.0
15.0
0.0
0.0
36.3
0.0
0.3
0.0
0.0
0.0
0.0
0.0
0.0
0.0
1.5
2.3
0.0
0.0
0.0
0.0
0.0
0.0
4.3
0.0
0.0
0.0
0.0
0.0
0.0
0.0
0.0
0.0
1.5
21.3
0.3
0.0
22.1
2.3
0.0
0.0
0.0
0.0
0.0
15.0
1.0
0.0
0.0
0.8
2.3
1.0
0.0
0.0
10.7
0.0
37.1
13.7
0.0
0.0
0.0
0.0
0.0
0.0
0.0
1.8
0.0
0.0
0.3
0.0
0.0
0.0
0.0
0.0
0.0
9.4
0.5
0.0
43.4
2.8
0.0
0.0
0.0
1.3
0.0
0.0
0.0
1.3
1.5
62.7
0.8
0.0
0.0
0.0
0.0
0.0
0.0
0.0
0.0
0.0
0.0
1.3
32.5
0.5
9.7
0.0
0.0
0.0
0.5
0.0
11.2
0.3
0.0
0.0
0.0
0.0
0.0
0.0
0.0
0.0
0.8
0.0
0.0
4.6
7.9
0.3
0.0
17.8
0.0
0.0
0.0
0.0
0.0
0.0
0.0
0.5
3.0
0.0
0.0
0.0
23.9
0.0
0.0
6.6
18.8
0.0
0.0
0.0
0.0
1.5
1.5
0.0
0.0
0.0
0.0
0.0
0.0
15.2
0.0
0.0
0.0
0.0
0.0
8.1
0.0
0.0
0.0
0.0
0.0
0.0
0.0
0.0
0.0
8.9
0.0
0.0
0.0
9.1
26.7
0.0
0.0
0.0
2.0
24.9
0.0
0.0
0.0
0.0
0.0
10.4
0.0
0.0
0.0
0.3
0.0
0.0
0.8
0.0
0.5
0.0
0.0
0.5
0.5
0.0
0.0
0.0
0.0
0.0
0.5
0.3
5.6
7.6
0.0
0.0
0.0
0.0
0.0
0.0
6.6
6.6
0.0
1.5
0.0
0.0
0.0
0.0
0.5
0.5
5.8
0.0
1.5
0.3
8.4
0.3
0.0
13.7
8.6
0.0
0.0
0.0
0.0
0.0
0.0
0.0
0.0
0.3
0.0
0.0
0.0
0.0
0.0
0.0
0.0
0.0
3.0
4.6
0.0
0.0
0.5
0.0
0.0
0.0
0.0
0.0
0.0
0.0
0.0
0.0
1.8
0.0
0.0
0.3
0.0
0.0
0.3
0.5
11.4
0.0
0.0
0.0
0.0
0.3
7.1
0.0
0.5
0.0
0.0
0.0
5.8
0.3
0.0
0.0
2.5
0.0
0.0
0.0
0.0
0.0
0.3
0.0
1.5
0.0
1.3
0.0
3.8
49.3
0.5
0.0
0.0
3.0
0.8
27.9
0.3
0.0
0.0
0.0
1.3
0.0
0.0
0.0
0.3
0.0
13.5
0.0
0.0
0.0
0.0
0.0
0.0
0.0
0.0
0.0
11.7
6.9
5.6
38.9
23.9
1.0
0.0
13.2
30.7
0.0
2.0
0.0
0.0
0.0
16.5
2.3
0.0
0.0
0.0
0.0
0.0
0.0
10.7
90.7
29.0
5.8
0.5
20.6
2.5
0.0
0.3
0.0
0.5
0.0
1.8
0.3
0.0
0.0
0.0
0.0
0.0
0.0
0.0
0.0
0.0
0.0
0.0
0.0
0.0
3.8
0.3
0.3
0.3
7.1
0.5
3.3
0.0
1.5
8.1
0.0
0.0
0.5
0.0
0.0
0.0
4.1
0.0
0.0
0.0
0.0
6.9
0.8
0.0
0.0
0.0
3.8
49.5
0.0
0.0
0.0
0.0
21.3
0.0
0.0
0.8
0.0
0.0
11.2
2.8
0.0
0.0
22.1
6.1
0.0
0.0
0.0
0.0
4.1
0.0
0.5
0.0
0.0
0.0
0.0
0.0
0.0
0.8
5.3
0.0
0.0
0.0
0.0
0.5
0.3
0.3
0.0
0.0
0.0
10.9
0.0
0.0
0.0
0.0
0.5
57.7
0.0
0.0
0.0
0.0
0.0
0.0
11.9
0.0
0.0
0.0
0.0
0.0
0.0
0.0
0.0
0.3
0.0
0.0
0.0
0.0
10.2
0.0
0.0
0.0
0.0
0.0
0.0
0.0
0.0
0.0
0.0
0.0
0.0
0.0
0.0
0.0
17.3
8.9
13.0
9.1
0.0
0.0
14.0
1.3
0.0
0.0
0.0
9.7
0.0
0.0
0.0
0.0
0.0
1.0
15.2
18.8
1.8
0.0
0.0
0.0
0.0
0.0
0.5
0.0
1.0
0.3
0.0
0.3
8.6
0.0
0.0
0.0
0.0
0.0
0.0
2.0
1.5
0.0
10.7
0.0
0.5
6.6
0.3
0.0
0.0
0.0
0.0
0.0
0.0
0.0
0.0
0.0
0.0
2.8
0.0
0.0
0.0
4.6
0.0
0.3
0.0
0.0
0.0
0.0
0.0
0.0
0.0
0.0
0.0
0.0
1.8
0.0
0.0
0.0
0.0
0.0
0.8
4.3
0.0
2.5
0.0
0.0
1.5
0.0
2.3
0.0
0.0
0.0
0.0
0.0
0.0
3.6
3.3
0.0
0.0
10.2
0.0
0.0
0.5
2.8
0.0
0.0
0.0
0.0
0.0
1.3
1.5
1.8
0.0
0.0
0.0
0.0
0.0
0.0
0.0
0.0
0.0
0.0
0.3
0.3
1.3
0.0
0.0
0.0
0.0
1.0
1.8
0.0
0.0
0.3
0.5
0.0
0.0
0.0
35.1
47.0
11.7
1.0
1.8
19.3
0.0
0.0
0.0
0.5
11.9
0.0
0.0
0.0
5.3
0.3
0.3
0.0
0.0
0.0
0.0
0.0
0.0
0.0
0.0
5.3
1.0
0.0
0.0
0.0
0.0
0.0
1.8
31.0
0.0
13.5
12.4
1.0
3.0
1.3
0.8
5.3
0.3
23.4
0.0
0.0
0.0
0.0
2.8
8.6
0.0
0.0
0.0
2.8
19.6
1.0
0.5
0.0
0.0
0.0
0.0
0.0
0.0
4.8
1.3
0.0
0.0
0.0
0.0
0.0
0.0
0.0
0.0
11.7
0.0
0.0
1.8
0.0
0.0
6.3
0.0
0.0
0.5
0.3
0.5
19.0
0.0
0.0
3.8
3.8
0.5
0.5
0.0
0.0
0.0
1.0
0.5
1.5
0.3
1.0
4.6
0.0
0.0
0.0
0.0
0.0
0.0
0.0
0.0
0.0
0.8
16.0
56.4
18.5
0.0
0.0
0.3
0.0
0.0
0.0
4.8
7.6
20.3
5.8
0.0
0.0
0.3
13.2
0.0
0.3
0.0
0.0
61.2
0.0
0.0
0.0
1.0
0.0
0.0
0.0
0.0
1.5
0.0
0.0
0.0
18.8
0.0
7.1
0.0
0.0
0.0
0.0
9.1
0.5
0.0
0.0
0.0
0.0
0.0
0.0
24.6
59.9
1.5
0.0
0.0
0.0
0.0
0.0
0.0
8.1
0.0
0.0
0.0
0.0
0.0
0.0
0.0
4.6
0.0
7.6
0.0
0.0
32.0
0.5
0.0
0.0
18.0
1.8
0.0
0.0
0.0
9.7
0.0
0.0
0.0
0.0
0.0
0.0
0.0
1.8
56.4
13.7
0.0
0.0
0.0
0.0
0.0
0.0
0.0
0.0
0.0
0.0
0.0
0.0
0.8
0.0
0.0
1.0
1.0
17.3
0.0
0.0
0.0
0.0
0.0
0.0
0.0
0.0
0.5
13.2
1.0
0.0
0.0
2.5
0.0
2.8
0.0
0.5
1.0
0.0
0.0
0.0
0.0
0.0
0.0
0.0
0.0
0.0
0.3
19.0
0.3
0.5
0.0
0.0
17.0
21.1
0.3
0.3
4.6
3.8
0.0
0.0
3.6
2.0
0.0
0.0
8.9
0.0
0.0
5.6
0.0
0.0
0.3
0.0
0.0
0.0
0.0
9.1
0.0
4.6
1.8
0.0
0.0
0.0
0.0
26.2
1.8
1.8
0.3
0.0
2.8
0.0
0.0
0.0
0.0
0.0
0.0
0.0
8.4
0.0
0.0
0.0
0.0
0.0
2.8
0.0
0.0
0.0
0.0
0.5
1.0
18.0
0.0
0.0
0.0
57.4
