20000101
8.4,-4.8
12.4,0.1
17.0,1.8
9.1,-1.9
-1.7,-7.5
-0.6,-7.4
7.1,-3.1
2.5,-3.1
6.0,-1.8
8.1,3.7
12.0,0.0
5.1,-4.6
8.1,-3.1
-0.7,-10.8
1.2,-9.0
10.7,-1.0
3.2,-3.9
-0.9,-4.2
1.0,-7.0
0.1,-12.1
-11.4,-18.2
-4.8,-17.9
-0.8,-6.5
-5.7,-17.6
-4.1,-17.5
-4.8,-14.2
-8.5,-16.9
-6.2,-18.1
-5.6,-13.4
-3.9,-9.0
-2.9,-10.4
-2.0,-11.3
-2.7,-10.9
1.2,-11.5
4.2,-4.8
-0.7,-8.1
0.7,-8.2
7.8,-5.3
3.0,-8.3
5.2,-7.9
14.0,2.0
13.9,-1.9
0.2,-4.2
5.1,-5.0
2.5,-1.1
1.1,-1.0
9.1,-0.9
3.8,-6.2
3.2,-4.6
2.2,-1.2
1.3,-2.0
7.2,-1.9
12.1,0.9
19.7,7.3
17.2,9.1
21.2,8.7
22.0,13.7
16.1,5.7
13.0,-1.8
16.2,-1.3
18.9,6.4
11.0,-1.1
8.9,-1.9
6.2,-2.4
14.3,-2.2
19.3,1.2
21.1,3.2
26.2,10.8
25.1,9.0
10.1,0.6
4.2,-1.8
1.5,-10.6
6.6,-8.6
12.3,-2.9
12.3,2.0
21.6,1.9
5.3,-3.9
7.1,-2.9
7.2,-1.6
11.2,5.7
9.8,5.7
11.1,0.5
16.2,1.9
19.2,8.2
23.8,8.7
19.3,2.7
21.2,3.0
14.1,1.6
7.5,-2.8
13.2,-0.7
15.1,-0.7
18.2,2.9
18.3,7.9
17.2,8.7
14.2,1.8
9.4,-1.0
21.1,2.9
14.7,7.8
13.8,-2.1
7.3,-2.0
18.2,0.0
14.0,5.4
9.6,-1.9
12.3,-0.7
19.3,3.0
21.4,8.4
23.3,10.6
22.2,6.8
8.5,6.8
12.7,6.2
23.2,12.4
21.1,4.8
14.2,1.9
19.4,7.2
17.0,8.9
19.0,3.1
19.2,3.6
21.1,6.4
20.6,4.6
23.0,8.7
20.5,3.8
24.2,9.0
18.8,7.2
23.3,8.4
27.1,14.1
26.4,15.9
27.3,16.7
26.4,18.7
24.8,18.9
27.3,17.1
23.3,9.0
21.6,12.7
29.2,16.1
29.4,12.7
16.3,5.7
21.2,7.1
22.4,11.8
26.0,14.9
25.2,17.7
25.9,10.0
12.4,9.0
15.6,6.3
21.9,11.2
25.2,15.6
27.3,14.3
29.3,13.7
24.5,9.7
18.6,15.3
25.5,14.1
17.3,12.7
22.3,13.1
28.2,17.7
30.9,18.1
31.0,20.7
25.3,11.1
23.2,10.4
22.3,14.7
16.7,7.0
22.5,8.3
25.4,15.5
30.2,16.2
30.3,20.4
31.0,21.9
26.5,20.1
30.0,20.0
31.9,18.9
29.0,15.1
27.2,18.7
26.0,15.8
21.2,13.3
24.4,11.6
26.3,17.6
27.2,18.9
26.2,18.6
29.2,17.2
30.9,18.9
26.4,19.5
28.3,19.8
26.1,14.3
24.2,14.3
25.3,14.9
26.0,13.2
26.2,13.5
27.4,18.8
31.0,21.7
30.7,20.4
30.1,21.0
29.4,20.9
30.1,18.2
30.5,17.0
29.3,18.9
30.4,22.7
30.4,21.9
28.1,21.7
28.3,20.8
31.7,20.8
30.9,19.4
28.4,16.0
28.4,17.8
27.5,18.8
28.8,14.9
23.3,11.4
23.8,15.7
24.4,11.3
25.9,11.4
25.2,11.8
27.2,12.4
28.2,14.6
28.4,18.7
30.3,19.6
26.8,20.6
25.8,18.9
26.4,18.2
28.2,18.7
29.5,20.5
31.2,18.0
25.5,13.4
26.2,14.3
26.2,18.0
29.5,19.0
30.3,20.7
28.5,21.7
32.8,17.1
30.9,16.8
28.5,12.9
27.6,15.9
27.4,16.9
30.4,19.7
33.3,18.3
28.6,18.0
34.9,17.8
25.5,13.3
24.9,14.9
24.5,14.1
27.4,15.9
28.5,20.6
30.4,20.6
29.1,14.5
28.6,16.3
28.3,17.4
26.9,19.1
29.2,20.8
35.8,22.0
35.5,20.0
33.9,19.2
33.4,17.8
33.3,20.0
33.8,19.3
26.2,11.2
24.2,7.5
27.3,10.1
30.1,17.8
29.2,18.9
27.5,21.8
27.6,19.6
33.0,17.2
26.3,9.5
27.2,12.0
23.2,9.7
20.3,5.0
20.6,8.3
27.4,10.0
30.7,11.4
30.7,15.2
22.2,6.7
19.4,4.9
28.0,11.0
24.1,13.0
17.0,8.0
11.3,2.9
18.6,4.8
24.2,6.3
22.8,6.3
24.2,7.8
25.8,9.8
27.6,13.9
28.9,12.3
28.5,12.5
16.1,11.8
15.0,5.8
10.4,-1.5
9.1,-1.5
10.7,-2.4
14.1,-1.6
17.5,-0.2
20.7,0.8
22.8,3.7
25.5,9.9
25.5,13.5
20.0,10.5
15.7,8.8
18.2,4.5
21.0,5.9
23.6,8.0
24.5,8.1
24.5,9.2
20.1,11.8
25.9,14.2
24.0,12.4
25.6,13.8
26.0,14.4
24.5,10.9
16.6,4.4
17.3,5.1
20.9,9.4
26.1,10.0
19.4,7.2
16.7,6.1
15.0,2.2
16.7,-1.1
15.0,6.7
14.4,3.9
9.4,2.2
6.1,1.7
2.2,0.6
8.3,0.6
11.1,1.7
7.2,0.0
2.2,-1.7
6.7,-3.9
6.7,-2.8
0.0,-5.6
3.3,-7.2
7.2,-5.0
-0.6,-6.7
-3.3,-10.6
4.4,-11.1
5.6,-7.8
9.4,-7.2
3.9,2.2
6.7,-1.1
0.0,-2.8
7.2,-3.9
5.6,0.6
2.2,0.6
2.2,0.0
0.0,-6.7
1.7,-8.9
3.3,-3.3
2.8,-8.9
-3.3,-9.4
6.7,-4.4
2.8,-9.4
1.7,-11.1
6.1,0.0
1.7,-12.8
-11.1,-16.7
-5.0,-15.6
-5.6,-18.3
0.6,-16.7
1.1,-14.4
-14.4,-16.7
-6.1,-16.7
-10.0,-16.1
-6.1,-19.4
-5.0,-16.7
-13.9,-19.4
-3.9,-13.9
-10.6,-20.0
-10.6,-21.1
-6.1,-16.1
-6.7,-15.6
-7.2,-18.9
-8.3,-10.6
-5.6,-10.0
-6.1,-10.0
-9.4,-13.9
-8.9,-17.2
-3.3,-14.4
1.1,-8.3
2.8,-4.4
2.8,-9.4
1.7,-4.4
-4.4,-10.6
-4.4,-12.8
2.2,-8.9
1.1,-6.7
1.1,-0.6
2.2,0.0
3.9,1.7
1.7,0.0
0.0,-2.8
-1.1,-6.1
2.2,-7.8
0.0,-6.7
-3.3,-10.0
1.7,-7.8
4.4,-9.4
3.3,-2.2
-1.1,-8.3
-0.6,-11.1
1.7,-4.4
-2.2,-8.3
0.0,-8.9
8.3,0.0
5.0,0.6
1.1,-2.2
2.8,-13.3
-7.8,-17.2
3.3,-8.3
6.7,-2.2
2.2,-3.9
7.8,-2.8
7.2,-2.8
16.7,3.3
16.1,-6.7
-2.8,-10.0
0.6,-9.4
5.0,-3.3
6.1,-2.8
7.2,0.6
2.2,0.0
1.1,-8.3
-5.0,-12.2
0.0,-11.1
10.6,-0.6
7.2,-3.9
-1.7,-9.4
0.6,-5.6
3.9,-2.8
14.4,0.6
13.3,0.0
8.3,-3.9
2.8,-3.3
-0.6,-7.8
3.3,-6.1
5.6,0.6
10.6,0.0
2.2,-2.8
1.7,-5.0
4.4,-6.7
8.9,-4.4
2.2,-2.2
5.0,-5.0
11.7,-5.0
10.0,1.7
13.3,1.7
10.6,0.0
14.4,-3.3
10.0,5.6
6.1,0.0
2.8,-3.3
8.3,-5.6
9.4,-3.3
13.9,-2.2
15.0,-2.2
12.8,-1.7
13.9,1.7
5.0,-5.0
1.1,-6.7
2.8,-9.4
6.7,-5.6
10.6,-3.9
9.4,1.7
13.9,2.8
15.0,-2.8
12.2,-0.6
16.7,2.8
16.1,3.3
19.4,3.9
21.7,3.9
26.7,18.3
26.7,17.2
28.3,10.6
28.9,17.8
22.8,12.8
23.9,16.7
18.3,10.0
17.8,6.7
22.8,6.7
14.4,6.7
10.0,0.0
10.6,-1.1
15.0,-2.2
20.0,3.9
24.4,12.2
25.6,17.8
27.8,18.9
22.2,9.4
16.7,6.1
17.2,4.4
24.4,6.7
27.8,9.4
23.9,6.1
26.1,5.6
30.0,11.1
27.8,16.7
27.8,16.7
29.4,15.6
28.3,13.9
29.4,13.3
28.3,14.4
20.0,10.0
25.0,7.8
26.7,13.9
29.4,16.7
23.9,12.8
18.9,6.1
19.4,4.4
26.7,10.6
31.7,18.3
32.8,21.7
31.1,19.4
23.9,15.6
26.1,13.9
25.6,14.4
21.1,11.7
18.3,7.8
20.6,7.2
16.1,6.7
16.1,6.7
21.7,10.0
20.0,8.9
22.8,6.7
25.0,7.2
20.6,10.6
17.2,11.1
20.0,10.6
16.1,10.6
17.2,10.0
16.7,10.6
24.4,13.9
25.6,17.2
25.0,14.4
24.4,12.2
27.2,12.2
27.8,15.0
31.7,20.6
32.8,20.0
31.7,20.6
32.2,20.6
26.7,18.3
31.1,12.2
30.0,17.2
33.3,20.6
32.2,20.0
24.4,17.8
19.4,13.3
23.9,13.3
24.4,12.2
26.1,9.4
28.3,12.2
29.4,13.9
28.3,13.9
27.8,14.4
28.9,16.1
30.6,16.7
30.6,10.0
24.4,7.8
26.7,16.7
31.1,20.0
26.1,13.3
26.7,11.7
35.6,21.7
33.9,23.3
32.8,22.8
33.3,20.6
27.2,15.0
26.7,14.4
29.4,12.2
29.4,11.1
28.9,13.3
30.6,15.6
33.3,18.9
27.2,21.1
27.2,18.3
31.7,20.6
32.2,21.7
33.9,22.2
35.6,22.2
31.7,23.3
30.0,21.7
27.2,16.7
28.3,16.1
30.6,21.7
32.2,21.1
32.8,19.4
32.8,20.0
33.3,20.0
33.2,22.0
30.6,21.1
30.6,18.3
31.1,17.2
31.1,16.1
32.2,18.3
33.1,20.5
33.9,23.3
33.6,19.7
28.3,15.0
30.0,13.9
29.4,13.9
26.7,10.6
27.8,11.7
23.9,15.6
27.8,13.3
30.6,15.6
25.0,15.0
27.2,13.9
29.4,13.3
35.0,20.0
28.9,20.0
27.2,20.6
30.0,21.7
28.3,18.3
30.6,15.6
29.4,16.1
30.6,13.9
32.2,18.3
27.8,16.1
25.6,11.7
27.8,11.1
30.0,14.4
30.0,14.4
30.6,12.2
31.7,17.8
30.6,21.7
29.4,18.9
22.8,13.3
26.1,10.6
28.3,10.6
29.4,11.1
28.9,12.2
20.6,8.3
22.2,7.8
24.4,8.9
25.6,10.0
23.3,16.1
21.1,15.0
25.6,13.3
24.4,12.8
25.0,10.0
24.4,12.2
16.1,5.6
16.1,3.9
21.7,5.6
22.8,6.1
15.0,5.0
21.7,3.9
23.9,4.4
25.0,6.7
27.8,12.2
27.8,11.7
23.3,10.6
10.6,5.0
13.9,0.6
17.8,-1.1
19.4,2.8
22.8,11.1
20.6,13.9
15.0,12.2
15.0,12.2
20.6,12.8
17.2,7.2
10.6,3.3
9.4,3.9
9.3,0.2
17.2,0.0
16.1,4.4
21.7,1.7
20.6,12.8
21.1,11.7
22.2,16.1
22.2,6.1
10.0,3.9
6.7,1.1
8.3,-1.1
12.8,-1.1
18.3,4.4
18.9,2.8
19.4,7.2
20.6,14.4
19.4,5.6
20.6,2.2
22.2,3.3
15.0,-0.6
17.8,-2.2
22.2,3.9
15.0,-1.1
12.2,-2.8
17.8,2.2
11.7,-1.7
15.6,-2.8
19.4,4.4
21.1,10.0
21.7,9.4
23.3,7.8
23.3,3.9
21.1,9.4
13.9,1.7
7.2,-2.2
14.4,1.1
15.0,3.3
15.6,7.8
16.7,10.6
11.1,1.1
13.9,0.0
11.7,1.1
3.3,0.0
8.3,3.3
10.0,3.9
9.4,0.0
13.3,-1.1
17.8,7.2
19.4,11.1
19.4,8.9
11.1,3.9
9.4,-1.7
7.8,-0.6
5.6,-5.0
7.2,-5.6
8.9,-6.1
8.9,4.4
8.9,2.8
2.8,0.6
6.7,-1.7
8.3,5.0
8.3,1.7
9.4,-1.7
5.0,0.0
6.7,-4.4
7.2,-3.3
10.6,1.1
1.1,-4.4
-3.3,-7.8
-2.8,-10.0
-5.0,-10.6
1.7,-5.0
1.1,-3.9
-3.9,-11.1
-3.3,-12.8
-3.9,-10.6
-2.8,-12.8
-0.6,-13.3
-0.6,-11.1
5.6,-9.4
5.0,-2.2
2.8,-3.3
-2.2,-8.9
7.8,-7.2
12.8,1.1
9.4,0.0
6.1,-1.1
6.1,-0.6
6.7,-5.6
5.6,0.6
3.3,-5.6
5.6,-3.3
1.7,-5.0
0.6,-6.7
1.1,-6.7
1.7,-4.4
7.2,-1.1
11.7,-1.1
16.1,5.6
5.6,-1.7
9.4,-5.0
13.3,1.1
15.0,0.6
18.3,2.8
8.3,3.3
3.3,0.6
7.8,0.6
2.8,-5.0
2.2,-7.2
7.2,-4.4
-1.7,-8.3
2.2,-8.9
3.9,-3.3
4.4,-2.8
11.1,-2.2
13.9,1.1
8.3,-0.6
4.4,-4.4
8.9,-1.7
2.8,-6.7
8.3,-3.3
7.2,-0.6
10.6,0.0
6.7,-3.3
12.2,-2.2
11.7,6.1
11.7,3.3
3.9,-0.6
4.4,-3.3
9.4,-3.3
15.6,2.2
10.0,-0.6
-0.6,-8.9
-5.6,-14.4
2.2,-13.9
3.3,-8.3
3.9,-6.7
-6.7,-15.0
-1.7,-16.7
9.4,-7.2
14.4,3.3
17.2,3.3
21.1,11.1
16.7,-2.8
0.6,-4.4
6.7,-4.4
8.9,-1.7
15.0,0.0
20.0,1.7
15.6,1.1
6.7,0.0
6.1,2.2
8.9,2.8
9.4,5.0
7.2,0.0
2.2,-7.8
3.3,-9.4
10.0,-3.9
6.7,0.0
0.6,-2.8
1.1,-4.4
6.1,-7.8
8.9,1.1
11.7,0.6
14.4,1.7
13.3,0.6
15.0,-2.8
15.6,1.1
5.0,-2.2
6.7,-3.9
13.3,-5.0
10.0,-4.4
16.1,2.8
18.9,9.4
15.6,3.9
18.9,0.6
24.4,3.9
23.9,12.8
17.8,11.1
24.4,9.4
29.4,17.8
30.0,18.9
29.4,19.4
30.0,17.8
28.9,11.7
13.9,6.1
14.4,5.6
10.0,2.2
17.2,0.6
20.6,6.7
15.0,1.7
15.0,3.9
17.2,7.8
17.8,7.8
17.8,7.2
18.9,8.3
18.3,8.3
13.3,3.9
17.8,2.2
21.1,5.0
26.1,8.3
23.9,15.6
24.4,15.0
25.0,15.6
21.7,10.6
19.4,4.4
21.7,9.4
22.8,9.4
15.0,7.8
18.9,7.8
23.3,7.8
19.4,11.7
11.7,2.8
14.4,1.7
16.7,5.6
14.4,2.2
15.0,0.0
20.0,5.6
25.6,11.1
21.7,11.1
23.3,7.2
23.9,6.7
26.7,10.0
27.2,16.1
25.6,17.2
27.8,17.2
33.3,20.0
32.2,20.6
30.6,20.6
32.8,21.7
33.3,20.0
21.7,15.0
20.0,12.8
25.0,10.0
28.3,12.8
31.7,15.0
30.0,20.6
25.6,17.8
27.8,18.3
22.2,16.1
21.7,15.0
26.7,13.9
24.4,14.4
26.1,13.9
28.3,14.4
30.0,17.8
32.2,21.7
32.8,19.4
33.3,19.4
32.2,17.8
32.8,18.9
30.0,20.0
30.6,19.4
31.1,19.4
29.4,15.6
31.7,17.8
33.3,22.8
33.3,22.8
33.9,20.6
34.4,20.0
35.0,22.8
34.4,20.6
32.2,17.8
32.8,18.9
33.3,20.6
35.0,22.8
30.0,21.7
27.2,17.8
27.2,14.4
30.0,12.8
31.1,13.9
30.6,13.9
31.7,16.1
32.2,21.1
32.8,20.6
31.7,20.6
33.9,20.0
36.1,23.3
35.6,21.7
29.4,17.2
28.9,16.1
30.6,19.4
30.0,21.1
33.3,21.1
33.3,23.9
30.0,22.8
32.2,19.4
32.8,17.8
32.7,20.3
32.8,20.6
33.9,18.3
33.9,22.8
33.9,22.8
28.3,15.0
26.7,11.1
27.2,11.1
30.0,12.2
32.2,14.4
28.3,19.4
32.2,20.6
27.8,20.6
23.3,16.7
30.6,15.6
28.3,19.4
30.6,21.1
26.1,17.2
27.2,15.0
25.6,14.4
32.2,18.3
32.2,22.8
26.1,21.1
28.9,20.6
28.9,17.2
28.9,16.7
28.3,17.2
28.9,16.1
27.2,15.0
28.3,15.0
30.0,14.4
31.1,16.1
32.8,18.3
28.9,14.4
29.4,11.7
30.0,9.4
31.7,11.7
34.4,13.9
33.3,17.8
32.8,19.4
32.8,19.4
25.6,10.0
26.7,8.3
28.3,9.4
31.7,12.2
21.7,13.9
26.7,11.7
27.2,11.7
29.4,18.3
27.2,21.1
21.1,13.9
27.8,13.3
21.1,7.8
22.2,5.6
20.0,6.1
25.0,4.4
24.4,6.1
21.7,10.6
27.8,8.3
30.0,16.1
29.4,15.0
30.0,19.4
31.1,19.4
28.3,17.8
24.4,13.3
19.4,7.8
20.6,8.3
15.0,3.3
17.8,2.2
21.7,7.8
22.8,4.4
25.6,6.7
23.9,10.0
11.7,-0.6
16.1,-3.9
17.8,0.0
12.8,1.1
10.6,2.8
21.7,0.0
14.4,2.8
11.7,-1.1
15.0,-2.2
10.0,3.3
10.0,1.7
13.3,5.0
8.9,5.6
8.9,7.2
10.6,3.3
12.8,5.6
7.8,3.9
8.3,3.3
10.0,1.7
5.0,-2.2
9.4,-1.7
5.6,1.1
8.3,1.1
6.1,3.9
7.8,2.2
16.1,-1.7
18.9,8.3
18.3,11.7
18.3,3.3
6.1,-0.6
7.2,0.0
16.1,0.6
13.3,7.8
7.8,-1.1
5.0,-3.3
5.0,-4.4
12.8,-3.9
13.9,-0.6
15.0,2.8
7.2,1.1
4.4,-2.8
10.6,-2.8
8.9,-3.3
0.6,-5.0
1.1,-3.9
1.1,-7.2
4.4,-6.7
13.3,-0.6
7.2,-7.2
3.9,-11.1
10.0,-3.3
-1.1,-8.9
-1.7,-7.8
0.0,-8.3
3.3,-12.2
8.9,-3.9
3.9,-11.1
3.3,-12.2
5.0,-10.0
8.3,-6.1
7.2,-3.9
4.4,0.6
3.3,-2.8
11.7,-1.7
4.4,-3.3
13.3,2.2
13.9,11.1
13.3,3.9
5.0,0.0
7.2,-1.1
4.4,-2.8
0.0,-3.9
-0.6,-4.4
-3.9,-6.1
-3.9,-7.8
-0.6,-6.1
4.4,-5.6
7.2,-5.0
15.6,4.4
4.4,-0.6
3.3,-2.2
-1.7,-2.8
-1.1,-8.9
1.1,-11.7
1.7,0.0
2.8,-2.8
5.0,-3.3
14.4,2.2
10.0,-0.6
-0.6,-8.9
-3.3,-12.2
1.7,-13.9
-0.6,-4.4
-3.3,-8.9
-3.3,-11.1
-4.4,-9.4
-8.9,-17.8
-5.6,-18.9
2.2,-16.7
10.6,-10.0
2.8,-10.0
-0.6,-16.1
-10.1,-19.2
-10.0,-18.3
1.7,-11.7
-1.7,-16.7
-5.6,-21.1
4.4,-7.2
0.0,-3.3
3.3,-8.9
2.2,0.6
5.6,0.0
9.4,-1.7
13.9,-0.6
-0.6,-8.9
-1.1,-12.2
0.6,-6.7
-6.7,-14.4
1.1,-12.2
-0.6,-8.9
0.0,-10.6
3.9,-13.3
-3.9,-12.2
5.6,-11.7
1.7,-2.8
0.6,-6.7
-5.6,-8.9
-2.8,-7.8
2.2,-3.9
3.9,-3.3
7.8,-6.1
5.0,-3.9
2.2,-3.3
-1.7,-5.6
-4.4,-13.9
-7.8,-17.8
-2.2,-8.3
-0.6,-7.8
3.3,-7.8
2.2,-1.7
0.6,-6.7
2.8,-8.9
8.9,1.1
1.1,-6.1
0.6,-7.2
9.4,-2.8
19.4,-3.9
-3.9,-10.0
-3.3,-11.7
9.4,-8.9
18.3,5.0
11.7,0.6
13.9,-2.8
17.2,3.3
21.7,3.9
22.8,3.9
22.8,9.4
17.2,6.7
21.7,6.1
11.7,4.4
15.6,3.9
19.4,0.6
24.4,6.7
15.6,2.8
18.9,-0.6
19.4,5.6
17.2,3.3
6.7,-1.7
8.3,-3.3
15.0,-1.7
27.8,10.0
23.3,12.8
23.9,12.2
23.3,3.9
3.9,-1.7
5.0,-1.1
7.8,1.7
4.4,0.6
10.6,-1.1
16.7,-2.8
21.7,0.6
21.1,3.3
21.7,-1.7
28.9,7.2
28.3,16.7
23.3,13.3
16.7,8.3
16.1,7.2
22.2,12.2
18.3,10.0
12.2,8.3
17.2,3.9
18.3,-0.6
17.2,6.1
10.6,5.6
18.9,2.8
22.8,3.3
22.2,9.4
25.6,8.3
27.8,8.9
22.8,12.8
18.9,4.4
20.6,1.7
13.3,8.9
26.1,12.8
24.4,8.9
22.2,12.8
18.3,11.1
30.0,18.3
25.6,16.7
17.8,10.6
21.1,10.0
21.1,8.9
23.9,12.2
20.6,10.6
20.0,9.4
21.1,13.3
23.9,17.2
25.0,17.2
20.6,8.9
18.3,6.7
20.0,6.1
19.4,7.2
21.1,6.1
21.7,10.0
21.7,7.2
25.6,10.6
23.3,13.3
24.4,12.2
24.4,9.4
20.6,7.8
19.4,2.8
17.8,9.4
13.9,10.6
21.7,12.2
24.4,10.6
18.9,10.0
23.3,8.9
22.8,13.9
26.7,13.3
23.9,16.1
27.2,17.2
24.4,15.6
25.6,17.8
27.2,17.8
28.3,15.0
28.9,15.0
30.0,14.4
30.0,15.6
25.6,11.1
25.0,7.8
26.7,8.9
28.3,13.3
29.4,11.7
31.7,16.1
32.2,18.9
23.9,14.4
27.2,12.2
28.9,17.8
30.6,18.3
29.4,17.2
30.6,16.1
31.7,17.2
32.8,17.8
35.0,23.9
33.9,24.4
33.9,21.7
33.9,24.4
33.9,20.0
32.2,19.4
27.8,17.2
27.2,18.3
27.4,15.9
27.2,13.3
28.9,13.9
31.7,21.1
28.9,17.8
30.6,17.8
28.3,19.4
28.3,15.6
30.6,19.4
28.9,20.0
25.0,17.2
25.0,13.9
26.7,11.7
27.8,13.3
29.4,17.2
32.2,21.1
24.4,17.8
26.7,14.4
28.3,13.3
29.4,15.0
29.4,21.1
27.2,17.2
27.8,16.1
27.2,15.0
27.2,13.3
28.3,18.3
28.3,16.7
27.2,17.8
27.2,16.1
26.7,13.3
28.3,14.4
25.6,18.3
28.3,16.7
30.0,19.4
31.7,18.9
33.3,21.7
32.2,18.9
29.4,14.4
30.0,12.2
32.8,15.0
36.1,22.2
31.7,13.9
29.4,12.8
30.6,13.3
33.3,18.3
35.6,20.6
36.2,20.2
33.3,16.7
26.7,19.4
27.2,17.8
20.0,17.2
22.2,16.1
21.7,16.7
26.1,16.7
24.4,11.7
23.9,7.8
26.7,8.3
28.3,10.0
27.8,12.8
28.9,12.2
28.9,13.3
29.4,13.9
26.7,17.8
28.9,20.0
23.3,15.6
25.0,11.1
27.8,10.6
27.2,9.4
28.3,8.9
20.0,9.4
23.3,3.9
26.1,5.0
23.3,13.9
22.8,10.0
30.0,14.4
19.4,6.7
21.1,5.6
18.9,7.8
15.0,7.2
16.1,3.9
13.3,3.9
17.2,0.6
12.2,-3.9
13.9,1.1
18.9,5.6
22.8,7.2
23.9,5.0
26.7,7.8
26.7,8.3
19.4,10.6
25.6,11.1
25.0,10.6
21.7,5.6
22.8,2.2
17.2,10.0
18.9,4.4
17.8,3.9
15.0,2.8
21.7,2.8
25.6,6.7
28.3,13.3
21.7,11.1
16.7,5.6
18.3,2.8
19.4,1.1
16.7,8.9
9.4,2.8
8.9,2.8
14.4,6.7
8.9,3.3
22.8,7.8
22.2,9.4
12.2,7.8
22.2,11.7
25.6,12.8
24.4,8.3
8.3,2.8
7.8,0.0
7.2,-2.8
4.4,-3.9
4.4,-6.1
15.0,-3.3
17.2,12.2
18.9,3.3
6.7,-0.6
6.7,-2.8
7.2,3.3
14.4,1.7
17.2,3.9
17.8,8.9
15.6,3.9
18.9,3.9
16.7,6.7
18.9,12.2
17.8,-0.6
0.6,-4.4
4.4,-3.9
9.4,-0.6
10.0,3.3
3.3,-3.3
4.4,-6.1
13.3,2.2
8.3,-0.6
3.9,-0.6
5.6,0.6
3.3,1.1
2.8,0.0
5.0,-2.2
6.1,-2.2
8.3,3.3
12.2,6.1
12.2,-3.3
-1.7,-8.3
-1.7,-11.1
-1.1,-7.8
-1.7,-5.0
5.6,-2.8
7.8,-3.3
1.7,-6.7
1.1,-1.7
-1.1,-7.8
-2.2,-12.8
9.4,-2.8
11.1,4.4
4.4,-1.7
-1.7,-4.4
3.3,-6.7
6.1,-6.1
10.6,0.6
11.1,6.7
6.7,-0.6
8.9,-3.9
9.4,-2.2
13.3,-1.1
17.8,11.7
16.1,2.2
2.2,-1.1
-1.1,-14.4
-7.2,-16.1
-0.6,-11.7
1.7,-2.2
-1.1,-7.8
-1.7,-10.6
8.3,-3.9
6.1,-1.1
4.4,-3.3
7.2,-4.4
-0.6,-8.9
3.9,-2.8
4.4,0.6
0.6,-11.1
-6.7,-13.3
-4.4,-11.1
3.9,-6.7
2.8,-12.2
3.9,-11.7
3.3,-7.8
-5.0,-7.8
-4.4,-7.8
-5.6,-12.8
-7.8,-18.3
-12.8,-16.7
-16.7,-21.1
-10.6,-23.3
-1.7,-12.8
1.7,-2.8
-1.1,-11.1
-2.8,-14.4
0.0,-4.4
0.0,-4.4
-4.4,-8.3
-1.1,-8.3
1.1,-3.9
-0.6,-8.9
3.3,-8.9
-2.2,-7.8
-1.7,-8.3
3.9,-5.6
-2.2,-8.9
-0.6,-10.6
4.4,-5.6
7.8,-7.2
11.7,2.2
10.0,1.1
3.3,-2.2
7.8,-3.3
8.3,1.7
3.9,0.0
6.7,-2.8
7.8,-3.3
8.9,-5.6
13.9,-3.3
16.1,5.0
18.9,8.9
12.2,2.2
10.6,0.6
16.1,7.8
16.7,5.6
8.9,4.4
10.6,0.6
7.8,-1.1
5.6,-3.3
9.4,-3.9
8.9,-5.0
4.4,-7.8
9.4,-6.7
11.7,1.7
6.7,-2.8
2.2,0.0
7.8,0.0
12.8,-2.2
14.4,-2.2
20.6,1.1
5.6,-5.0
6.1,-7.8
15.6,0.6
20.0,6.7
17.2,11.7
17.8,13.3
21.1,8.9
23.3,8.9
16.7,3.9
9.4,2.8
10.6,3.3
10.6,1.7
14.4,1.7
18.3,0.6
11.1,-0.6
14.4,-0.6
22.2,5.6
24.4,7.2
16.7,3.9
16.7,1.7
13.3,5.6
12.8,0.6
9.4,1.1
12.8,0.0
20.0,-0.6
22.8,7.2
27.8,13.9
30.0,16.7
29.4,17.2
26.7,10.0
24.4,10.0
21.7,8.3
11.1,6.7
18.3,5.0
15.6,8.3
16.1,6.7
18.3,6.7
13.9,4.4
25.6,7.2
23.9,13.9
25.0,12.2
12.2,6.7
12.8,2.8
13.3,1.7
16.7,7.2
24.4,8.9
30.0,16.1
27.2,13.9
30.6,12.8
30.6,18.9
28.9,18.3
28.3,18.3
28.3,19.4
23.9,17.8
19.4,11.1
16.1,10.0
21.7,6.7
27.2,15.0
27.2,15.6
25.0,13.3
28.3,20.6
30.6,22.8
29.4,21.1
25.6,20.0
26.7,13.9
22.2,16.1
21.1,12.2
28.9,16.1
23.9,13.3
27.8,11.7
30.0,20.0
23.9,13.9
27.2,13.3
22.8,13.3
24.4,11.7
25.0,8.3
26.7,12.8
28.3,18.3
30.6,17.8
32.8,21.7
25.6,21.1
30.0,20.6
31.1,21.1
32.2,20.6
28.3,19.4
30.6,19.4
27.8,18.9
28.3,20.6
27.2,21.7
27.2,18.3
21.7,9.4
22.2,8.3
24.4,13.9
22.8,13.3
26.7,11.1
28.3,12.2
21.1,9.4
25.0,11.1
25.0,13.3
25.6,13.9
26.1,9.4
27.8,12.2
29.4,15.0
29.4,17.2
27.2,21.7
30.0,20.6
28.3,18.3
28.9,18.3
23.3,16.7
25.0,15.0
31.7,19.4
29.4,20.0
31.1,20.6
30.6,21.1
33.3,20.6
27.8,18.9
28.3,18.9
28.9,17.2
23.9,16.7
27.2,15.6
28.3,14.4
30.6,18.3
32.8,22.2
31.1,22.2
26.7,13.3
23.3,13.3
22.2,15.6
24.4,12.8
26.1,8.9
27.8,13.3
27.2,13.9
21.1,17.2
28.3,17.2
28.5,15.5
28.9,18.3
31.7,16.1
28.9,17.2
24.4,11.1
23.9,10.6
24.4,9.4
27.2,10.6
29.4,17.8
22.2,14.4
20.0,11.7
18.9,10.6
22.2,10.6
22.8,9.4
24.4,8.3
26.1,7.8
28.3,15.6
30.0,18.3
22.2,17.2
20.6,13.3
25.6,11.7
27.8,11.1
29.4,14.4
27.2,19.4
26.7,19.4
30.0,20.0
30.6,20.6
29.4,17.8
20.6,11.7
25.6,9.4
27.8,15.0
29.4,12.8
28.9,14.4
28.9,16.1
30.0,15.6
30.0,16.7
26.1,16.7
24.4,12.8
24.4,12.2
25.6,10.6
28.9,10.0
28.3,11.1
30.0,11.7
30.0,14.4
29.4,18.3
29.4,19.4
26.7,13.9
25.6,10.6
27.8,9.4
27.8,10.0
27.8,6.1
28.3,7.8
29.4,8.9
30.0,10.0
27.2,16.7
26.7,10.6
23.9,7.8
24.4,7.8
22.2,7.2
21.7,6.7
24.4,5.0
25.0,5.6
15.6,2.8
22.2,0.0
16.7,2.2
17.2,-1.1
23.9,0.6
27.8,2.8
21.1,17.2
22.8,7.2
20.6,2.8
19.4,3.3
12.2,9.4
13.3,7.8
12.2,7.2
12.8,6.7
11.1,3.9
15.6,1.1
11.7,7.2
10.6,7.2
13.9,9.4
15.0,8.3
17.8,7.8
25.0,12.2
20.0,5.6
25.0,5.0
17.8,9.4
16.7,8.9
18.9,11.1
26.7,18.9
21.7,10.6
18.9,8.3
18.9,10.6
15.6,6.1
10.0,2.2
11.1,5.0
11.7,1.7
17.8,5.0
17.2,3.9
10.0,-1.1
13.3,-2.2
17.8,6.1
11.7,3.9
8.9,-0.6
8.9,-4.4
11.1,-3.3
13.9,-2.2
13.9,9.4
20.6,11.7
17.2,12.2
12.8,11.7
12.2,6.7
7.2,4.4
10.6,3.3
11.1,7.8
7.8,-1.1
2.2,-5.0
10.6,2.2
10.0,2.8
5.6,0.6
3.9,2.8
4.4,0.0
4.4,-1.7
6.7,-2.2
6.1,-1.7
11.7,0.6
10.6,-2.8
12.2,7.8
11.1,3.3
6.7,-1.7
12.2,3.3
6.7,3.9
5.0,1.1
8.9,1.1
2.2,-6.7
-2.2,-8.3
2.8,-8.3
6.1,-2.2
1.7,-6.1
7.8,-2.2
-2.2,-13.3
-1.1,-11.1
5.0,-6.7
-6.7,-10.6
-6.7,-13.9
-10.0,-17.2
-2.2,-12.8
-2.2,-11.7
-0.6,-12.2
8.9,-3.3
11.7,-1.1
14.4,2.8
17.8,4.4
12.8,2.2
15.0,5.0
5.6,2.8
3.9,2.2
3.3,-0.6
-0.6,-6.7
-1.1,-6.1
-1.1,-3.3
5.6,-1.1
1.7,0.0
6.1,1.7
18.3,6.1
12.2,-10.6
-10.0,-15.0
-8.9,-11.7
-10.0,-13.9
-9.4,-16.7
-3.3,-18.3
2.8,-3.9
1.1,-3.9
-1.7,-7.2
-0.6,-12.2
-4.4,-13.3
4.4,-5.0
10.0,-4.4
5.6,-3.3
-2.8,-8.9
0.0,-9.4
-0.6,-4.4
0.0,-11.7
-1.1,-12.2
-0.6,-12.8
0.6,-7.2
5.6,-7.8
8.9,-3.3
10.6,0.0
9.4,3.9
8.9,2.8
2.8,-0.6
-0.6,-3.9
-2.8,-6.7
6.7,-6.7
10.6,0.0
12.2,5.0
10.6,5.6
18.3,1.7
4.4,-1.1
1.1,-4.4
0.0,-7.2
2.2,-7.2
11.7,0.0
5.0,1.1
3.3,-2.8
2.8,-6.1
3.9,-1.1
10.0,-0.6
8.3,-2.8
7.2,-1.7
4.4,-4.4
-1.1,-5.0
2.2,-6.1
5.6,-7.8
13.9,-4.4
8.9,-0.6
20.0,-0.6
12.8,0.0
2.2,-4.4
2.8,-5.6
7.2,-7.8
5.6,-1.1
5.0,-3.9
3.3,-7.2
6.1,-7.2
8.3,-7.2
11.1,-5.6
14.4,-3.3
15.6,1.1
8.9,1.1
9.4,-2.8
11.7,-3.3
5.6,1.1
3.9,0.6
5.6,-1.7
6.7,2.8
5.6,2.2
10.6,2.2
17.2,0.0
20.6,1.1
23.9,10.6
17.8,8.3
13.3,3.9
15.6,3.3
20.0,1.7
26.1,5.0
23.9,11.1
20.6,11.1
15.0,7.8
21.1,3.3
23.9,2.2
27.8,11.1
22.8,15.0
17.2,7.8
16.7,4.4
18.9,0.6
21.7,0.6
23.9,2.8
27.8,8.9
28.3,13.3
26.1,13.9
27.8,9.4
16.1,8.9
20.0,5.6
6.7,2.8
12.8,0.6
17.8,2.8
13.3,6.7
13.9,4.4
13.3,6.1
12.2,6.7
15.0,5.6
13.9,1.7
10.6,2.8
15.0,-1.7
18.3,0.0
21.1,1.7
25.0,8.9
28.9,13.9
29.4,14.4
26.1,17.8
31.7,14.4
31.0,17.5
21.7,13.3
28.9,13.9
21.7,9.4
15.0,8.3
19.4,4.4
23.3,5.6
26.7,7.2
28.3,14.4
18.3,11.7
22.2,8.3
28.3,13.9
27.8,12.2
22.8,10.6
23.9,7.8
24.4,11.7
24.4,11.7
23.3,10.6
25.6,7.2
26.7,11.7
28.3,8.9
28.9,10.6
20.6,15.0
23.3,14.4
31.7,16.7
33.3,19.4
31.1,17.8
33.3,19.4
32.8,18.3
30.6,16.1
31.1,20.6
27.8,20.0
26.1,18.9
31.1,17.8
24.4,17.2
26.7,17.8
25.6,13.3
25.0,12.2
23.9,10.6
26.1,11.1
27.8,12.2
30.0,15.0
31.7,18.3
33.3,19.4
33.9,22.8
33.9,22.2
33.9,20.6
33.3,20.0
32.2,21.7
33.2,21.4
33.9,23.3
28.3,15.0
26.1,11.7
31.1,11.7
31.7,19.4
28.9,18.9
29.4,15.6
30.6,17.2
30.6,16.1
31.7,15.6
31.7,14.4
28.9,16.1
25.6,21.1
28.3,20.6
31.7,21.1
30.6,21.1
31.1,21.1
31.7,22.8
32.2,21.7
30.0,19.4
33.3,20.6
34.4,22.2
31.1,21.1
32.8,19.4
36.1,25.0
35.6,25.6
34.4,20.0
25.6,16.1
26.1,13.3
28.9,13.3
30.6,16.7
30.6,17.8
32.2,17.8
33.3,18.3
33.9,19.4
31.1,23.3
28.3,20.0
29.4,18.9
31.1,17.2
31.7,18.3
34.4,18.9
33.3,23.3
35.0,21.1
35.0,22.8
30.0,21.1
23.3,19.4
22.8,18.3
28.3,17.8
28.3,15.6
31.1,20.6
32.8,21.7
31.7,22.8
32.2,18.9
27.2,15.0
25.0,13.3
27.8,13.3
26.7,17.2
28.9,17.8
30.6,16.7
32.8,13.3
31.7,17.2
26.7,17.2
28.9,16.7
30.0,16.7
32.2,13.9
31.1,12.8
32.8,11.1
31.1,16.1
31.7,13.3
32.2,16.1
33.3,18.9
33.3,18.3
34.4,18.3
33.3,17.8
33.3,15.0
34.4,20.0
25.6,15.6
18.3,16.1
20.6,12.2
26.7,10.0
28.3,12.8
33.9,19.4
29.4,18.3
29.4,14.4
34.4,20.0
21.1,17.8
31.1,17.2
23.9,20.0
23.9,15.0
25.6,10.6
26.1,10.6
19.4,6.1
21.7,3.9
26.7,9.4
29.4,11.7
30.6,20.0
31.7,20.0
30.0,17.2
22.2,6.7
15.0,6.1
16.1,4.4
20.0,3.3
17.8,7.8
17.8,12.8
21.7,10.0
23.9,7.8
25.6,7.8
22.2,10.6
21.1,5.0
27.2,7.2
25.0,8.3
23.3,10.6
11.7,8.3
12.2,6.7
15.0,3.9
11.7,2.8
10.6,4.4
13.3,5.6
13.9,2.2
13.9,1.7
14.4,-0.6
15.6,1.1
18.9,2.8
14.4,10.0
13.9,4.4
19.4,1.7
21.7,10.6
20.0,10.6
20.0,11.7
15.0,4.4
18.3,2.2
23.3,12.2
20.0,5.6
10.0,0.6
17.2,1.7
20.0,7.8
17.2,5.0
9.4,0.0
16.7,3.3
3.3,-6.7
-1.1,-8.9
8.3,-3.9
13.3,0.6
11.1,-2.2
11.1,2.8
6.7,0.6
14.4,2.8
5.0,-8.3
-0.6,-8.3
13.3,-1.1
14.4,10.0
16.1,2.8
3.3,-1.7
0.0,-3.9
0.6,-8.3
-4.4,-8.9
0.0,-5.6
-2.2,-9.4
-7.2,-13.3
-3.9,-13.9
-10.0,-17.2
-3.9,-12.2
-9.4,-13.9
2.2,-11.7
3.3,-2.2
0.0,-2.8
2.8,-1.7
4.4,1.1
4.4,-2.8
0.6,-4.4
0.6,-8.9
-4.4,-10.6
-6.7,-13.9
0.0,-13.3
1.7,-7.8
7.2,-5.6
10.6,2.8
7.2,3.3
3.9,1.7
2.2,1.1
12.2,1.7
10.0,1.7
3.9,1.7
5.0,2.2
5.0,-0.6
12.8,0.0
16.1,6.7
6.7,5.6
7.2,2.8
3.3,1.1
1.1,0.0
8.9,0.0
15.6,2.2
6.1,2.2
8.9,1.1
10.0,1.7
14.4,3.9
13.9,-1.1
2.8,-3.3
5.6,-3.3
13.3,1.7
3.3,-1.1
4.4,-2.2
15.0,3.9
14.4,2.2
5.0,-3.3
4.4,-4.4
0.0,-2.2
9.4,-1.1
3.3,-3.3
8.3,-6.7
12.8,2.2
13.9,5.0
12.2,2.2
3.9,2.2
6.7,-1.1
13.3,-1.1
7.8,-2.8
11.7,1.1
0.6,-5.0
1.7,-6.7
5.0,-6.1
3.3,-5.6
4.4,-5.0
1.7,-8.3
6.7,-3.3
5.0,-0.6
-0.6,-6.1
4.4,-8.3
15.0,-3.3
12.8,2.8
18.3,-2.2
-1.7,-11.7
-10.0,-16.1
-6.1,-15.0
-0.6,-10.0
8.3,0.6
11.1,-2.8
13.9,-3.3
11.1,-6.7
10.0,-6.1
3.9,-9.4
13.9,-1.7
13.9,-2.8
20.6,1.7
13.9,2.2
10.0,-4.4
7.8,-8.3
7.2,-4.4
5.6,1.7
10.0,-4.4
16.7,6.1
16.7,7.2
13.3,6.1
18.3,8.9
20.6,12.8
21.1,0.6
7.8,-2.2
9.4,-1.7
19.4,2.8
10.6,-2.8
8.9,-3.9
10.0,-3.9
5.6,1.1
2.2,-3.9
4.4,-5.6
8.3,-1.7
6.1,1.1
8.3,-1.1
9.4,-3.3
8.3,-1.1
8.3,5.6
12.2,2.8
22.8,2.8
23.9,11.1
11.1,3.9
20.0,2.8
13.3,5.6
15.6,3.3
18.9,2.2
16.7,10.0
25.0,4.4
11.1,0.6
14.4,-1.1
20.6,5.0
23.9,10.6
26.7,12.8
29.4,7.8
30.6,21.7
29.4,13.9
27.2,17.2
19.4,10.0
23.3,6.7
22.8,12.2
25.0,14.4
22.8,10.0
25.0,9.4
24.4,8.3
23.3,7.2
15.0,5.0
17.2,2.2
22.2,7.8
23.9,4.4
20.0,12.8
17.2,11.7
19.4,12.2
23.3,12.8
21.7,12.8
21.1,13.9
18.3,8.9
18.9,5.6
23.3,6.1
23.3,7.8
23.3,12.2
23.9,12.8
18.3,11.7
11.7,8.3
10.0,6.7
12.8,7.8
19.4,8.9
20.6,11.7
25.0,10.6
21.1,9.4
23.3,8.9
21.1,7.2
22.8,11.7
22.8,8.3
25.6,6.1
31.7,14.4
30.0,18.9
31.7,19.4
32.8,17.2
33.9,22.8
33.9,22.8
33.3,22.2
31.7,20.0
22.8,16.7
28.3,14.4
29.4,15.6
27.8,12.8
28.3,12.8
27.8,14.4
31.1,19.4
32.2,17.2
29.4,16.1
22.8,15.6
19.4,14.4
26.1,11.7
28.3,11.1
30.6,13.3
32.2,20.0
33.3,21.7
33.3,21.1
26.7,19.4
32.8,18.3
32.2,17.2
34.4,24.4
32.2,22.2
31.1,21.1
30.0,17.8
30.6,15.6
27.2,16.1
27.2,15.6
29.4,16.1
30.0,14.4
31.1,16.1
33.9,16.7
35.6,22.2
35.6,23.3
29.4,18.9
27.2,15.6
28.9,13.3
28.3,11.7
28.9,13.9
30.6,19.4
31.7,19.4
30.0,22.8
30.6,21.7
31.7,21.7
31.1,23.3
34.4,22.8
34.4,20.6
33.9,22.8
33.3,23.3
34.4,21.1
31.1,22.2
27.8,17.8
27.8,17.2
29.4,16.1
31.1,18.9
32.8,21.1
32.2,23.9
31.7,23.3
32.8,22.8
33.9,23.3
35.6,23.3
36.7,25.0
36.7,25.6
36.7,26.1
31.7,20.6
32.2,16.1
31.1,16.7
33.3,17.8
31.1,23.3
27.8,19.4
29.4,21.1
32.8,21.1
25.6,19.4
28.9,17.2
30.0,15.0
27.8,19.4
30.0,16.7
30.0,14.4
31.1,13.9
29.4,22.8
31.1,22.8
27.8,16.7
28.3,14.4
28.9,13.9
30.6,18.3
30.6,18.9
30.0,14.4
29.4,23.3
30.0,22.2
29.4,20.6
21.7,17.8
25.0,18.3
26.7,18.3
25.0,16.7
26.1,14.4
27.8,12.2
26.7,16.1
23.9,14.4
29.4,13.3
30.0,13.3
30.0,17.2
31.1,15.0
30.0,17.2
26.7,18.9
25.6,16.1
20.0,15.0
25.0,12.8
27.8,11.7
29.4,16.1
30.0,18.3
23.3,12.8
16.7,9.4
18.3,6.7
20.6,6.7
25.6,13.9
22.2,14.4
17.8,10.0
23.3,7.2
26.7,8.9
22.8,12.2
17.8,6.7
17.2,6.1
24.4,10.6
30.0,8.3
32.2,17.8
32.8,21.1
31.7,15.6
20.0,7.2
20.0,2.2
23.3,2.2
25.6,2.2
27.2,7.2
20.6,11.1
16.1,1.1
8.3,-0.6
12.8,0.0
13.3,0.0
14.4,-2.2
13.9,10.6
16.7,11.7
18.3,7.2
7.2,5.0
15.0,-1.1
18.3,6.7
7.2,1.7
7.8,0.0
10.0,-0.6
10.0,3.3
10.6,6.7
10.0,5.6
13.3,4.4
17.2,1.7
22.8,10.6
16.7,0.6
8.3,-1.7
6.7,-3.9
9.4,-6.1
10.6,2.8
13.9,5.0
15.0,7.8
13.9,10.0
18.9,5.6
24.4,8.3
21.1,3.9
6.1,0.6
8.9,-2.2
10.0,0.0
7.8,4.4
7.8,6.7
7.2,0.6
7.8,-1.7
6.7,-2.2
6.7,0.0
10.0,-2.2
11.1,-3.9
13.9,-2.8
16.1,-2.8
18.3,-2.8
20.6,6.7
18.9,8.3
18.9,11.7
20.0,12.8
20.0,7.8
7.2,-0.6
2.2,-8.3
-0.6,-10.0
-6.1,-10.0
-1.1,-13.3
2.8,-13.3
3.3,0.0
0.0,-13.3
-3.9,-15.6
5.0,-5.6
7.2,-1.1
11.1,4.4
15.0,5.6
13.9,2.2
15.6,7.2
10.6,0.6
15.6,3.3
15.6,6.1
8.9,0.6
5.0,-2.8
7.2,-2.8
13.3,7.2
13.9,4.4
7.8,2.2
8.9,-2.8
6.1,1.1
4.4,-0.6
6.7,-2.2
12.2,2.8
16.1,0.6
15.6,4.4
16.1,5.0
4.4,-1.7
7.2,-2.8
9.4,0.0
10.6,5.6
12.2,9.4
9.4,0.0
7.8,1.7
6.7,-0.6
6.1,-1.1
4.4,-5.6
11.7,3.3
13.3,1.7
3.9,1.7
4.4,2.2
4.4,-5.6
-4.4,-8.9
-1.1,-8.9
2.2,-1.1
4.4,-4.4
0.0,-8.3
2.2,-1.1
1.7,-1.1
2.2,-1.1
0.6,-3.9
-0.6,-8.9
8.9,-8.9
6.7,-8.3
-6.7,-12.8
2.8,-10.0
-3.9,-11.7
-3.3,-14.4
-1.1,-4.4
-3.3,-11.7
-7.8,-15.6
-6.1,-16.7
-9.4,-18.9
-7.8,-13.3
-8.9,-15.0
-7.8,-14.4
-6.7,-11.1
-6.1,-14.4
3.9,-8.9
4.4,-2.2
0.6,-8.3
-6.1,-12.8
-10.0,-16.7
-3.3,-20.0
-1.1,-7.2
-2.2,-10.0
7.8,-5.6
7.2,-3.3
8.9,-4.4
8.3,-0.6
3.9,-2.8
6.1,-1.1
7.2,1.7
2.8,-3.3
2.8,-3.9
5.0,-0.6
17.2,2.8
5.6,0.0
0.6,-5.6
3.3,-7.8
9.4,-2.8
2.2,-4.4
6.1,-3.3
9.4,-6.1
18.9,-1.7
16.7,1.7
16.7,-2.8
22.8,1.1
27.8,11.1
26.7,5.6
11.7,0.6
6.1,-1.1
7.2,-2.2
10.6,-3.9
19.4,6.1
14.4,9.4
25.0,9.4
20.0,12.2
18.9,11.1
25.0,14.4
26.7,13.3
26.7,16.7
26.1,13.3
24.4,12.8
23.9,10.6
18.3,10.6
23.3,12.8
21.1,9.4
25.0,5.6
20.0,2.2
2.2,-2.2
6.1,-2.2
1.7,-2.8
1.1,-6.1
4.4,-1.1
9.4,-3.9
13.9,-3.9
17.2,3.9
4.4,1.1
10.6,0.0
7.2,2.2
15.0,1.1
18.9,0.0
23.9,5.0
17.8,6.1
14.4,3.3
21.7,1.7
25.0,4.4
27.2,11.7
25.0,12.2
26.7,7.8
20.6,12.2
21.1,9.4
19.4,10.0
23.9,12.8
28.9,10.0
31.1,16.1
28.9,17.2
22.8,15.0
19.4,13.9
20.6,14.4
25.6,15.0
24.4,11.7
29.4,6.7
30.0,15.6
28.9,16.7
30.0,15.6
30.6,12.8
28.9,10.0
28.1,9.9
31.1,13.3
31.1,13.9
21.1,11.1
17.8,6.7
22.8,3.3
25.6,7.2
28.9,13.9
29.4,11.7
30.0,16.1
31.1,15.0
31.7,18.9
25.6,16.1
28.3,18.3
25.6,18.9
28.3,17.8
31.7,16.7
31.1,17.8
24.4,18.9
30.6,16.1
28.9,18.9
26.7,17.8
25.0,15.6
26.1,11.1
30.0,9.4
33.3,23.9
27.2,13.9
27.8,9.4
27.2,10.6
31.7,13.3
32.2,16.7
32.8,14.4
34.4,16.1
34.4,-18.3
34.4,17.2
34.4,21.1
30.0,18.3
29.4,18.3
29.4,13.9
32.8,15.6
27.8,19.4
27.8,20.6
27.2,20.0
30.6,18.3
29.4,22.2
31.7,22.2
25.0,16.7
24.4,15.6
28.3,15.6
27.8,15.6
27.2,13.3
28.3,13.3
30.6,20.0
31.7,21.1
31.7,3.9
31.1,16.7
32.8,21.7
33.3,22.8
30.6,22.2
26.7,18.3
28.9,18.3
28.3,16.7
30.0,15.6
28.9,17.8
30.6,14.4
28.9,20.6
32.8,21.7
30.6,17.2
26.7,12.8
26.1,11.1
26.7,12.8
28.9,13.3
28.9,13.9
30.0,17.2
31.7,18.9
29.4,23.3
30.6,21.1
31.1,17.8
31.7,16.1
32.8,17.2
33.3,18.9
34.4,18.9
34.4,21.7
32.2,20.6
34.4,23.3
32.2,26.7
36.1,25.6
33.9,23.9
33.3,23.9
33.9,22.2
33.3,18.9
37.8,13.3
33.3,20.0
35.0,-18.3
35.6,21.7
30.0,22.2
31.7,17.8
26.7,17.2
31.7,22.2
30.0,24.4
34.4,24.4
35.6,24.4
36.7,22.8
34.4,22.8
29.4,17.8
29.4,-0.6
33.3,13.9
36.7,11.7
37.2,19.4
30.0,13.3
30.0,12.2
30.6,11.7
33.3,12.2
35.6,13.3
36.7,15.0
32.8,20.0
28.9,22.2
31.1,22.2
25.6,20.0
32.2,16.1
31.1,15.0
26.7,13.9
22.8,8.3
28.9,6.1
22.2,9.4
20.0,4.4
23.9,10.0
31.7,18.3
32.8,18.3
32.8,19.4
32.8,17.8
33.3,17.8
31.1,14.4
34.4,13.9
33.9,20.0
31.1,22.2
24.4,14.4
28.3,5.0
28.9,8.3
29.4,7.2
31.1,9.4
23.9,12.8
31.7,11.1
27.8,13.3
31.1,12.2
32.8,18.9
33.3,22.2
33.9,18.9
33.9,17.8
28.9,14.4
15.6,8.9
18.9,7.2
16.7,5.6
18.3,4.4
27.2,11.7
27.8,9.4
22.8,12.8
22.8,9.4
27.8,15.0
17.8,13.3
26.7,7.8
27.8,16.1
19.4,9.4
15.6,6.7
15.6,6.1
12.8,5.0
13.9,5.0
17.2,3.3
16.1,1.7
16.1,0.0
20.6,2.8
20.0,7.2
15.0,1.1
16.7,-2.2
15.6,3.9
16.7,5.0
17.8,5.0
8.9,0.6
7.8,-2.2
16.1,4.4
12.8,1.1
12.2,-2.8
22.2,10.6
20.0,12.8
18.9,5.0
17.2,7.2
8.3,-0.6
10.6,-3.3
17.2,2.8
8.9,1.7
22.2,6.7
22.8,14.4
18.3,3.3
3.9,-0.6
2.2,-2.8
4.4,-2.2
2.8,-2.8
5.0,1.1
8.3,-1.1
14.4,0.0
5.0,-3.9
5.6,-5.6
8.9,-6.7
18.3,-3.3
1.7,-6.1
2.2,-5.6
4.4,-7.8
0.0,-10.0
1.1,-1.7
0.6,-2.2
1.1,-0.6
1.1,-1.1
4.4,1.1
4.4,0.6
3.3,0.0
1.7,-2.2
0.6,-1.1
-0.6,-6.7
-2.8,-6.7
6.1,-4.4
2.8,-3.9
4.4,-2.8
7.8,1.7
11.1,7.8
11.1,-6.7
1.1,-6.1
8.9,-6.7
8.9,-6.1
2.8,0.6
5.0,-0.6
0.6,-3.3
3.3,-2.2
3.9,-5.0
-5.0,-14.4
-10.0,-16.7
-2.2,-16.1
4.4,-3.9
10.0,2.8
17.8,9.4
20.0,15.0
16.1,2.2
5.6,-0.6
7.8,-1.1
2.8,-3.3
9.4,-2.8
0.0,-3.3
-1.7,-8.9
-1.7,-11.1
5.0,-5.0
1.7,-6.7
1.7,-12.2
-10.6,-16.7
-7.8,-17.2
2.2,-13.3
0.0,-8.9
0.6,-12.2
-10.6,-18.3
-3.9,-18.3
6.1,-5.6
11.7,-7.2
9.4,0.0
16.1,-13.3
-6.1,-14.4
-3.3,-7.2
-2.2,-5.0
2.8,-9.4
1.1,-12.2
15.6,1.1
15.6,1.7
2.2,-1.7
-0.6,-2.2
6.7,-0.6
8.9,-5.0
-5.0,-13.9
-6.7,-13.9
-6.1,-9.4
-2.2,-13.3
6.7,-6.7
2.2,-7.2
5.6,-10.0
12.8,0.6
1.1,-12.2
-4.4,-13.3
-3.9,-11.7
-5.6,-12.8
-3.3,-6.7
-1.1,-11.1
1.7,-10.0
2.2,0.6
1.1,-5.6
-2.8,-7.2
0.6,-10.0
5.6,-0.6
8.3,-0.6
20.6,4.4
15.0,-2.8
-1.7,-3.3
2.8,-10.6
1.7,-3.9
0.6,-7.2
-1.1,-10.0
6.7,-3.3
2.8,-5.0
9.4,-6.1
15.0,-2.8
15.0,2.8
15.6,2.8
8.3,1.1
7.8,-2.8
5.6,0.0
13.3,5.6
8.3,2.8
12.2,-1.7
18.3,2.8
3.9,0.0
4.4,-1.1
6.1,-1.7
14.4,1.7
15.0,0.6
7.2,2.2
8.9,-1.1
11.1,-2.8
13.9,5.0
17.8,13.9
14.4,-0.6
10.6,-2.8
11.1,-0.6
10.6,2.2
15.6,-0.6
18.3,0.6
17.8,7.2
18.3,6.1
12.8,3.9
18.3,7.8
16.1,6.1
6.1,2.2
6.7,0.0
11.1,-2.2
15.0,-1.1
21.1,6.7
22.8,10.6
22.2,10.0
15.0,8.9
19.4,11.1
23.9,7.2
24.4,11.7
26.7,11.1
23.3,15.0
26.7,9.4
16.1,5.6
13.9,3.3
9.4,3.9
11.7,2.8
21.1,2.8
22.2,13.3
23.3,13.9
14.4,8.9
19.4,2.8
25.0,7.2
26.7,11.1
22.8,16.1
16.1,10.0
17.2,7.2
19.4,3.3
14.4,8.3
18.3,6.7
21.1,7.2
20.0,9.4
12.8,7.8
20.6,6.7
26.1,12.8
19.4,8.3
16.1,6.1
17.8,7.2
21.1,8.9
21.7,4.4
15.0,10.0
22.8,8.9
25.6,12.2
26.1,17.8
20.6,8.3
22.2,8.3
26.1,6.7
30.0,13.3
27.8,18.9
28.9,15.6
30.0,15.0
27.8,17.8
29.4,19.4
31.1,23.3
29.4,21.7
31.7,21.7
32.8,23.9
27.2,20.0
27.8,15.0
28.9,18.9
32.8,21.1
26.7,20.6
29.4,17.2
31.7,8.9
27.2,15.6
26.1,13.3
28.9,15.0
30.0,12.8
28.9,14.4
30.0,17.8
28.9,17.8
28.3,14.4
28.3,13.3
31.7,19.4
30.0,20.0
30.6,21.1
28.9,18.9
26.7,17.2
28.3,16.7
29.4,13.3
31.7,17.8
21.7,17.2
23.9,15.6
26.7,13.3
29.4,15.0
29.4,20.6
30.6,20.6
28.9,20.0
29.4,17.2
30.6,18.9
30.6,18.9
26.7,16.7
28.9,15.6
31.1,18.9
31.1,20.0
30.6,18.9
31.1,20.0
31.1,22.8
32.8,20.6
31.7,18.9
28.3,18.3
26.7,15.6
21.7,13.9
27.2,18.3
30.0,18.3
28.9,16.1
29.4,19.4
31.1,18.9
24.4,18.9
30.0,18.3
30.0,21.7
28.9,17.2
26.1,13.9
33.9,21.1
27.8,21.7
29.4,21.1
27.2,18.3
27.2,14.4
26.7,15.6
25.6,13.3
25.0,10.6
25.6,13.9
27.2,13.9
27.2,16.1
26.7,12.8
27.2,12.2
27.2,13.3
27.8,13.9
28.3,13.3
30.0,14.4
28.3,18.9
27.8,21.1
31.1,19.4
26.7,15.0
26.1,12.8
26.1,13.9
28.9,14.4
26.7,16.1
28.3,17.2
29.4,13.9
30.6,13.3
32.2,16.1
31.7,17.8
28.9,19.4
21.7,16.7
17.8,12.2
23.3,11.7
23.3,15.6
23.3,13.3
21.7,8.9
23.9,7.8
23.9,11.7
25.0,20.0
30.0,22.2
23.3,15.6
20.0,13.3
22.2,11.1
25.6,10.6
28.3,11.7
27.2,11.7
22.8,15.0
26.1,13.9
28.9,12.8
29.4,11.7
29.4,12.2
30.0,12.8
27.8,-17.8
27.2,10.6
27.8,12.2
23.9,12.8
18.3,8.3
18.3,7.2
18.3,6.1
22.8,7.8
22.2,5.6
26.1,6.1
26.7,8.9
18.9,15.0
20.6,8.9
23.9,7.2
25.0,6.7
28.3,11.1
28.9,13.3
26.1,16.1
21.7,14.4
26.1,11.1
15.6,5.6
15.0,3.9
16.1,3.9
17.2,2.2
18.9,4.4
15.0,2.8
14.4,3.3
13.9,5.0
12.2,5.0
13.3,3.9
15.0,3.9
7.8,1.1
8.3,-1.7
15.0,-0.6
19.4,-1.7
22.8,8.3
22.2,6.1
22.8,10.0
22.8,10.0
22.2,7.8
22.2,10.0
17.8,7.2
7.8,3.3
6.7,2.2
2.8,-2.8
4.4,-5.0
6.1,1.7
10.0,6.1
12.8,3.9
13.3,7.2
7.2,1.1
6.7,-1.7
3.9,-2.2
1.7,-5.6
9.4,-3.3
1.7,-5.0
-0.6,-8.3
0.6,-6.7
8.3,-5.6
8.3,1.7
4.4,-2.2
8.9,-7.8
10.0,-5.0
7.8,-2.2
7.8,-3.9
2.2,0.0
0.6,-5.0
3.9,-5.0
7.2,-6.7
-2.8,-10.0
-3.9,-11.7
1.7,-9.4
-2.8,-12.2
9.4,-2.8
11.1,-1.1
1.1,-5.0
2.8,-5.6
-1.7,-6.1
6.1,-4.4
13.3,0.0
0.0,-13.3
-4.4,-11.7
-5.6,-10.6
-0.6,-8.9
5.0,-1.1
0.0,-11.1
-11.1,-17.2
-7.8,-17.2
1.1,-8.3
4.4,-8.9
-0.6,-11.1
14.4,-0.6
17.8,0.0
3.9,-1.7
9.4,-0.6
11.1,-2.2
-1.7,-7.8
2.2,-7.8
5.6,-3.9
7.8,-2.8
12.2,-6.7
-2.2,-8.3
-0.6,-5.0
-1.1,-6.7
-2.2,-10.0
7.8,-6.1
1.7,-5.0
-0.6,-6.7
1.7,-6.7
0.6,-13.9
0.0,-18.9
-17.8,-24.4
-10.6,-24.4
1.7,-10.6
-2.8,-8.3
-7.2,-13.9
-7.2,-16.1
1.1,-16.1
7.8,-9.4
3.9,-7.2
-7.2,-14.4
-10.6,-14.4
-7.8,-11.1
-7.2,-8.9
-7.8,-12.2
0.6,-10.6
-5.0,-16.1
4.4,-16.7
6.1,-1.1
0.6,-7.2
-3.9,-16.1
-7.8,-15.0
-1.1,-13.9
10.0,-5.6
16.1,7.8
7.8,-2.2
17.2,0.0
17.8,11.1
14.4,3.3
10.0,0.6
6.7,-3.9
1.1,-5.0
1.1,-4.4
1.7,-7.8
6.1,-2.8
8.9,-3.3
-2.8,-8.3
1.1,-8.9
4.4,-6.1
-1.1,-10.0
0.6,-10.6
6.7,-3.9
16.1,1.7
15.6,3.3
5.6,-3.9
0.6,-5.6
-0.6,-8.3
-1.7,-10.6
0.0,-12.2
10.0,-3.9
18.9,5.0
22.2,10.0
21.7,9.4
21.1,5.0
11.7,2.2
21.1,2.2
2.2,-5.0
0.0,-7.8
6.7,-6.7
12.2,-2.8
16.7,-2.2
19.4,7.8
22.8,4.4
19.4,8.3
12.8,-1.1
10.6,-5.6
16.1,3.9
16.1,-0.6
20.6,8.9
23.9,11.7
11.7,4.4
14.4,4.4
15.0,1.7
7.2,0.6
6.7,0.6
13.9,-4.4
14.4,4.4
14.4,2.8
18.3,6.1
12.2,4.4
15.6,-0.6
13.9,1.1
5.0,0.0
9.4,-0.6
13.9,-2.2
14.4,0.0
7.8,2.8
12.8,0.0
13.9,-2.2
10.0,5.0
7.2,4.4
15.0,1.7
17.8,2.2
21.7,2.2
21.7,6.7
15.0,10.0
14.4,6.1
10.6,3.9
19.4,1.1
23.3,3.3
27.2,14.4
27.8,19.4
28.3,18.9
22.8,16.1
16.1,10.6
20.6,10.0
22.2,15.6
17.8,7.2
17.8,7.2
19.4,7.2
21.1,8.3
22.2,10.0
21.7,14.4
26.1,13.9
21.7,15.6
20.0,10.6
20.0,5.6
20.0,7.8
21.1,6.1
23.9,13.9
21.1,11.7
25.6,10.0
17.2,8.3
16.7,3.9
19.4,4.4
25.0,9.4
27.2,11.7
28.3,12.2
28.9,15.6
29.4,15.0
29.4,14.4
21.1,15.0
26.7,16.7
26.7,17.8
18.3,12.8
25.6,15.0
27.2,11.1
25.6,11.1
32.2,18.3
29.4,15.0
17.8,9.4
21.1,7.8
25.0,10.0
26.1,13.9
28.3,16.1
27.2,18.3
25.0,15.6
28.3,17.2
23.3,16.1
24.4,13.9
26.1,15.0
27.2,15.0
25.0,15.6
25.6,17.2
30.6,19.4
31.7,18.3
32.8,21.7
30.0,21.1
30.6,22.8
33.9,23.9
34.4,22.8
33.9,21.7
33.9,23.3
33.3,20.0
33.3,17.8
28.3,18.9
28.3,18.9
25.6,16.7
20.6,17.2
24.4,16.1
26.7,13.9
21.1,17.8
26.7,17.8
28.3,17.2
29.4,18.9
26.7,17.8
27.8,16.7
29.4,18.3
28.9,20.0
26.1,16.1
28.9,15.0
27.2,14.4
28.9,20.6
27.2,16.7
22.8,15.6
22.2,15.0
23.9,13.3
25.6,13.9
25.6,15.6
25.0,15.0
27.2,15.0
28.9,14.4
27.2,18.3
26.7,18.3
28.3,15.6
30.0,20.0
26.1,16.1
26.1,15.6
26.7,16.7
24.4,13.9
25.0,15.0
27.8,16.7
26.1,17.8
27.2,16.1
27.2,13.9
25.6,14.4
32.2,21.7
32.8,23.9
29.4,20.0
28.9,18.9
27.8,16.1
28.9,12.2
29.4,13.9
30.6,16.1
31.7,21.1
30.6,20.0
28.9,18.9
28.0,19.5
28.9,17.8
25.0,15.6
22.8,15.0
24.4,13.3
25.0,11.7
26.7,12.2
28.9,14.4
30.0,17.2
25.0,17.8
23.3,13.3
19.4,10.6
21.1,8.3
22.8,7.8
24.4,8.3
26.7,11.1
26.7,12.2
21.7,14.4
25.0,16.1
26.1,13.9
26.7,12.8
24.4,14.4
27.8,14.4
27.2,13.3
26.7,12.2
26.1,11.7
26.7,8.9
27.8,5.0
27.2,13.3
25.0,10.0
25.6,8.9
26.1,11.1
21.7,13.3
25.6,16.1
26.7,18.3
26.7,17.2
21.7,17.8
22.8,13.9
23.3,12.2
25.0,10.0
18.3,11.7
18.3,10.0
19.4,6.1
17.2,6.7
15.0,8.3
12.8,8.9
16.7,5.0
20.0,1.1
20.6,8.9
17.2,7.8
12.8,10.0
11.7,4.4
12.8,0.6
10.6,1.1
15.0,3.3
10.6,5.6
8.3,5.0
7.2,5.0
8.3,4.4
12.2,2.2
13.3,0.6
20.0,4.4
21.1,8.9
20.0,10.6
17.8,12.2
17.8,6.1
13.3,5.6
19.4,7.8
14.4,9.4
11.7,7.8
13.9,10.6
17.2,9.4
20.0,8.3
11.1,0.6
14.4,-0.6
20.0,7.2
10.6,2.2
15.6,3.3
12.8,1.1
18.3,7.2
22.2,11.1
23.3,8.3
19.4,12.2
13.3,7.2
15.0,-0.6
13.9,-3.3
14.4,0.6
19.4,7.8
12.8,5.0
7.8,5.6
7.8,5.6
8.3,3.9
8.3,0.6
11.7,-1.1
14.4,0.0
14.4,2.2
14.4,2.2
12.2,7.2
8.3,3.9
3.9,-0.6
7.2,-1.7
16.7,0.6
12.2,4.4
6.1,0.6
13.3,0.6
5.0,-1.7
2.8,-5.0
-2.2,-8.3
1.7,-8.9
3.3,-5.0
1.7,-1.1
3.9,-1.1
5.0,-10.0
-6.7,-13.3
2.2,-9.4
2.8,-5.6
5.0,1.7
10.0,-3.3
-3.3,-10.6
-1.1,-11.7
6.7,-5.6
7.2,0.0
1.7,-1.7
-1.7,-2.8
2.2,-2.2
2.2,-1.7
6.1,1.7
7.2,5.0
8.9,-5.6
-2.2,-6.7
-3.3,-7.8
-0.6,-7.2
-5.0,-13.9
0.6,-5.6
1.1,-12.2
-11.1,-15.6
-13.3,-18.3
-12.2,-20.0
-11.1,-17.8
-11.1,-18.3
-7.2,-16.7
-5.6,-11.1
-8.9,-15.0
-12.2,-18.3
-6.1,-21.7
-4.4,-7.8
-3.3,-10.6
3.3,-9.4
5.0,-1.1
3.3,-1.7
1.1,-1.7
0.6,-2.8
1.7,0.0
0.6,-2.2
0.6,-1.7
1.7,0.6
2.8,0.0
8.9,1.7
8.9,0.6
0.6,-5.6
-5.6,-9.4
0.0,-8.9
-3.9,-13.9
-8.3,-12.8
-5.0,-12.2
-1.1,-13.9
1.7,-10.0
1.7,-5.6
-2.8,-8.3
2.2,-5.6
0.6,-0.6
0.6,-7.2
-2.2,-8.9
-2.2,-8.3
-3.9,-11.7
-3.3,-10.0
-3.3,-15.0
-1.7,-14.4
-1.7,-10.6
0.0,-11.7
-3.9,-10.6
-0.6,-7.2
-1.1,-6.7
1.1,-7.8
3.3,-9.4
6.1,0.0
2.2,0.6
1.7,-2.8
1.7,-5.6
-3.9,-10.0
1.7,-9.4
2.8,-7.8
3.3,-6.7
6.7,-5.0
3.9,-1.7
2.8,-0.6
4.4,-2.2
8.3,-4.4
7.8,-5.0
10.0,-6.1
6.7,-2.8
7.8,-0.6
15.0,0.0
21.7,11.1
18.9,7.8
9.4,2.2
9.4,6.1
7.8,5.6
10.0,5.0
15.6,3.3
17.2,4.4
17.2,4.4
17.8,3.3
10.6,1.7
7.8,1.7
15.6,1.1
18.9,-2.8
18.9,2.8
11.1,-1.7
8.9,-2.8
12.2,0.0
12.2,3.3
12.8,0.6
18.3,0.0
26.7,10.0
28.3,12.2
26.1,13.9
15.6,3.3
25.0,4.4
22.2,12.2
27.8,16.1
22.2,8.3
12.8,2.2
16.7,-1.1
23.3,7.8
25.6,9.4
25.6,7.8
27.8,7.2
28.9,7.2
27.8,11.7
20.6,10.6
17.2,2.2
17.8,-1.1
17.8,1.7
20.0,4.4
22.8,3.9
22.2,6.1
16.7,12.8
20.0,13.3
18.3,10.6
17.8,9.4
16.7,3.9
18.3,0.6
25.6,10.0
24.4,16.7
22.8,15.6
22.2,11.7
23.3,8.9
25.0,8.3
25.6,15.0
22.8,9.4
25.0,10.0
11.1,5.6
16.7,3.3
16.7,5.6
20.6,10.0
20.0,11.7
27.2,16.1
20.6,11.7
17.2,7.8
16.7,11.1
13.9,10.6
19.4,11.7
22.8,11.1
16.1,11.1
22.8,15.6
26.7,15.0
32.2,18.3
32.8,18.3
30.6,18.9
31.7,16.1
30.0,15.0
29.4,13.3
31.7,14.4
31.7,17.2
28.9,18.3
30.0,18.9
25.6,18.3
27.2,17.8
30.6,17.2
28.3,23.3
26.7,15.6
26.7,12.8
24.4,15.6
28.3,21.7
30.0,-8.9
32.2,22.8
32.8,22.2
31.7,21.7
30.6,21.7
30.6,21.1
28.9,19.4
29.4,17.2
33.9,20.0
31.7,20.0
33.9,22.2
33.3,21.7
29.4,20.6
33.9,21.7
28.9,20.0
29.4,17.8
33.9,22.8
31.7,23.3
30.6,21.7
27.8,15.6
27.8,13.9
27.8,12.8
28.9,12.2
30.6,12.8
32.8,22.8
31.7,22.8
33.9,22.8
33.9,21.1
32.2,23.9
31.7,20.6
31.7,17.2
28.9,17.2
30.6,20.6
30.6,22.2
34.4,27.2
35.0,23.3
31.1,19.4
33.3,21.1
28.9,23.9
31.7,20.6
29.4,20.6
31.7,23.3
33.3,23.3
33.9,26.1
33.9,22.8
30.6,21.1
31.1,18.3
31.7,22.2
33.3,24.4
31.1,21.1
28.9,20.6
30.6,20.6
30.0,17.8
30.0,18.3
35.6,24.4
35.6,25.6
31.7,21.1
28.9,17.8
30.0,16.1
33.3,20.6
35.6,24.4
36.1,3.3
34.4,-18.3
35.0,23.9
35.6,22.2
33.3,22.8
32.2,22.2
28.9,18.9
28.9,17.8
31.1,19.4
33.3,18.3
33.9,22.8
28.9,22.8
31.7,18.9
31.1,16.1
30.0,17.2
27.2,17.2
27.2,13.9
29.4,12.8
32.2,12.2
33.9,21.1
30.0,20.0
32.8,22.8
27.2,21.7
30.6,20.6
23.9,16.1
22.2,12.2
26.7,10.0
30.6,12.8
26.7,17.8
26.7,11.7
23.9,11.1
20.6,14.4
26.1,17.2
28.9,12.8
31.7,16.7
31.7,16.7
30.0,13.3
23.3,13.3
26.7,8.3
29.4,12.2
27.8,16.1
31.7,22.2
33.9,20.6
27.8,18.9
32.2,20.6
26.1,16.1
22.2,10.6
17.8,8.9
20.0,6.7
23.3,7.8
25.0,6.7
25.0,10.6
22.8,6.1
16.1,7.2
16.1,2.8
16.7,3.3
20.0,2.2
24.4,5.6
25.6,8.9
26.7,5.0
30.0,10.0
29.4,10.6
28.3,12.2
26.1,12.2
20.6,10.6
20.0,3.9
18.3,4.4
22.8,3.3
23.3,7.8
19.4,6.7
18.3,1.7
22.2,3.9
16.7,3.3
21.1,-0.6
26.7,15.6
24.4,13.9
23.9,12.2
23.3,10.6
20.0,8.9
8.9,1.1
12.2,-1.1
16.7,5.0
13.9,3.3
13.3,1.7
11.1,-1.7
15.6,-5.0
12.2,3.9
6.1,-2.8
8.3,-5.0
18.3,0.6
21.7,4.4
23.3,3.9
21.1,2.8
23.9,8.3
22.8,3.9
15.6,5.0
11.1,0.0
13.9,-0.6
9.4,-3.3
10.0,0.0
6.7,-3.3
11.7,-3.3
8.9,-1.1
17.2,5.0
21.7,3.9
4.4,-2.8
8.3,-2.2
8.9,-3.9
3.9,-5.0
4.4,-2.8
8.3,-2.8
10.0,3.3
10.0,-2.8
-1.7,-3.3
1.1,-4.4
1.1,-5.0
0.0,-1.7
-1.7,-6.7
-5.6,-11.7
-5.0,-11.1
-2.2,-11.7
1.7,-12.2
8.3,-3.3
5.6,-6.7
-2.8,-12.2
-10.0,-15.6
-6.7,-17.2
-3.3,-9.4
-3.9,-5.0
-2.8,-7.8
-0.6,-11.1
-0.6,-8.9
1.1,-5.6
2.8,0.0
0.6,-6.1
2.8,-6.7
-0.6,-2.2
-1.7,-2.8
-2.2,-5.6
-5.6,-9.4
-1.1,-10.6
3.3,-8.3
10.6,3.3
15.0,5.6
5.6,-6.1
-1.7,-10.0
4.4,-4.4
-0.6,-8.3
3.3,-9.4
0.0,-3.9
-2.2,-7.8
-6.7,-12.8
-2.2,-15.6
0.6,-7.2
-2.8,-6.7
-6.7,-11.1
-6.7,-17.2
-0.6,-10.0
1.1,-6.7
-3.9,-13.3
3.3,-5.6
2.8,-2.2
-2.2,-6.1
-5.6,-13.9
-13.3,-20.0
-5.0,-15.0
-3.9,-11.7
0.6,-7.2
-2.8,-11.7
-2.8,-5.6
-0.6,-6.1
-2.2,-6.1
11.7,-2.2
11.7,-3.9
3.3,-5.0
-4.4,-7.2
-5.6,-13.9
-7.8,-18.3
-3.9,-13.9
-0.6,-5.0
1.7,-2.2
0.0,-8.3
-8.3,-17.2
-8.9,-15.0
-5.0,-18.9
1.7,-10.6
5.0,-3.3
8.3,1.1
7.8,-2.8
6.7,-1.1
15.6,2.8
17.2,10.0
14.4,3.9
10.0,-2.2
17.2,1.7
15.0,0.0
1.1,-1.7
6.7,-2.2
5.0,0.0
1.7,-1.1
2.8,-0.6
15.6,1.7
5.6,-3.3
8.9,-4.4
8.9,-1.1
12.8,-1.7
17.2,5.0
13.3,-1.1
2.2,-3.3
5.6,0.0
10.6,1.1
8.9,2.8
4.4,0.0
10.0,-2.2
12.2,1.7
2.2,-1.1
6.7,0.0
5.0,1.7
17.2,0.0
23.9,7.8
17.2,3.9
13.9,-0.6
22.8,6.7
24.4,12.8
22.8,8.9
22.8,2.8
3.3,-0.6
5.0,-0.6
3.9,-2.8
6.7,-5.0
9.4,-3.3
10.6,-0.6
11.7,-1.1
10.6,-2.8
13.3,2.8
17.2,4.4
28.3,8.3
22.8,5.6
13.9,1.1
23.3,7.2
17.8,3.3
19.4,8.3
26.7,10.0
28.9,18.3
18.9,11.1
18.3,3.9
20.0,3.9
21.7,3.3
18.3,9.4
10.6,4.4
16.7,5.6
16.7,7.2
26.1,4.4
8.3,1.7
13.9,-1.1
20.0,9.4
18.9,10.6
16.1,10.6
20.0,12.8
21.1,12.2
13.9,6.7
16.1,6.1
17.8,5.0
24.4,11.1
18.3,7.2
13.9,7.8
14.4,5.0
14.4,2.2
18.9,4.4
20.0,8.3
25.0,13.3
22.8,11.1
26.7,14.4
31.1,20.0
31.7,18.9
30.0,16.7
26.7,14.4
14.4,10.6
11.7,5.6
16.7,3.3
16.1,2.8
18.9,9.4
23.9,7.2
27.2,15.0
28.9,19.4
30.6,18.3
27.8,17.2
29.4,15.0
25.0,16.1
17.2,10.6
16.1,8.9
20.0,13.3
30.0,17.2
31.7,20.6
31.1,21.7
30.6,15.0
25.6,15.6
32.8,19.4
34.4,21.7
29.4,20.6
33.3,21.7
34.4,22.2
34.4,22.8
32.8,17.2
31.7,17.2
26.7,17.8
23.3,13.9
25.6,10.0
22.8,16.7
26.1,16.7
29.4,16.1
27.2,18.3
25.6,18.9
27.8,19.4
30.6,21.1
30.6,20.6
24.4,20.0
21.7,17.8
23.9,15.6
25.6,12.8
26.1,18.3
27.8,18.9
27.2,16.1
28.9,13.3
31.1,16.1
33.9,22.2
35.6,23.3
32.2,21.7
30.6,18.9
30.6,15.6
32.2,20.6
31.1,19.4
31.1,17.8
31.7,17.2
32.8,20.6
35.6,26.1
33.9,22.8
28.3,17.8
28.9,16.7
30.0,16.7
30.0,19.4
33.9,20.0
33.9,23.9
35.6,25.6
35.6,27.2
37.2,25.0
36.1,26.7
35.6,24.4
31.1,22.2
32.8,22.8
33.3,22.2
33.9,20.6
35.6,25.0
31.7,23.3
30.6,21.1
33.9,21.7
34.4,20.6
34.0,22.8
33.9,20.0
31.7,17.2
32.2,21.1
31.7,22.8
33.9,22.8
31.7,19.4
32.2,19.4
27.2,16.7
28.3,12.8
30.0,13.3
31.7,17.8
28.3,16.1
28.9,13.3
28.9,12.2
30.6,15.0
32.8,18.9
32.8,19.4
33.3,19.4
31.1,16.7
31.1,13.9
30.0,16.7
36.7,23.3
30.6,17.2
31.1,13.9
32.2,17.2
28.3,13.9
29.4,15.0
31.1,13.9
36.1,18.3
37.8,24.4
38.3,21.7
36.7,19.4
36.7,19.4
22.8,11.1
22.8,8.3
24.4,10.0
25.6,11.1
20.0,15.0
25.0,15.0
28.3,14.4
30.6,15.6
31.7,16.1
20.6,8.3
18.3,5.6
17.8,9.4
23.3,10.6
20.0,15.6
20.0,11.1
25.6,8.9
25.0,12.2
17.2,10.0
20.6,7.2
20.0,7.2
21.7,7.2
18.9,8.9
17.2,11.7
22.2,10.0
27.8,9.4
20.0,6.1
17.8,3.3
21.1,1.7
25.6,5.0
26.7,4.4
27.8,6.7
28.9,6.7
29.4,9.4
28.3,8.9
27.8,6.1
26.7,6.1
26.7,10.6
25.6,10.0
20.0,13.9
18.9,9.4
18.3,8.3
22.8,10.6
14.4,6.7
10.6,7.2
8.3,6.1
8.9,2.8
14.4,2.2
20.6,1.1
21.7,6.7
18.9,10.0
25.0,11.7
19.4,8.3
12.2,1.7
13.3,-1.7
13.9,0.0
15.6,-0.6
12.2,-0.6
22.2,0.6
21.7,8.9
11.7,8.3
13.3,1.1
15.0,-0.6
15.0,8.3
15.0,11.7
19.4,13.3
16.1,4.4
6.1,1.1
10.6,-2.2
16.7,6.1
22.2,13.3
23.3,10.0
15.0,5.6
10.6,1.7
6.7,-1.1
11.7,-0.6
15.6,7.2
15.6,3.3
8.3,5.0
7.2,5.0
8.9,4.4
10.0,5.0
16.1,4.4
16.7,5.6
5.6,1.7
3.9,1.7
5.6,-1.1
5.0,-3.9
8.9,-2.8
6.1,-1.1
13.9,5.6
12.2,1.1
2.8,0.0
3.3,-1.7
2.2,-3.9
5.0,-5.0
1.7,-6.7
-0.6,-9.4
6.7,-4.4
8.3,-5.0
6.7,3.3
14.4,6.7
15.0,0.0
2.2,-4.4
4.4,-4.4
10.0,-4.4
10.6,5.6
7.8,3.3
7.2,0.0
5.0,-1.7
2.2,-2.8
4.4,-5.0
8.3,-1.1
6.1,-5.6
4.4,-0.6
2.8,-2.8
12.2,2.8
8.9,3.3
10.0,2.8
9.4,-0.6
-0.6,-6.7
0.0,-10.0
9.4,-1.1
13.3,-3.3
16.7,3.9
8.3,-2.2
7.2,-5.6
9.4,-5.0
13.3,-2.2
10.0,-1.7
3.3,-9.4
-7.2,-10.6
-4.4,-13.3
2.8,-8.9
14.4,1.1
15.6,-7.8
-1.7,-11.7
-0.6,-12.2
-3.9,-12.8
-1.1,-6.7
12.2,-4.4
10.6,0.6
2.8,-2.8
1.1,-3.9
2.2,0.6
5.0,-0.6
4.4,-2.2
3.3,-4.4
13.9,-1.7
16.7,7.8
13.9,1.1
15.0,-2.2
14.4,-1.1
6.1,3.3
9.4,-0.6
1.1,-3.3
2.8,-5.0
2.2,-1.7
2.8,-5.0
3.3,-7.2
-2.8,-10.6
2.2,-8.9
2.2,-6.7
3.3,-1.1
5.0,0.0
7.8,0.0
11.1,-3.3
6.1,-3.3
5.0,-5.6
6.7,-7.2
10.6,1.7
13.3,1.7
12.8,1.1
6.7,-2.2
1.7,-6.7
13.9,-4.4
8.9,-5.0
8.8,-4.2
19.4,3.9
13.3,0.0
14.4,1.7
2.2,-1.1
3.9,-2.8
3.3,-6.7
20.0,1.1
21.1,11.1
17.2,2.2
8.3,-2.8
15.6,-3.9
19.4,-1.7
25.0,10.0
26.1,3.3
27.2,12.8
27.2,15.6
25.6,11.1
26.7,11.7
26.7,14.4
26.7,16.7
27.8,17.8
27.8,17.2
21.1,17.2
20.0,7.8
20.6,6.8
24.4,9.4
13.3,8.3
23.3,6.1
24.4,9.4
16.1,4.4
24.4,7.2
20.0,5.6
30.0,12.8
27.2,13.9
30.6,10.6
20.6,9.4
16.7,2.8
17.2,-0.6
18.3,-0.6
20.0,7.2
20.0,7.8
13.3,0.0
14.4,-2.8
17.2,-2.2
15.0,5.6
20.0,11.7
25.0,15.6
17.2,7.8
19.4,4.4
21.7,4.4
25.0,12.8
18.3,6.1
14.4,2.2
15.0,2.8
17.2,2.8
20.0,7.8
25.0,6.7
23.3,5.0
16.7,2.8
16.1,7.8
14.4,7.8
21.1,13.3
26.1,10.0
28.9,18.3
29.4,19.4
26.7,17.2
31.1,15.0
31.7,18.3
24.4,14.4
22.8,12.8
20.6,9.4
21.7,6.7
23.9,7.2
23.9,12.2
25.6,9.4
27.2,10.6
27.8,8.9
24.4,7.8
26.1,5.0
29.4,7.8
32.8,15.6
32.8,18.3
20.6,9.4
25.0,9.4
27.8,7.8
31.7,17.2
31.7,22.2
33.3,20.0
33.9,21.7
33.9,23.9
30.0,17.2
26.1,11.1
17.2,10.0
19.4,10.0
23.3,10.0
27.8,10.0
21.7,12.2
26.7,10.0
26.1,9.4
28.9,10.6
30.0,11.7
31.7,16.1
31.7,17.2
27.8,20.6
27.2,15.0
26.7,8.9
30.6,10.6
32.8,12.2
33.9,20.6
30.6,20.6
33.3,23.3
34.4,21.7
33.3,21.1
29.4,18.3
30.0,17.2
30.0,13.3
30.6,16.7
29.4,13.3
28.9,10.6
33.9,11.1
38.3,20.6
39.4,23.3
36.1,21.1
35.0,22.8
38.9,19.4
35.6,21.1
37.2,23.9
40.0,21.7
40.0,23.3
38.9,23.9
32.2,18.3
32.2,17.2
32.8,17.8
32.2,17.2
34.4,16.1
33.3,18.3
30.6,19.4
34.4,20.0
35.6,22.8
36.7,24.4
38.9,24.4
37.2,23.3
30.0,17.2
32.8,14.4
35.6,21.7
38.9,25.0
36.7,24.4
40.0,23.3
31.7,23.3
32.8,20.0
30.6,17.8
32.2,15.6
33.3,18.9
37.2,20.0
33.9,16.7
37.2,15.0
33.9,19.4
35.0,21.1
31.7,18.3
32.2,15.6
35.6,14.4
35.0,20.0
33.9,18.9
26.7,15.6
28.3,12.8
28.3,10.6
25.6,17.8
28.3,16.7
31.7,16.1
28.9,18.3
25.6,13.9
26.7,10.6
26.1,14.4
27.8,11.7
28.9,12.2
32.2,10.0
33.9,13.3
34.4,14.4
33.3,15.0
32.2,21.1
31.1,18.9
32.8,14.4
32.8,14.4
33.9,14.4
30.0,23.3
29.4,22.2
27.2,22.2
31.7,22.2
32.8,21.1
28.3,18.9
31.7,18.9
30.0,16.1
22.8,13.3
22.8,11.7
25.6,8.9
27.8,10.0
28.9,14.4
28.9,14.4
22.2,10.6
24.4,7.2
25.6,8.3
25.0,12.2
18.3,7.8
22.2,6.1
23.9,10.0
25.0,9.4
16.1,7.8
18.3,4.4
21.1,1.7
22.8,13.3
23.3,16.1
23.9,12.2
21.7,11.1
23.9,8.3
22.8,8.3
17.8,8.9
18.3,12.2
22.8,13.3
27.2,10.6
10.6,3.9
10.0,1.7
11.1,0.0
14.4,-1.1
17.8,5.0
12.2,2.8
17.8,1.7
16.7,6.1
21.7,9.4
23.3,10.6
17.2,6.1
22.8,5.0
18.9,11.7
15.0,7.8
11.1,7.8
13.3,4.4
21.7,3.3
21.1,15.6
21.7,16.1
26.1,15.0
26.1,6.7
9.4,3.9
10.0,0.6
9.4,1.1
11.7,1.1
10.6,2.2
10.0,0.0
14.4,1.7
11.7,1.1
6.7,-0.6
9.4,-1.7
6.7,-1.7
7.2,1.1
7.8,5.6
10.6,4.4
18.9,1.7
22.8,12.2
20.0,3.3
5.0,-1.7
6.7,-2.2
6.7,-3.3
9.4,-4.4
11.7,-3.9
12.8,-3.9
15.0,-2.8
13.3,2.2
16.7,7.2
14.4,2.2
17.2,7.2
9.4,-3.9
0.0,-6.1
8.3,-1.1
7.2,-3.3
2.2,-6.7
8.3,-5.0
11.7,-0.6
15.0,3.3
17.2,2.2
19.4,10.0
22.2,14.4
16.7,2.8
8.3,-0.6
10.6,0.0
8.9,6.7
7.8,4.4
10.0,3.9
4.4,-2.8
2.2,-6.7
7.2,-5.0
9.4,-1.7
11.7,-1.1
12.2,6.1
10.0,4.4
4.4,1.1
10.0,0.6
7.8,0.6
12.8,-3.9
-1.7,-7.2
3.3,-10.0
3.9,-9.9
1.1,-4.4
1.1,-4.4
1.1,-1.7
-0.6,-2.2
1.1,-1.7
0.0,-7.8
3.3,-8.9
2.2,-3.9
-3.9,-11.7
-4.4,-13.9
1.7,-9.4
1.7,-10.6
2.8,-6.1
2.8,-8.3
3.9,-8.9
8.3,-3.3
11.1,-3.3
12.2,-3.3
14.4,9.4
14.4,-0.6
-0.6,-8.9
-3.9,-10.0
-0.6,-11.7
2.8,-7.2
3.3,-5.0
6.7,-7.2
13.3,2.8
5.0,-7.2
-7.2,-13.9
-8.9,-15.6
1.7,-11.1
-3.3,-12.8
2.8,-6.1
1.1,-10.0
6.7,-7.8
16.1,7.8
18.3,11.1
11.7,-4.4
-2.8,-13.9
-5.6,-15.0
-0.6,-8.3
-0.6,-7.2
8.3,-4.4
7.2,-5.0
7.2,-4.4
9.4,-0.6
2.2,-2.2
4.4,-1.1
11.1,2.8
7.8,-1.1
3.3,-3.3
10.0,-2.2
8.9,-0.6
2.2,-5.0
-0.6,-8.3
3.3,-11.1
14.4,-1.1
-1.1,-7.2
-3.3,-12.8
0.0,-10.0
2.2,-3.3
-0.6,-7.2
3.3,-8.9
6.7,-4.4
1.7,0.6
1.7,0.0
2.2,0.0
0.0,-3.3
1.1,-6.7
3.3,-8.3
2.2,-2.2
2.2,-1.7
0.0,-2.8
1.7,-2.8
8.9,-5.0
12.8,2.8
16.1,9.4
10.0,0.0
6.7,-2.2
2.8,-4.4
6.7,-6.1
15.0,-2.8
6.7,0.6
5.0,-0.6
6.7,-2.8
6.7,-4.4
0.0,-6.7
2.2,-9.4
7.2,-8.9
11.1,1.1
1.7,-1.1
1.7,-2.2
2.8,-0.6
4.4,-2.8
8.3,-6.1
13.3,-0.6
12.8,-0.6
16.7,5.0
7.8,0.0
8.9,-3.9
10.6,-3.9
15.6,-3.9
16.7,2.8
22.8,5.6
23.9,10.6
23.9,13.9
26.1,13.3
22.8,7.8
13.3,3.9
6.7,2.8
12.8,3.9
23.9,6.7
18.9,8.9
10.0,6.7
24.4,7.8
22.8,5.0
7.2,2.2
9.4,0.0
14.4,1.7
20.0,1.1
15.6,3.9
10.0,2.8
13.9,3.3
17.8,1.7
15.0,5.6
16.1,11.1
23.3,4.4
28.3,15.0
27.2,11.1
25.6,10.0
20.6,8.3
15.6,10.6
18.9,11.7
20.6,11.1
25.6,11.1
27.2,10.0
20.0,14.4
18.9,10.0
18.3,7.8
14.4,4.4
20.0,2.2
30.6,11.7
30.6,20.6
26.7,15.6
25.6,13.3
27.2,14.4
30.6,14.4
30.0,17.2
27.2,17.2
24.4,16.1
16.7,6.7
20.6,3.9
13.9,7.2
18.9,11.1
25.6,15.6
27.8,17.8
30.0,18.3
28.9,20.0
25.6,17.8
23.3,17.2
17.8,12.8
20.0,10.6
23.3,8.9
27.2,13.3
26.7,15.0
25.0,13.3
26.1,11.7
27.2,16.7
26.1,16.7
31.1,15.0
34.4,22.8
28.3,16.7
27.8,13.9
27.2,18.9
27.2,19.4
30.6,17.8
29.4,16.7
28.3,13.3
30.6,17.8
32.2,21.7
31.1,20.0
27.8,20.0
32.2,19.4
32.2,20.0
27.2,20.6
32.8,22.8
30.0,21.7
25.6,17.2
24.4,16.1
25.0,16.1
21.7,16.7
25.6,16.7
27.2,15.6
27.8,15.6
27.8,18.3
31.1,18.3
31.1,22.8
32.8,25.0
30.6,20.0
27.2,16.1
27.8,12.2
28.3,13.9
31.1,17.2
31.1,20.6
32.2,21.1
33.3,21.7
33.9,23.3
33.9,24.4
32.2,21.7
26.1,19.4
30.0,18.9
30.6,17.8
24.4,13.9
26.1,11.7
23.3,15.6
22.2,12.2
23.9,10.6
26.1,11.1
20.6,18.3
25.6,18.9
28.9,17.2
27.8,17.8
28.3,16.7
26.1,13.3
26.1,13.3
28.9,20.0
28.9,20.6
26.7,18.3
27.8,15.0
28.9,17.8
28.3,13.9
28.3,17.8
25.6,11.7
23.9,8.9
23.9,9.4
26.1,14.4
27.2,12.8
28.3,13.3
29.4,13.9
30.6,14.4
31.1,17.2
31.1,20.6
30.0,17.2
30.6,15.0
30.6,16.1
32.8,20.6
33.3,20.4
35.0,23.3
30.6,20.0
35.6,19.4
36.7,21.7
28.9,20.0
29.4,16.7
26.1,12.2
29.4,11.7
30.6,13.9
30.6,14.4
32.2,17.8
31.1,20.0
35.6,19.4
36.1,21.7
35.0,21.1
29.4,15.6
23.3,8.9
23.3,5.0
25.6,11.7
20.6,10.0
24.4,8.9
29.4,17.2
33.9,22.2
25.6,14.4
22.8,11.7
23.9,6.7
24.4,6.7
26.7,6.7
28.3,11.7
28.9,10.6
28.3,7.8
28.9,9.4
23.9,8.9
24.4,5.6
25.6,16.7
27.8,18.9
29.4,17.2
30.0,18.3
27.2,14.4
16.7,8.3
20.6,7.8
24.4,6.1
23.9,5.0
26.1,8.3
26.7,11.1
23.3,10.6
21.7,5.0
21.1,1.7
18.9,12.2
12.2,6.1
16.1,6.7
13.9,6.7
13.3,5.6
20.6,4.4
12.2,0.0
9.4,-1.1
7.8,2.2
7.2,0.6
11.1,-3.3
16.7,3.3
13.9,-1.7
18.3,-3.3
14.4,1.7
20.0,11.7
18.9,8.9
12.8,4.4
11.1,1.1
12.8,-1.7
14.4,5.6
15.6,10.6
15.6,2.8
11.1,-0.6
11.7,-2.2
18.3,6.7
10.0,1.1
12.2,-2.2
1.1,-6.1
5.0,-8.3
12.2,-1.1
11.7,3.9
18.3,7.8
22.8,8.3
10.6,2.2
7.2,-5.0
7.8,-2.8
9.4,7.2
8.9,-0.6
-0.6,-8.9
-2.2,-11.7
1.1,-4.4
2.8,-6.7
-2.2,-10.0
5.0,-9.4
5.0,-11.1
11.7,-1.7
11.1,-1.7
8.9,-1.1
12.2,0.6
16.7,5.6
6.1,-5.0
-5.0,-10.0
-3.9,-12.8
-2.8,-7.8
-3.3,-9.4
-0.6,-14.4
-1.7,-14.4
0.0,-16.7
6.1,-7.8
1.1,-4.4
-3.9,-9.4
-3.9,-8.3
1.7,-5.6
4.4,-11.1
9.4,3.3
17.2,0.0
2.2,0.0
2.2,-3.9
-3.9,-13.9
-6.1,-15.6
0.0,-6.1
5.0,-6.7
8.3,-3.9
12.2,1.1
3.9,-10.6
-6.1,-15.6
0.6,-7.8
2.8,-7.8
-6.7,-15.0
-6.1,-20.6
2.8,-6.1
0.6,-18.9
-1.1,-23.7
-10.6,-22.8
-6.1,-13.3
0.0,-10.6
5.6,0.0
6.1,0.0
8.3,-3.3
11.1,-1.7
4.4,-4.4
-3.3,-8.3
4.4,-5.0
-5.0,-12.8
0.0,-11.1
5.0,-8.3
7.2,-2.2
-0.6,-17.2
-5.6,-16.7
-14.4,-18.9
-1.7,-20.6
2.2,-10.0
9.4,-8.9
-8.9,-17.8
-9.4,-20.0
-1.1,-15.0
3.3,-6.7
0.6,-5.6
3.3,-3.3
-3.3,-12.2
-3.3,-16.1
-4.4,-8.3
-4.4,-14.4
-14.4,-19.4
-11.7,-22.8
-5.0,-11.7
-4.4,-13.9
-13.3,-20.6
-12.2,-23.3
-5.6,-22.2
2.8,-18.9
-1.1,-13.3
-3.9,-20.0
-2.2,-12.8
2.8,-6.7
8.9,-3.9
7.2,1.7
16.1,2.2
8.3,0.6
9.4,-3.3
0.0,-5.0
-2.2,-6.7
-3.9,-11.7
-6.1,-15.6
-5.0,-12.8
5.0,-13.3
3.3,-7.2
-7.2,-14.4
-6.1,-16.7
1.7,-10.6
1.1,-6.1
5.6,-7.2
12.8,-6.7
5.6,0.0
8.9,-4.4
17.8,3.3
21.1,0.0
3.3,-2.2
9.4,-6.1
16.7,3.9
13.9,-1.7
0.6,-5.6
4.4,-8.3
11.7,-2.2
9.4,-0.6
15.0,-2.8
21.7,-1.7
8.3,-0.6
2.8,-5.6
3.3,-7.2
1.7,-5.6
7.2,-9.4
13.3,2.2
13.3,5.0
7.2,-1.7
15.0,-3.9
20.6,6.1
13.9,1.7
12.8,5.6
16.1,9.4
14.4,3.9
11.7,1.1
14.4,-1.1
10.0,3.9
17.2,6.1
17.2,4.4
24.4,10.6
22.2,7.2
26.1,7.2
21.7,15.6
17.2,0.6
6.7,-1.7
12.2,-1.1
17.2,4.4
20.6,4.4
23.3,1.1
25.6,5.0
21.7,13.9
18.9,6.1
17.2,-0.6
23.3,8.9
22.8,10.0
26.7,10.0
25.0,11.1
22.8,12.2
18.9,10.6
11.7,7.2
11.1,6.1
13.3,8.3
21.7,9.4
21.7,8.3
25.6,7.8
26.7,10.0
30.0,18.9
30.6,20.0
26.1,13.9
26.1,11.1
28.3,16.1
28.9,19.4
20.0,11.1
12.2,7.8
15.0,7.2
11.7,4.4
15.6,2.8
19.4,3.9
23.3,6.7
28.9,17.2
31.7,21.1
26.7,15.6
27.2,11.1
26.7,10.0
26.1,16.7
30.6,17.8
30.0,19.4
29.4,18.3
28.9,17.2
30.0,16.7
31.1,16.7
32.2,18.3
26.7,21.7
31.7,21.7
26.1,16.1
25.0,14.4
27.8,13.3
27.2,15.0
25.0,15.6
25.6,11.7
21.1,17.2
20.6,16.1
27.2,15.0
23.9,12.2
25.0,10.0
29.4,14.4
30.0,20.6
32.2,23.9
32.8,22.2
32.8,22.2
31.1,19.4
30.6,17.2
30.6,17.2
31.1,20.0
28.9,20.6
30.0,20.6
30.6,17.8
30.0,19.4
30.0,21.7
28.9,22.8
31.7,20.0
28.9,20.0
22.8,15.6
25.6,15.6
26.1,15.0
26.1,11.7
28.9,19.4
31.7,22.8
28.3,18.9
27.2,16.7
27.2,13.3
28.9,13.3
30.6,22.2
29.4,21.1
29.4,17.2
21.7,13.3
23.9,13.3
25.6,12.2
26.1,13.9
26.7,11.7
27.2,13.3
28.9,15.0
30.0,18.3
30.4,19.6
25.6,11.6
22.8,12.2
30.0,20.6
30.6,19.4
23.3,14.4
26.1,14.4
27.8,15.6
28.3,15.0
27.8,13.9
28.3,13.3
28.9,13.9
28.9,14.4
28.9,19.4
25.6,18.9
22.2,18.3
22.2,18.3
23.9,18.9
27.8,19.4
28.9,20.0
25.0,15.6
26.7,13.9
27.8,15.0
23.3,12.8
24.4,18.9
26.7,18.9
28.3,18.3
28.9,20.0
27.8,19.4
31.7,22.8
31.1,23.9
32.2,23.3
33.3,21.1
34.4,21.1
33.3,20.6
30.6,20.0
30.0,19.4
31.7,21.7
28.9,22.2
30.0,22.8
28.3,21.1
27.2,20.0
28.9,15.6
32.2,21.1
33.9,17.8
23.3,12.2
25.6,10.6
26.7,10.0
22.8,16.1
26.1,18.3
18.3,11.7
15.6,8.3
17.2,5.6
21.7,4.4
16.1,8.3
20.0,8.3
20.0,7.2
23.9,8.9
25.0,7.8
29.4,14.4
22.8,12.8
21.7,8.3
24.4,6.1
25.6,7.8
27.8,11.1
28.9,11.7
29.4,12.2
29.4,11.1
29.4,11.7
23.9,11.1
28.3,10.0
23.3,18.3
18.3,6.7
11.1,3.9
18.9,3.3
20.0,7.8
22.8,10.6
21.1,8.3
14.4,10.0
13.3,7.8
15.6,2.8
16.1,2.2
21.7,16.1
17.8,13.3
13.3,11.1
17.8,11.1
17.8,11.1
12.2,8.9
15.6,3.3
20.6,8.3
16.1,3.3
16.1,1.1
16.1,0.0
18.3,8.3
25.6,13.3
22.2,5.6
25.6,15.6
21.7,8.3
12.2,2.2
12.2,0.0
8.3,0.0
9.4,-1.7
12.2,-6.1
19.4,6.1
13.9,5.6
15.6,3.9
10.0,1.1
9.4,-2.2
9.4,2.2
13.3,-1.1
18.9,5.6
14.4,0.0
0.0,-4.4
-0.6,-5.6
0.0,-7.2
1.7,-9.4
1.1,-4.4
-4.4,-10.0
-5.6,-11.1
3.3,-7.8
0.6,-7.2
3.3,-11.7
14.4,2.2
12.2,9.4
11.7,1.1
1.1,-5.6
-0.6,-6.7
-1.7,-11.1
3.9,-8.3
13.3,2.8
18.9,-1.1
0.0,-5.6
0.6,-5.0
5.6,-1.7
2.2,-3.9
5.6,0.6
3.9,-2.2
1.7,-3.9
5.6,1.1
2.8,0.0
2.2,0.0
0.6,-5.6
3.9,-5.6
10.6,1.1
8.9,7.2
9.4,7.2
8.3,-3.3
-2.8,-5.0
-1.7,-5.0
1.7,-7.8
2.2,-1.7
4.4,0.6
9.4,1.1
10.0,3.9
6.7,2.2
8.3,2.2
12.2,2.8
9.4,0.0
1.1,-5.6
3.3,-7.2
-1.1,-10.6
-5.0,-12.8
0.6,-7.8
3.9,-4.4
4.4,1.1
1.7,-12.2
-8.3,-15.6
-7.2,-11.1
-8.9,-19.4
-2.8,-21.1
-7.8,-16.7
-3.3,-17.2
1.7,-3.3
0.6,-12.2
-5.6,-14.4
-5.6,-15.6
4.4,-11.1
6.1,-3.9
9.4,1.1
8.3,-3.9
8.9,-5.0
8.3,-1.1
3.9,-0.6
2.2,0.0
1.7,-3.9
8.3,-3.3
5.0,-1.7
0.0,-5.6
1.1,-5.0
5.0,-5.6
7.8,0.6
2.2,-4.4
3.3,-5.0
2.8,-8.3
-6.1,-11.7
3.3,-8.3
2.2,-11.1
-6.7,-17.2
3.9,-8.9
12.8,1.1
15.0,0.6
0.6,-2.8
3.3,-2.8
3.3,-5.6
-5.6,-11.7
-0.6,-12.2
0.0,-15.0
-7.2,-15.0
-5.6,-13.3
-0.6,-13.3
-7.2,-15.6
-9.4,-18.3
-6.7,-17.2
0.0,-6.7
-0.6,-13.9
-9.4,-20.0
0.0,-21.1
-1.1,-12.2
-3.3,-12.8
-9.4,-18.9
-3.9,-17.8
-1.7,-6.1
-2.2,-7.8
4.4,-3.9
1.1,-8.9
-8.3,-21.7
-0.6,-22.8
10.0,-2.2
8.9,-4.4
8.3,-2.8
12.8,2.2
19.4,0.0
15.6,0.0
9.4,5.0
17.2,6.7
18.9,-0.6
24.4,10.0
16.1,-1.7
8.3,-2.8
11.1,3.3
8.3,2.2
17.8,2.2
13.3,0.0
3.3,-0.6
8.9,-1.1
11.1,5.6
10.0,0.6
4.4,-5.0
5.0,-7.2
11.7,-2.2
19.4,5.0
20.6,5.6
23.3,3.9
23.9,11.1
15.0,3.3
15.6,-0.6
18.9,3.9
17.2,11.1
20.0,13.3
24.4,13.9
26.1,11.1
20.0,6.1
17.8,1.1
20.0,3.9
21.1,9.4
20.6,6.7
22.8,5.0
22.2,10.6
25.6,7.8
26.1,10.6
15.6,12.8
15.0,6.1
17.8,4.4
12.8,2.8
15.6,1.7
16.7,-0.6
12.8,7.2
15.6,3.9
17.2,2.8
20.0,2.2
22.2,2.8
15.6,3.3
21.1,1.1
24.4,7.2
28.3,15.6
27.2,16.7
30.0,17.8
30.0,13.9
30.0,16.1
28.9,18.3
24.4,17.2
27.2,17.8
22.8,12.8
18.3,9.4
20.6,4.4
21.1,10.0
28.3,16.1
26.7,18.3
27.8,19.4
27.8,11.7
17.2,7.2
10.6,7.2
18.9,6.7
25.6,10.6
26.1,13.3
29.4,17.8
27.8,19.4
26.1,19.4
26.7,15.6
29.4,12.2
28.9,17.8
25.0,10.0
14.4,9.4
20.0,11.7
23.3,10.0
24.4,11.7
27.8,15.6
31.1,15.0
27.2,12.8
32.2,16.7
28.3,19.4
31.1,17.2
32.8,20.0
31.7,20.6
31.1,20.6
30.6,21.7
28.3,22.2
31.1,22.2
27.2,19.4
25.6,18.9
28.9,20.6
23.3,19.4
28.3,18.9
28.3,20.6
31.1,22.2
27.8,17.2
25.0,17.8
27.8,20.0
22.2,18.3
25.6,15.0
25.6,13.9
26.7,18.9
28.9,18.3
26.1,17.2
24.4,15.0
26.1,16.1
27.2,13.9
28.3,13.9
30.0,16.7
25.0,15.6
22.2,13.3
20.6,16.1
26.7,16.1
27.2,16.1
31.1,20.0
33.3,23.9
31.7,18.9
27.8,16.1
28.9,18.3
32.8,24.4
32.2,23.9
28.3,21.7
28.9,19.4
28.3,17.8
27.8,13.9
28.9,15.6
30.0,15.6
31.7,20.6
29.4,21.7
31.7,20.0
33.3,21.1
31.1,22.2
31.7,20.0
32.8,21.7
30.6,17.8
33.3,18.9
31.1,18.3
27.8,16.7
28.9,17.2
28.9,17.8
27.8,12.8
30.6,18.3
28.9,22.2
30.6,21.7
29.4,18.3
29.4,15.6
28.9,14.4
31.1,18.3
32.2,19.4
31.7,19.4
31.1,20.6
31.1,21.1
25.6,15.6
26.1,13.9
27.8,12.2
25.6,12.2
26.1,17.2
25.6,14.4
25.0,13.3
24.4,10.6
26.1,10.0
27.2,13.3
27.8,18.3
30.6,20.0
31.1,19.4
32.8,21.7
34.4,21.1
34.4,21.1
35.0,20.6
33.9,18.9
35.6,19.4
35.0,21.1
33.3,20.6
28.3,16.7
31.1,13.9
22.8,12.8
20.0,8.9
23.3,7.2
27.2,11.7
28.3,15.0
29.4,12.2
30.6,17.8
27.8,21.1
25.0,11.1
25.0,7.8
26.7,6.7
28.9,8.3
29.4,10.0
30.0,10.6
30.0,11.7
27.2,10.6
26.1,13.9
27.2,15.0
23.3,15.0
22.2,10.6
20.6,7.2
21.1,7.8
15.6,8.9
21.7,9.4
25.6,11.1
24.4,12.8
27.2,8.3
26.1,10.6
20.0,8.9
20.6,3.9
26.1,8.9
26.1,16.7
21.7,11.1
21.1,6.1
24.4,5.0
15.6,5.6
12.8,0.0
16.7,-1.1
22.2,7.2
25.6,12.2
28.3,13.3
27.8,13.3
23.3,11.1
21.7,10.6
18.9,3.3
20.0,1.7
13.9,9.4
14.4,2.8
9.4,2.8
13.3,3.9
13.9,8.3
20.6,7.2
22.2,3.9
17.2,8.3
22.8,7.2
21.7,15.0
18.9,5.6
13.9,1.7
12.8,-2.2
14.4,-1.7
14.4,-2.8
18.3,5.0
15.0,7.8
11.7,-1.1
18.3,-2.2
19.4,3.3
11.7,8.3
18.3,10.6
17.2,6.7
10.0,1.7
9.4,-2.2
6.7,-6.1
1.7,-8.3
10.6,-1.1
12.2,-2.2
13.3,5.0
19.4,11.7
16.1,3.9
5.6,2.8
5.0,1.7
8.3,2.2
8.3,2.2
2.8,-0.6
1.1,-2.2
6.1,-2.2
5.6,-2.8
10.0,-2.2
6.1,2.2
12.8,3.3
13.3,5.6
15.6,5.6
15.0,0.6
20.6,14.4
18.9,15.6
18.3,5.6
6.7,3.9
15.0,2.2
2.2,-0.6
2.2,-2.8
2.2,-6.1
11.1,1.1
16.1,6.1
10.0,2.8
16.7,5.6
8.9,0.0
9.4,2.2
12.8,2.8
8.9,2.8
9.4,1.1
3.3,-0.6
0.0,-1.1
-0.6,-3.3
1.1,-4.4
3.3,-2.2
1.7,-3.9
2.2,-5.6
2.8,-7.8
6.1,-3.3
8.9,1.7
9.4,4.4
7.2,-8.3
-9.4,-15.0
1.1,-12.2
0.6,-12.8
1.7,-13.9
12.8,-1.7
7.8,-2.2
-2.2,-5.0
-5.0,-16.1
-11.7,-17.8
-6.7,-15.0
-5.6,-17.8
-5.6,-15.6
-1.7,-8.3
-0.6,-11.1
3.3,-8.9
7.8,-1.1
1.7,-1.7
2.2,-3.9
8.3,0.6
5.6,-2.8
12.8,1.1
17.2,3.9
11.1,0.0
15.6,0.6
9.4,-1.7
1.1,-6.7
1.7,-4.4
10.0,-5.0
10.0,1.1
2.8,-7.2
-6.7,-10.0
-6.1,-12.2
-2.8,-12.8
-2.2,-10.6
-6.1,-14.4
-5.0,-9.4
-0.6,-5.0
5.6,-2.2
3.3,-1.1
8.3,-2.8
19.4,7.2
21.7,5.0
12.8,1.7
9.4,-1.1
10.6,-2.2
3.3,0.0
3.9,0.6
1.1,-3.3
12.8,-3.3
20.0,3.9
15.0,-0.6
10.0,-2.8
3.3,-7.8
5.0,0.6
6.7,-0.6
7.2,0.0
14.4,-2.2
20.0,8.3
22.2,12.8
19.4,13.9
13.9,4.4
14.4,2.8
15.6,6.7
17.8,12.2
15.6,6.7
24.4,6.7
17.2,7.8
17.2,3.9
11.1,2.2
9.4,2.2
8.3,0.6
12.8,0.0
19.4,6.1
19.4,12.8
17.8,1.1
8.9,-0.6
16.7,-0.6
18.9,2.8
13.9,2.8
15.6,-1.7
17.2,5.6
21.1,8.3
12.2,4.4
11.7,1.1
21.1,-2.8
16.1,-2.2
11.1,-5.6
12.2,8.3
10.0,3.3
8.3,0.6
6.1,-2.8
11.7,3.9
11.7,5.0
12.2,0.6
16.7,-1.1
20.6,1.1
24.4,5.6
25.6,7.8
26.7,7.2
27.8,8.9
25.0,11.1
21.7,8.9
21.7,11.1
21.7,7.2
19.4,3.9
26.1,7.2
27.8,16.1
25.0,10.0
18.3,10.0
21.7,10.6
16.1,9.4
18.3,10.0
20.6,11.1
13.9,10.0
18.9,6.7
16.1,7.2
19.4,5.0
26.7,6.1
28.3,12.2
19.4,10.0
22.2,12.8
23.9,15.6
26.1,11.7
21.7,12.8
22.2,8.9
12.8,5.6
15.6,5.6
17.2,6.7
13.9,8.3
21.1,5.0
22.8,6.7
20.6,11.1
25.0,12.2
29.4,8.3
28.3,10.0
28.3,15.6
28.3,16.7
27.8,18.3
26.1,18.9
28.3,20.6
29.4,18.3
29.4,16.1
28.9,18.3
27.2,18.3
28.3,16.7
28.9,14.4
26.1,16.7
26.1,17.2
30.6,17.8
24.4,15.0
26.1,11.7
30.0,14.4
33.3,20.6
33.3,22.2
32.2,18.9
33.3,16.1
32.2,22.8
34.4,22.2
31.1,19.4
30.6,16.7
31.1,14.4
32.8,18.3
33.9,22.8
30.6,20.6
33.3,19.4
32.8,21.1
30.0,17.8
34.4,18.3
35.0,22.8
33.9,21.7
27.8,13.3
26.1,11.1
26.7,12.2
27.2,15.0
20.6,12.2
20.0,13.9
25.6,18.9
30.6,18.3
30.0,20.0
30.0,19.4
32.2,21.1
28.3,17.2
29.4,15.0
31.7,20.0
30.0,22.8
33.3,20.6
31.7,20.0
28.9,18.9
27.8,16.1
31.1,18.3
30.6,22.2
31.7,20.0
31.1,21.1
34.4,23.9
30.6,22.2
32.8,21.7
34.4,22.8
30.6,21.7
29.4,19.4
30.6,18.3
30.0,20.6
29.4,20.6
28.9,20.0
28.9,18.9
30.0,19.4
28.9,20.0
31.7,20.0
32.2,19.4
29.4,22.8
29.4,19.4
29.4,16.1
30.0,17.2
31.7,18.3
32.2,18.9
33.9,22.2
32.8,23.3
26.7,21.1
25.6,18.3
25.0,20.6
29.4,22.2
30.0,21.7
31.1,21.7
28.9,20.0
27.8,20.0
25.6,15.6
26.7,13.3
27.2,14.4
31.7,21.7
31.1,20.0
30.6,20.6
31.7,21.7
32.8,20.0
31.7,20.0
29.4,20.0
30.0,16.1
26.7,15.6
26.1,13.9
27.2,12.2
28.9,12.2
32.8,20.0
33.9,22.8
33.3,23.9
27.2,20.6
27.8,19.4
25.6,15.0
25.6,10.6
27.2,10.6
30.6,16.1
28.9,18.9
30.0,18.3
25.6,19.4
26.7,18.9
29.4,16.7
30.6,13.9
32.8,18.9
33.3,16.1
32.8,14.4
32.8,17.2
32.8,16.7
32.2,18.3
23.3,12.8
25.6,12.8
17.8,12.8
21.7,13.3
21.1,15.0
23.3,15.6
22.2,14.4
23.3,10.0
26.7,12.2
28.3,17.8
30.0,16.7
22.2,10.6
21.1,6.7
24.4,6.7
25.6,7.2
26.7,10.6
21.7,10.0
16.1,4.4
21.1,3.3
25.6,15.6
25.0,17.8
29.4,20.0
27.8,14.4
20.0,9.4
16.7,8.9
13.9,4.4
17.2,2.2
24.4,8.9
18.3,5.6
17.2,3.9
20.0,9.4
12.8,5.6
21.1,3.9
27.2,17.2
20.0,7.8
20.6,5.6
26.7,17.2
26.1,16.7
19.4,11.1
17.8,5.0
16.7,4.4
18.9,3.9
20.0,2.8
14.4,6.7
13.3,2.2
16.1,1.7
14.4,1.7
11.7,-1.7
13.9,-1.7
17.8,3.3
15.0,5.6
18.9,5.6
25.0,10.0
20.6,5.0
5.0,-1.1
3.9,-4.4
6.7,-6.1
8.3,-0.6
10.0,5.0
6.1,3.9
6.1,4.4
9.4,1.1
7.2,0.6
11.7,6.1
14.4,6.1
7.8,1.1
5.0,2.2
5.6,2.2
5.0,1.7
4.4,0.2
3.9,-1.1
3.9,-0.6
1.1,-4.4
-4.4,-7.2
-4.4,-6.1
-1.1,-5.6
3.9,-1.1
1.7,-4.4
-1.1,-11.7
-3.9,-15.0
-8.9,-14.4
-1.7,-9.4
0.0,-9.4
-9.4,-18.3
-7.8,-18.9
1.1,-10.6
6.7,-8.3
6.1,-2.8
3.3,-2.2
5.0,1.7
12.8,1.7
16.1,1.1
5.0,-2.2
7.2,-4.4
5.6,0.6
3.9,-2.8
8.9,-5.6
5.0,-8.3
7.8,0.6
7.2,-6.7
-5.6,-10.6
-8.9,-13.9
-12.2,-17.2
-6.1,-18.3
-6.1,-17.2
2.8,-6.7
13.9,-1.1
16.7,-4.4
7.8,-5.0
-0.6,-6.7
-0.6,-1.7
1.1,-1.7
12.8,0.6
13.9,2.8
6.1,0.6
6.7,-0.6
12.2,5.6
17.2,7.8
10.0,3.9
5.6,3.3
5.0,1.7
9.4,1.7
1.7,-1.1
-0.6,-4.4
3.9,-3.9
0.0,-3.3
7.2,-7.8
7.2,3.3
6.1,-2.8
-1.1,-7.2
-0.6,-9.4
2.8,-11.7
8.3,-3.9
12.2,-3.9
17.2,0.0
0.6,-8.3
-5.6,-10.6
11.1,-7.8
18.9,6.1
11.1,1.1
7.8,-5.0
12.2,1.7
6.7,-1.1
14.4,-5.0
21.1,5.6
20.0,6.7
20.0,7.2
22.8,8.9
16.7,10.6
20.6,5.6
16.7,5.6
18.3,1.1
1.7,-4.4
8.9,-7.2
15.0,-0.6
18.9,9.4
17.8,1.1
5.0,-1.7
3.3,-5.6
15.6,0.0
16.7,1.1
18.3,10.0
18.3,5.0
15.6,0.6
15.6,-1.1
4.4,-1.7
1.7,-3.3
3.3,-7.8
1.1,-2.8
-2.2,-7.8
-0.6,-8.9
8.3,-8.3
16.7,3.9
8.9,-1.7
12.8,-3.9
22.2,7.2
15.0,1.1
7.2,-2.8
9.4,-1.1
23.9,8.9
20.0,13.9
14.4,7.8
15.6,5.0
13.9,6.7
12.2,6.7
19.4,10.6
10.6,4.4
13.9,2.2
17.8,5.0
18.9,10.6
14.4,10.0
13.9,5.0
11.7,5.0
13.9,0.6
21.1,2.8
23.9,13.3
22.2,13.9
13.9,5.0
20.0,1.7
26.7,5.6
27.8,10.6
27.2,17.8
21.7,12.8
21.1,8.9
24.4,5.6
27.8,16.1
27.2,11.1
13.9,8.3
16.7,3.9
22.2,1.7
25.6,4.4
25.6,6.1
24.4,15.0
15.0,7.2
13.3,7.8
16.1,8.9
20.6,10.0
15.6,7.8
16.1,6.1
9.4,3.3
9.4,6.7
17.8,5.0
17.8,6.1
20.0,3.3
21.1,5.6
29.4,11.1
28.3,12.8
18.3,11.1
22.2,8.9
26.1,8.3
27.2,16.1
28.9,15.0
28.9,16.1
27.2,20.6
30.6,18.3
18.9,10.6
24.4,11.1
19.4,10.0
22.2,8.3
20.6,13.9
18.9,11.1
22.8,12.8
28.3,12.8
25.6,16.1
26.1,16.1
27.8,15.0
25.6,13.3
25.0,13.3
26.7,10.0
30.0,11.1
32.8,15.6
31.1,19.4
32.8,16.7
26.1,11.7
25.6,11.1
27.8,10.9
30.0,15.6
30.6,17.8
32.2,18.9
33.9,20.6
33.9,23.9
32.8,20.0
31.7,19.4
31.1,20.0
30.6,22.2
26.7,18.9
28.3,16.1
30.6,14.4
31.1,17.8
28.9,20.6
27.8,18.3
24.4,13.9
24.4,13.3
22.8,11.1
24.4,10.0
28.9,15.0
30.6,21.1
29.4,20.6
29.4,19.4
31.1,16.1
31.7,16.7
31.7,17.8
30.0,20.6
32.2,21.1
33.9,22.2
30.0,17.8
32.2,16.7
32.8,21.7
31.1,21.1
33.3,21.7
30.6,23.9
28.3,16.7
27.2,14.4
31.7,16.7
29.4,16.1
31.1,15.6
33.3,22.2
34.4,23.3
35.0,24.4
33.3,21.1
32.8,22.8
28.3,17.8
28.9,16.1
31.7,17.2
28.3,20.6
28.9,17.2
26.1,15.0
28.3,13.3
28.9,15.0
28.9,18.3
28.9,16.1
30.0,18.9
22.8,13.3
25.0,12.8
23.3,16.7
25.0,16.1
26.7,12.2
27.2,12.2
29.4,15.0
28.3,16.7
26.7,14.4
26.1,11.1
28.3,15.6
30.6,19.4
27.2,18.3
28.9,21.1
29.4,17.8
30.0,17.2
32.2,17.2
30.6,22.8
27.8,17.8
25.6,14.4
26.7,11.7
24.4,11.1
27.2,11.7
27.2,12.2
27.2,16.7
27.2,15.0
27.2,13.9
25.6,13.9
22.8,10.6
23.9,8.3
28.3,14.4
31.7,15.0
22.2,13.3
19.4,10.0
22.8,7.8
26.7,8.3
26.7,10.0
24.4,6.7
24.4,6.7
26.7,12.2
21.1,13.9
28.3,13.9
31.1,13.9
31.1,13.9
28.9,18.9
30.0,16.7
28.9,18.9
33.3,18.3
34.4,20.6
33.9,19.4
34.4,17.8
33.9,15.0
33.3,15.6
32.8,17.8
24.4,13.3
23.9,10.6
26.7,7.2
22.8,6.1
24.4,4.4
28.9,16.7
25.6,19.4
23.3,19.4
22.2,16.1
23.3,18.9
28.3,15.6
26.7,8.3
27.8,13.3
24.4,12.8
13.9,11.7
16.7,13.3
25.0,10.0
29.4,16.1
24.4,7.8
18.3,3.9
20.0,6.1
21.7,6.7
25.0,10.6
25.6,10.6
25.0,13.9
21.1,10.6
13.3,8.9
9.4,5.6
13.9,1.7
19.4,0.0
10.6,2.8
3.9,1.7
10.0,-2.8
10.0,2.2
5.6,-0.6
11.7,2.2
19.4,9.4
12.8,5.0
17.8,6.1
21.7,9.4
9.4,4.4
10.0,3.9
10.0,-0.6
11.7,-2.8
2.8,-6.7
7.2,-5.0
6.1,2.8
8.3,0.6
11.1,-2.2
14.4,0.0
5.6,-1.7
12.2,-1.1
18.3,1.1
2.8,-3.3
12.8,-2.2
11.7,-2.8
2.8,-5.6
10.6,-2.2
17.2,-1.1
13.9,3.3
13.3,-3.3
17.8,2.8
19.4,8.9
10.6,0.0
11.7,-0.6
11.1,-3.3
14.4,-0.6
15.6,-2.8
18.3,10.0
10.0,-2.8
6.1,-3.3
-0.6,-7.2
1.7,-10.0
1.1,-5.0
6.1,-7.2
10.6,-6.1
1.7,-6.7
8.3,-7.2
0.0,-6.1
3.3,-5.6
12.2,-0.6
10.0,4.4
9.4,3.9
10.6,1.7
8.3,-3.3
10.6,-5.6
9.4,2.8
2.8,-3.9
-3.9,-7.2
-5.6,-10.6
-10.6,-16.7
-13.3,-18.9
-7.8,-16.1
-6.7,-12.2
-6.7,-17.2
-16.1,-20.0
-17.8,-25.0
-11.7,-23.9
-6.1,-17.2
-13.3,-20.0
-11.1,-17.8
-11.7,-22.8
3.3,-12.2
1.1,-1.7
1.7,-2.2
13.3,1.7
16.1,-9.4
-5.6,-10.6
-6.7,-13.3
-5.0,-15.6
-3.3,-17.8
-12.8,-19.4
-7.2,-17.8
1.7,-9.4
6.7,-3.9
7.2,0.0
14.4,4.4
14.4,3.3
3.9,-1.7
1.7,-4.4
11.7,-2.8
12.8,1.7
11.7,-2.2
11.1,-1.1
-0.6,-6.7
0.6,-11.1
11.1,-0.6
2.8,-11.1
-5.0,-14.4
4.4,-5.6
3.3,-13.9
-5.6,-18.9
-6.1,-15.6
-3.3,-10.0
3.3,-11.1
10.0,-2.2
-1.7,-6.7
-3.9,-9.4
0.0,-12.8
5.0,-10.0
11.1,0.6
18.3,5.6
5.6,-6.1
2.8,-6.7
8.9,-7.2
17.8,7.2
18.9,0.6
0.6,-1.7
6.7,0.0
7.8,2.8
12.8,2.8
8.3,-1.7
13.3,-3.9
17.8,2.8
12.8,6.7
10.6,2.2
10.0,-1.7
11.1,-3.9
12.2,-1.7
6.1,-0.6
7.8,-2.8
3.3,-2.8
3.3,-5.6
5.6,-6.7
9.4,-3.9
6.1,-3.3
8.9,-2.8
6.7,-5.6
10.0,-7.2
15.0,0.0
8.3,-3.3
3.3,-0.6
12.8,-5.0
15.6,0.6
6.1,-1.1
8.3,-3.3
12.2,-5.6
10.6,1.1
2.8,-0.6
6.7,-2.8
11.1,-1.1
13.3,4.4
11.1,3.9
10.0,3.9
10.6,1.1
13.3,0.6
1.7,-6.1
5.6,-11.1
18.9,1.7
2.8,-4.4
10.6,-5.0
7.2,-3.3
4.4,-6.1
5.0,-5.0
4.4,-1.1
7.2,-1.7
20.6,1.7
25.0,12.2
22.8,16.1
20.0,10.0
10.0,-0.6
2.2,-2.2
11.1,-1.1
13.9,1.1
13.9,0.6
17.2,-3.3
18.3,2.2
21.1,6.1
18.3,8.3
19.4,8.3
18.9,5.0
20.6,0.0
21.1,7.8
15.6,2.2
17.8,-3.9
25.0,0.0
27.8,11.7
30.0,18.3
23.3,17.8
22.8,12.2
27.2,10.6
27.8,11.7
24.4,7.8
26.7,7.8
27.8,16.7
28.9,13.9
30.0,13.3
27.8,16.7
31.7,15.0
32.8,17.8
26.1,14.4
28.9,11.7
29.4,13.9
26.1,17.2
27.8,18.3
27.8,13.9
25.0,16.1
28.3,15.6
30.0,12.2
31.1,13.9
31.7,16.1
32.2,20.6
33.9,21.1
36.1,17.2
30.0,20.0
30.0,21.7
31.1,20.0
33.3,18.3
30.6,14.4
28.3,18.3
27.2,13.3
30.6,14.4
31.1,10.0
33.9,18.9
33.3,21.1
27.8,21.1
31.1,18.3
26.7,19.4
29.4,19.4
28.9,15.0
27.8,13.9
32.2,19.4
33.3,21.1
33.3,22.8
33.3,24.4
32.8,22.2
30.0,20.6
27.8,19.4
25.0,18.3
23.9,17.8
28.3,15.6
27.2,17.2
27.8,20.6
29.4,18.9
30.0,18.9
32.8,19.4
33.3,23.3
32.8,22.2
31.1,20.6
32.2,20.0
32.8,22.2
34.4,22.8
27.2,15.0
26.1,12.8
28.9,11.7
32.2,17.8
33.9,20.0
30.6,16.7
30.0,17.2
31.7,16.7
27.2,19.4
30.0,20.0
32.8,22.8
30.0,18.9
27.8,15.0
28.9,14.4
28.3,21.1
26.7,20.0
25.6,19.4
28.9,17.2
31.1,16.7
30.0,20.0
28.3,18.3
26.7,16.7
27.8,12.2
19.4,13.9
24.4,16.1
23.9,16.1
28.3,15.0
30.0,17.8
32.2,18.9
31.1,21.1
32.2,21.1
32.8,22.8
26.1,20.6
29.4,19.4
30.6,17.8
31.7,21.1
30.0,18.3
31.1,17.2
30.6,16.7
30.0,14.4
26.1,21.1
30.6,21.7
28.3,20.6
28.9,18.3
29.4,17.2
28.9,20.6
24.4,19.4
25.6,15.0
26.1,11.7
19.4,14.4
31.7,18.3
32.8,23.9
32.2,22.8
33.3,24.4
25.6,18.9
27.8,16.7
30.0,15.0
30.6,21.7
32.2,21.7
33.3,20.6
33.9,20.6
33.9,21.7
27.2,20.6
22.8,18.3
18.9,15.6
23.9,14.4
27.2,12.8
27.8,11.1
28.3,11.7
30.0,12.2
32.8,15.6
32.2,16.7
33.9,17.2
33.9,17.2
33.9,18.3
32.8,18.9
34.4,22.2
27.2,15.6
21.7,8.9
27.2,7.2
24.4,13.3
28.9,18.3
21.1,11.1
21.1,8.9
25.0,8.9
16.7,7.8
28.3,9.4
28.3,13.9
29.4,17.8
31.7,17.8
25.6,11.7
29.4,11.1
30.6,16.1
29.4,15.6
30.0,17.2
29.4,21.1
23.9,11.1
12.2,5.0
5.6,1.1
11.1,1.1
14.4,4.4
9.4,2.8
13.9,-1.7
13.9,1.7
15.0,-1.7
13.9,3.9
15.6,-0.6
11.7,-5.0
20.6,4.4
15.0,0.6
13.9,-3.3
15.0,2.8
10.0,6.7
14.4,5.0
17.2,5.0
17.2,1.7
24.4,10.0
19.4,9.4
10.0,5.6
9.4,1.1
11.7,0.6
12.2,6.1
11.7,5.6
13.3,4.4
7.8,-0.6
5.0,-0.6
2.2,-6.1
0.6,-7.8
6.7,-3.9
2.8,-2.8
-2.8,-6.7
0.0,-10.0
0.0,-4.4
2.8,-4.4
3.3,-3.3
3.3,1.1
3.3,0.0
2.2,-2.8
8.9,-2.8
12.8,-3.9
10.0,1.7
13.3,3.9
12.2,3.3
3.9,-5.6
-5.6,-8.9
-1.1,-10.0
5.0,-3.9
10.0,-3.9
15.6,3.9
11.1,2.8
2.8,0.0
0.0,-2.2
2.2,-4.4
2.8,-7.8
-1.7,-11.7
-2.8,-10.6
0.6,-10.6
0.6,-12.8
6.7,-6.1
7.2,-3.9
7.8,-2.8
7.8,2.8
7.8,0.6
12.2,-2.2
6.1,-2.8
6.7,-3.9
10.0,0.6
9.4,2.8
2.8,-1.1
6.7,-3.3
4.4,-2.2
5.6,-5.6
8.3,-0.6
7.8,-2.2
11.7,4.4
10.6,-2.2
-1.1,-5.0
3.9,-7.8
8.3,2.8
