20000101
0.0
0.0
0.0
14.9
0.0
0.0
0.0
0.0
1.0
0.0
0.0
0.0
0.0
0.0
0.0
0.0
0.0
0.0
0.0
5.0
0.0
0.0
2.1
0.0
0.0
0.0
0.0
0.0
0.0
4.9
0.4
0.0
0.0
0.2
0.3
0.0
0.0
0.0
0.0
0.0
2.3
0.0
0.0
0.0
0.7
0.0
0.0
0.0
31.7
0.1
0.0
0.0
0.0
0.0
0.5
0.0
0.8
9.2
0.0
0.0
1.3
0.0
0.0
0.0
0.0
0.0
0.0
0.0
0.0
0.0
3.0
7.0
0.0
0.4
0.5
0.0
0.0
0.0
1.6
18.5
0.0
0.0
0.0
0.0
0.0
0.0
1.0
0.0
0.0
0.0
0.0
0.0
0.4
0.0
0.0
0.0
0.0
1.9
4.1
0.0
0.0
4.9
0.0
0.0
0.0
0.0
0.0
15.3
0.6
0.0
2.6
10.0
0.0
0.0
14.1
0.0
0.0
0.0
0.0
0.3
0.0
0.0
2.8
0.0
0.3
0.0
0.0
1.7
0.0
6.8
4.3
0.0
0.0
10.2
0.0
0.0
0.0
0.0
1.4
3.9
0.0
0.0
6.1
1.3
0.0
0.0
0.0
28.9
7.8
4.7
0.0
0.0
0.0
0.0
0.0
0.0
11.9
0.0
0.0
0.0
0.0
0.0
0.6
2.9
7.7
0.1
17.1
0.0
2.0
0.0
0.0
0.0
44.0
0.0
0.0
31.1
4.8
5.8
0.1
0.0
0.0
0.0
0.0
0.0
2.1
0.0
50.5
0.5
0.0
0.0
0.0
0.0
16.9
0.0
4.5
0.0
0.0
0.0
0.0
0.0
2.5
0.0
2.5
0.0
0.0
0.0
0.0
0.0
0.0
0.5
0.1
15.4
1.3
0.4
0.0
13.3
0.0
0.0
31.1
0.7
1.9
3.1
0.0
0.0
0.0
0.0
0.0
0.0
0.0
0.0
20.5
0.0
0.0
0.0
1.5
18.2
1.8
0.0
0.0
9.3
0.0
0.0
0.0
0.0
0.0
0.0
0.0
0.0
0.0
0.0
0.0
0.0
0.0
2.2
24.5
1.8
0.0
0.0
0.9
0.0
0.0
0.0
0.0
0.0
12.7
1.2
0.6
12.6
31.9
3.2
0.0
0.0
0.0
0.0
0.0
0.0
0.0
13.1
28.1
3.2
0.0
0.0
0.0
0.0
0.0
0.0
0.0
0.8
12.6
0.0
2.1
0.0
0.0
0.0
0.0
0.0
0.0
0.0
0.0
0.0
0.0
0.0
0.0
0.0
0.0
0.0
0.0
0.0
0.0
0.0
16.0
0.0
0.5
27.7
0.0
0.0
7.9
2.0
0.0
0.0
0.0
0.0
0.0
0.0
0.0
0.0
0.0
0.0
0.0
13.0
0.3
0.0
0.0
0.5
0.0
0.5
0.0
0.0
0.0
0.0
0.0
0.0
0.0
0.0
0.0
17.5
0.0
5.3
0.0
0.0
0.3
0.0
0.0
0.0
0.0
0.0
0.0
0.0
0.0
0.0
0.0
0.0
0.0
2.3
0.0
0.0
0.0
0.0
0.0
0.0
0.0
0.0
0.0
0.0
0.0
0.0
0.8
2.0
0.3
0.3
0.0
0.0
0.0
0.0
0.0
0.0
0.0
0.0
0.0
0.0
0.0
0.0
0.0
0.0
2.5
2.3
0.0
0.0
0.0
0.0
0.8
0.0
0.0
0.0
2.5
13.5
0.0
0.0
0.0
5.1
3.8
0.3
0.0
0.0
0.0
0.0
0.0
0.0
0.0
0.8
72.9
0.0
0.0
0.0
0.0
0.0
0.0
0.0
0.0
0.0
0.0
0.0
0.0
0.0
0.0
0.0
1.8
0.3
0.3
6.3
15.5
0.0
0.0
0.0
0.0
0.0
0.0
0.0
0.0
0.0
0.0
0.0
0.0
0.0
0.0
1.3
0.0
1.0
0.0
0.0
20.6
0.0
0.0
0.0
6.1
47.5
0.0
0.0
0.0
0.0
1.8
0.0
0.0
0.0
4.3
0.0
0.8
0.0
2.0
0.0
1.5
0.0
0.0
0.0
0.0
1.0
0.0
0.0
0.0
0.0
0.0
6.1
0.8
0.0
0.0
0.0
0.0
0.0
0.0
0.0
0.0
0.0
6.9
14.2
0.0
0.0
6.3
0.5
4.3
1.0
0.8
8.4
0.0
0.3
0.0
1.8
7.4
7.6
3.0
0.0
21.3
9.1
47.0
0.3
0.3
0.0
0.0
0.0
0.0
0.0
0.0
0.0
0.0
0.0
0.0
0.0
0.0
28.7
0.0
0.0
0.3
0.0
0.0
0.0
0.0
0.0
0.0
0.0
0.0
19.8
5.1
0.0
0.3
0.0
0.0
0.0
0.0
0.0
0.0
0.0
0.0
0.0
0.0
0.0
11.2
1.5
0.0
0.0
0.5
0.5
0.3
1.5
0.0
0.0
24.6
2.8
0.0
0.3
0.0
18.5
0.5
0.0
0.0
0.0
0.0
0.0
0.0
0.0
0.0
0.0
0.0
0.0
0.5
2.5
0.3
27.9
0.0
0.0
0.0
18.0
16.5
8.1
0.0
0.0
0.0
0.0
0.0
70.1
0.3
0.0
0.0
0.0
0.0
0.0
8.9
7.9
0.0
18.5
0.3
0.0
0.0
0.0
0.0
0.0
0.0
0.0
9.9
0.0
5.3
0.0
0.3
1.0
0.0
0.0
0.0
0.0
0.0
0.0
0.0
0.0
0.0
0.0
0.0
25.7
0.0
0.0
0.0
0.0
16.3
24.9
1.8
21.1
2.3
19.3
0.3
0.0
0.0
0.0
0.0
0.0
0.0
8.4
24.1
0.0
0.0
0.0
0.0
0.0
0.0
0.0
0.0
3.6
0.0
0.0
0.0
0.0
0.0
0.8
0.0
0.0
0.0
0.0
0.0
0.0
0.0
0.0
0.0
1.0
0.5
0.0
0.0
0.0
0.5
13.0
0.0
0.3
0.0
9.9
16.5
10.9
0.0
0.0
0.0
0.0
3.6
0.3
0.0
0.0
0.0
0.0
0.0
13.7
0.0
10.9
0.3
15.0
8.6
0.0
0.3
0.0
0.0
5.1
0.0
0.0
0.0
0.0
0.0
0.0
0.0
0.0
0.0
0.0
0.0
0.0
0.0
0.0
0.0
0.0
0.0
0.0
0.0
0.0
0.0
0.0
0.0
0.0
0.0
0.5
0.0
0.5
0.0
0.0
0.0
1.8
0.0
0.0
0.0
0.0
0.0
9.9
25.4
24.6
0.0
0.0
0.0
0.0
0.0
0.0
0.0
0.0
0.0
4.1
0.0
0.0
0.0
0.0
0.0
0.0
0.0
0.0
38.9
7.6
0.0
0.0
0.0
0.0
6.3
0.5
0.0
0.0
0.0
15.0
0.0
0.0
0.0
0.0
0.0
0.0
18.0
0.0
0.3
0.0
0.0
0.0
8.4
0.0
1.0
0.0
3.3
1.3
0.0
0.0
0.0
3.3
14.0
6.6
0.0
0.3
0.5
0.0
0.0
0.0
1.0
0.0
0.0
0.0
0.0
2.3
17.3
0.5
0.0
0.0
1.8
0.0
0.0
0.0
0.0
0.0
0.0
21.6
3.6
37.1
0.0
0.0
22.9
0.0
0.0
38.9
0.0
0.0
0.0
2.8
0.0
0.0
0.0
0.0
28.7
23.1
6.6
22.4
0.0
20.1
94.2
4.3
0.3
0.8
15.2
6.6
0.0
0.0
0.0
0.0
0.0
0.5
2.5
0.8
0.0
7.4
0.5
0.0
0.0
0.0
0.0
0.0
0.0
4.8
20.6
0.0
0.3
0.0
0.3
0.5
30.0
1.5
9.9
1.0
0.3
0.0
0.0
0.0
0.0
0.0
0.0
0.0
0.0
0.0
1.5
0.0
0.0
0.0
0.0
0.0
0.0
0.0
0.0
0.0
0.0
0.0
0.0
0.0
0.0
0.0
0.0
0.0
0.0
0.0
0.0
2.8
0.0
0.0
0.0
0.0
0.0
15.2
0.5
0.0
0.0
8.6
14.7
0.0
0.5
0.0
0.3
0.0
0.0
0.0
0.0
0.0
0.0
0.0
0.0
0.0
0.0
0.0
0.0
1.5
3.0
0.0
21.1
0.0
7.4
21.3
0.0
0.3
0.0
5.3
0.0
1.0
0.0
0.3
0.3
0.3
0.0
0.3
0.0
0.0
0.0
0.0
0.0
0.3
0.0
0.0
0.0
0.0
0.0
0.3
0.0
2.8
1.8
0.0
23.1
0.8
10.4
4.1
0.3
0.0
3.0
0.0
0.0
0.0
0.0
0.3
0.0
0.0
0.0
1.3
0.3
13.7
0.0
0.5
0.0
0.0
0.0
0.0
0.0
3.6
0.0
0.0
0.0
0.0
0.0
26.2
0.3
0.0
0.0
0.0
0.0
0.3
16.3
0.0
0.0
0.0
14.0
1.0
0.0
0.0
0.0
1.5
0.0
8.9
0.3
0.0
0.0
0.5
0.0
0.0
0.0
0.0
0.5
1.8
0.0
0.0
0.5
0.0
0.0
4.3
0.0
0.0
1.0
0.0
0.0
0.0
0.0
0.0
0.0
0.0
0.0
0.0
0.0
0.0
0.0
0.0
0.0
0.0
0.0
0.0
0.0
0.0
0.0
0.0
0.0
0.0
39.6
0.8
0.0
0.0
0.0
0.0
3.0
0.0
0.0
0.0
0.0
0.0
0.0
0.3
0.0
1.0
0.0
1.3
0.0
0.0
0.0
0.0
0.0
0.0
0.0
0.0
0.0
0.0
0.0
2.0
0.0
0.0
0.0
0.0
0.0
0.0
0.0
0.0
0.0
0.0
0.0
1.0
0.5
0.0
3.8
0.0
0.0
2.0
0.0
0.0
0.0
0.0
0.0
0.0
0.5
2.8
0.0
0.0
7.1
7.1
0.3
0.0
0.0
0.0
0.0
0.0
1.0
1.0
0.5
0.0
0.0
0.0
0.0
1.5
0.0
0.0
2.3
2.5
0.0
0.0
0.0
0.0
0.0
0.0
0.3
18.5
0.0
0.0
0.0
0.0
3.0
15.7
4.3
0.0
0.0
0.0
0.0
1.5
0.0
0.0
10.2
0.0
0.0
0.0
0.0
0.0
0.0
8.6
0.0
5.1
5.1
0.0
0.0
0.0
0.0
0.0
0.0
0.0
0.0
3.6
1.0
0.0
0.0
10.4
0.5
0.0
0.0
10.7
4.8
0.0
0.0
0.3
0.0
0.0
3.0
0.0
0.0
26.4
0.5
10.4
0.0
10.9
5.8
50.5
0.0
0.0
0.0
2.3
2.0
0.0
0.8
0.3
16.0
9.1
0.0
0.0
0.0
0.3
0.0
0.0
0.0
11.7
0.0
0.0
0.0
0.0
8.9
1.5
0.0
0.0
10.2
0.3
0.0
0.0
8.1
9.4
0.0
15.7
0.0
0.0
0.0
0.0
0.0
11.4
0.0
0.0
0.0
0.0
0.0
6.9
3.6
0.0
0.0
0.3
0.3
0.3
0.0
0.0
0.0
0.0
0.0
0.0
21.1
37.6
0.0
0.0
0.0
0.0
0.3
0.0
0.0
0.0
21.8
0.0
0.0
15.5
0.0
0.0
0.0
0.0
0.0
0.0
2.3
0.0
0.3
0.0
0.0
2.5
9.7
0.3
0.0
35.1
0.3
0.0
0.0
0.0
0.0
0.0
0.3
0.0
0.0
0.0
0.0
0.0
0.0
0.0
0.0
0.0
0.0
0.0
0.0
0.0
0.0
0.0
1.0
0.0
38.9
55.4
0.0
0.0
0.0
0.0
0.0
0.3
0.0
0.0
0.0
0.3
1.5
1.3
0.0
0.0
0.0
0.0
0.0
0.0
0.0
1.5
2.0
0.0
0.0
0.0
12.4
0.3
0.0
0.0
0.0
0.0
0.0
1.3
0.0
0.0
0.0
0.0
0.0
3.6
0.0
0.3
0.0
2.3
0.0
0.0
0.0
0.0
0.0
0.0
0.0
0.0
0.0
0.0
0.0
4.8
0.0
0.0
1.3
0.0
0.0
0.0
4.6
0.0
0.0
5.3
3.8
4.1
0.0
0.0
0.0
0.5
1.8
0.0
0.0
0.0
1.5
0.3
21.8
47.0
0.0
0.0
0.0
0.0
20.1
0.0
0.0
1.5
0.3
0.0
0.0
0.0
0.0
0.0
0.0
3.0
4.6
0.0
0.0
0.0
0.3
2.5
0.0
0.0
0.5
0.3
0.0
1.0
0.0
2.3
0.0
0.0
0.0
19.6
10.2
0.0
0.0
0.0
0.0
13.2
4.3
0.0
0.0
0.0
0.0
25.7
20.3
0.0
0.0
0.0
0.0
0.0
0.0
0.0
0.0
0.0
0.0
0.0
3.0
10.2
0.0
0.0
0.0
0.0
0.0
0.0
0.0
0.5
0.0
0.8
0.0
0.3
0.0
0.0
0.0
5.1
0.0
0.0
2.3
0.3
0.0
0.0
0.0
0.0
0.0
0.0
0.0
0.0
0.0
0.0
0.0
0.0
0.0
1.0
0.0
0.0
1.0
0.0
0.0
0.0
0.0
0.0
0.3
0.0
0.0
1.0
32.0
2.5
0.0
0.0
0.0
0.0
0.0
0.0
0.0
0.0
1.8
0.5
3.6
0.3
0.0
0.0
1.0
0.0
0.0
0.0
0.3
24.6
26.9
0.3
10.9
4.3
6.9
2.5
0.3
0.0
0.0
0.0
0.0
0.0
0.0
0.0
0.0
0.0
0.0
0.0
0.0
0.0
0.0
0.0
0.0
0.0
0.0
1.3
1.0
33.0
0.0
10.7
0.0
0.0
0.0
0.0
0.0
3.3
6.3
1.5
0.0
1.8
0.3
0.0
0.0
0.0
0.0
10.2
3.0
4.6
44.2
18.5
0.0
0.0
0.0
1.0
0.0
0.0
0.0
0.0
0.5
6.9
9.7
1.5
0.5
0.0
0.0
9.7
1.5
0.0
0.0
0.0
0.0
0.0
0.0
0.0
0.0
1.0
27.9
8.6
0.0
5.1
0.0
60.5
15.5
0.0
0.0
0.0
0.0
0.8
0.0
0.0
0.0
1.3
0.0
0.5
0.0
0.0
0.0
0.0
0.0
1.0
1.0
4.3
28.4
0.0
0.0
39.1
2.8
13.0
1.0
0.3
0.0
0.0
0.0
0.0
0.0
0.0
0.0
0.0
2.5
0.0
0.0
0.0
0.0
0.3
0.0
0.0
11.9
1.8
1.8
0.0
0.0
0.3
0.0
0.0
0.0
0.0
10.7
0.3
0.0
0.0
0.0
0.0
0.0
0.0
3.3
0.5
0.0
28.4
0.3
0.0
0.0
11.7
55.4
12.7
21.1
41.4
0.3
0.0
0.3
0.0
0.0
0.0
0.0
0.3
0.0
0.0
0.0
0.0
0.0
0.0
0.0
0.0
0.0
0.3
0.0
0.0
0.0
0.0
0.0
0.0
0.0
0.0
0.0
0.0
0.0
0.0
0.0
0.0
0.0
2.0
0.3
0.0
0.0
0.0
0.0
0.0
13.2
0.0
0.0
0.0
26.7
2.0
6.6
1.5
0.0
0.0
40.1
0.5
0.0
0.0
0.0
4.6
0.0
0.0
19.8
0.5
3.0
1.5
5.6
0.0
22.9
0.3
8.6
0.8
0.0
0.0
0.0
0.0
0.0
0.0
7.6
0.0
0.0
0.0
0.3
0.0
0.3
6.9
2.3
0.0
0.0
0.8
0.5
36.8
0.0
0.0
24.1
0.0
10.4
13.2
0.0
0.0
0.0
0.0
4.8
5.8
24.6
0.0
0.0
1.8
0.5
0.0
0.0
0.0
0.0
0.0
0.0
0.0
0.0
0.0
0.0
0.0
0.0
0.0
0.0
0.0
0.0
0.0
0.0
0.0
0.0
0.3
5.1
28.4
13.5
26.2
1.3
2.3
0.3
0.0
0.5
28.4
9.1
27.2
0.0
0.0
0.0
0.0
0.0
0.0
0.0
0.0
0.0
0.0
0.0
0.0
0.0
0.0
0.0
8.9
0.0
0.0
0.0
0.0
0.0
0.0
0.0
3.3
7.9
0.5
1.0
0.0
0.0
0.0
19.8
0.5
4.6
0.0
0.0
0.0
1.3
2.5
0.0
0.0
0.0
0.0
0.0
0.0
0.0
0.5
0.0
0.0
0.0
0.3
0.0
0.0
2.0
0.0
0.0
0.3
0.0
0.0
0.0
0.0
0.0
0.0
0.0
0.0
0.0
0.0
0.0
15.2
7.4
9.4
4.1
0.0
0.0
0.0
0.0
5.8
0.0
1.8
0.3
0.0
0.0
0.0
0.3
0.0
0.0
0.0
0.0
2.8
13.0
0.5
0.0
0.0
0.0
0.0
0.0
0.0
4.3
3.6
14.2
0.0
0.0
2.3
3.0
0.0
0.0
2.5
0.0
0.0
0.0
0.0
0.0
0.0
0.0
0.0
0.0
0.0
0.0
0.0
0.0
4.3
0.3
0.0
0.0
0.0
0.0
19.8
0.0
0.3
0.0
0.0
0.0
0.0
0.0
0.8
0.0
0.3
1.5
0.0
0.0
1.0
0.0
0.0
0.0
0.0
0.0
5.6
0.0
17.8
0.0
0.3
46.2
17.3
0.0
0.0
0.0
0.0
0.0
0.0
0.0
0.0
0.3
0.0
0.0
0.0
0.0
0.0
0.0
0.0
0.0
0.0
0.0
11.2
0.0
0.0
3.8
0.0
0.0
0.0
2.3
18.0
2.8
7.6
7.9
0.3
0.0
3.6
0.3
0.0
0.0
0.0
0.0
0.0
0.0
11.9
0.5
0.0
0.0
0.0
0.0
0.0
0.0
0.0
3.0
1.8
0.0
0.0
0.0
0.0
0.0
0.0
17.3
1.8
5.3
2.8
0.0
0.3
4.3
4.6
0.0
2.3
2.3
0.0
0.0
1.8
0.0
0.0
0.0
0.0
0.0
0.0
0.0
0.0
0.0
0.0
0.0
0.0
0.0
0.0
0.0
0.0
0.0
0.0
0.0
10.9
21.1
0.3
0.0
0.0
25.9
3.3
0.0
0.0
35.1
0.0
37.3
0.0
0.3
10.9
0.0
0.0
0.0
0.0
0.0
0.0
0.0
0.0
0.0
0.0
0.0
0.0
0.0
0.0
0.0
0.0
0.0
0.0
0.0
0.0
1.3
37.1
1.5
0.0
0.3
0.0
0.0
0.0
0.0
0.0
0.0
0.0
27.7
0.0
0.0
0.0
0.0
7.9
0.5
0.3
0.0
0.0
0.0
0.0
0.5
0.0
6.1
15.7
0.0
0.0
0.0
0.0
0.0
0.0
0.0
0.0
0.0
0.0
0.0
10.4
21.1
0.0
0.0
2.8
0.0
1.0
0.0
0.0
0.0
0.0
6.1
0.0
0.0
0.8
0.0
0.0
1.8
0.0
0.0
0.0
0.3
0.0
0.0
0.0
0.0
0.0
0.3
2.0
0.0
0.0
4.8
0.0
3.6
0.0
0.0
6.1
0.0
0.0
0.0
0.0
0.0
0.0
0.0
0.5
5.1
0.0
8.1
0.0
0.0
1.3
2.0
0.0
0.0
5.1
0.0
0.0
0.0
0.0
0.0
0.0
0.0
17.5
2.5
0.0
0.0
0.0
0.0
0.5
0.0
0.0
0.0
0.0
0.0
0.0
0.0
0.3
0.0
0.0
0.0
6.6
8.9
0.0
0.0
0.0
0.0
0.0
0.0
0.0
0.0
0.0
0.0
0.0
0.0
0.0
0.0
0.0
0.0
1.8
0.5
1.8
10.7
17.8
1.0
37.8
0.5
2.5
0.0
0.0
0.0
0.0
0.0
0.0
0.0
4.6
0.0
0.0
0.0
0.0
0.0
5.8
0.0
0.0
0.0
10.7
0.0
14.7
1.8
0.0
0.0
44.7
0.3
0.0
0.0
0.0
0.0
0.0
0.0
0.0
0.0
22.4
0.0
2.3
2.0
0.0
0.0
0.0
0.0
0.0
4.6
0.0
0.0
0.0
2.0
17.0
6.1
0.0
1.3
0.0
0.0
0.0
0.0
0.0
0.0
22.1
0.3
1.3
2.5
0.5
7.4
0.3
8.4
0.3
0.0
0.0
0.0
0.0
0.0
8.1
0.0
0.0
0.0
0.0
0.0
1.0
7.9
12.4
1.5
0.0
0.0
0.0
3.6
0.0
0.0
0.0
1.0
0.3
0.0
0.0
0.0
0.0
0.0
0.8
10.7
0.3
0.0
0.0
0.0
0.0
0.0
0.0
1.3
0.3
0.0
0.0
0.0
0.0
0.3
0.0
19.6
0.0
0.0
0.0
0.0
1.8
0.0
29.5
59.4
0.3
0.0
0.0
0.0
0.0
1.5
0.5
2.0
7.4
0.0
0.0
0.0
0.0
11.4
11.2
0.3
0.0
0.0
0.0
0.0
0.0
0.0
0.3
0.0
0.0
2.8
5.3
4.3
6.6
0.0
0.0
0.0
0.5
0.0
0.0
0.3
33.8
0.0
0.0
0.0
0.3
0.0
0.0
0.0
0.8
37.3
13.7
0.5
0.5
0.0
0.0
0.3
0.0
4.8
2.0
0.3
0.0
0.0
0.0
0.0
8.9
1.5
1.8
0.3
0.0
0.0
11.9
2.8
0.0
0.0
0.0
5.6
0.0
0.0
0.0
0.0
0.0
0.0
0.5
0.0
0.0
0.0
0.0
0.0
0.0
0.0
0.0
0.0
0.0
0.0
9.4
0.0
0.0
0.0
0.0
48.0
3.3
0.3
0.0
0.0
4.1
0.0
0.0
0.0
2.5
8.4
6.6
0.0
0.0
0.0
0.0
0.0
0.0
0.0
0.0
0.0
2.0
0.5
0.3
0.0
15.0
0.0
0.0
0.0
6.6
13.5
0.8
0.0
0.0
0.0
0.0
0.0
0.0
0.0
0.0
0.0
0.0
0.0
0.0
2.0
44.7
14.2
0.0
0.0
0.0
0.0
0.0
0.0
0.0
0.0
0.0
10.9
2.5
0.0
0.0
0.0
0.0
6.9
0.5
0.0
9.4
15.5
9.4
0.0
0.0
0.5
0.0
0.0
0.0
0.0
0.0
19.0
0.0
0.0
0.0
15.0
0.8
0.0
3.3
0.3
0.0
0.0
0.0
15.7
11.4
20.3
1.8
0.0
0.0
0.0
0.0
0.0
3.6
0.0
1.8
0.0
0.0
0.0
0.0
0.0
0.0
0.0
0.0
0.0
0.0
0.0
0.0
0.0
1.8
0.0
0.0
0.0
0.0
0.0
3.8
4.8
0.0
0.0
0.0
1.5
0.0
0.0
0.0
0.0
0.0
0.0
17.0
2.3
0.0
0.0
4.3
4.1
0.0
0.0
0.0
0.0
0.0
0.0
0.0
0.8
0.3
0.0
0.0
0.0
5.3
0.0
0.0
0.0
0.0
6.6
1.0
0.3
3.8
10.2
0.0
0.0
0.0
0.0
0.0
2.5
1.0
17.8
0.0
0.0
8.1
0.0
0.0
0.0
0.0
0.0
0.0
3.8
12.4
0.0
0.0
9.4
0.0
0.0
0.0
0.0
0.0
0.0
0.0
0.3
0.0
0.0
11.2
10.7
0.0
0.0
0.0
0.0
0.0
0.0
0.3
5.8
0.0
0.0
0.0
0.0
5.6
0.0
0.0
0.0
0.0
0.0
8.1
0.0
0.0
0.0
0.0
0.0
0.0
0.0
0.0
0.0
0.8
6.6
4.6
0.3
0.0
0.0
2.5
0.0
0.8
0.3
1.5
0.0
0.0
0.0
0.0
0.0
0.0
0.0
0.0
0.0
0.0
0.0
0.0
0.0
24.4
6.3
0.0
7.6
14.7
36.6
7.4
0.3
0.5
5.1
11.4
0.0
0.0
0.3
0.0
0.0
5.6
1.5
0.3
0.0
0.0
0.3
1.0
0.0
6.1
0.0
0.0
0.0
0.0
19.6
0.0
0.3
0.0
0.0
0.3
0.0
0.0
0.0
0.0
4.1
0.3
0.0
0.0
0.0
0.0
0.0
0.0
24.4
0.0
4.8
0.0
0.0
0.0
0.0
0.0
0.0
0.0
0.0
0.3
4.8
0.0
1.5
0.3
9.1
0.0
0.0
0.0
1.8
0.8
0.0
0.0
0.0
0.0
0.0
0.0
0.0
0.0
0.0
0.0
0.0
3.8
0.5
15.0
0.3
2.0
0.3
0.0
0.0
0.0
0.0
0.0
0.0
0.0
0.0
0.0
0.0
0.0
0.0
0.0
2.8
0.0
0.0
0.0
0.0
1.5
0.0
8.4
0.8
0.0
0.0
0.0
0.0
0.3
0.0
0.0
0.0
0.0
0.0
0.0
29.0
2.8
14.5
5.8
0.0
0.0
0.0
10.2
1.5
0.0
1.0
7.4
0.5
0.0
0.0
0.0
0.0
0.0
0.0
0.0
0.0
0.0
0.0
0.0
0.0
0.0
0.0
0.0
11.7
0.0
0.0
0.0
0.0
0.0
0.3
0.0
0.0
47.0
0.0
0.0
0.0
1.8
7.4
0.0
0.0
0.0
0.0
2.3
10.7
0.0
0.0
0.8
3.0
3.0
1.0
15.5
0.8
12.4
0.0
0.3
0.0
0.0
0.0
0.5
2.3
0.0
4.6
0.0
1.8
2.3
0.0
0.0
1.3
0.0
3.3
0.0
0.0
1.0
0.0
0.0
0.0
0.0
3.0
0.0
1.8
33.5
0.0
4.1
0.0
0.0
0.0
0.0
0.0
0.0
0.8
0.0
0.0
0.0
0.0
0.0
0.0
0.0
0.0
0.0
0.0
0.0
3.8
0.3
0.0
0.3
1.3
9.4
20.3
59.9
2.0
0.0
1.5
0.0
0.0
0.0
0.0
0.0
0.0
0.0
5.3
22.6
0.0
0.0
0.0
0.0
0.0
3.0
0.0
2.5
0.8
0.0
0.0
1.3
0.0
3.3
10.7
0.0
0.5
0.0
0.0
0.0
0.0
0.3
0.0
0.0
5.1
1.0
0.5
0.0
14.7
13.7
5.6
0.0
0.0
0.0
0.0
0.0
0.0
0.8
14.7
0.0
0.0
3.0
16.3
0.0
0.0
1.3
0.3
0.0
0.0
0.0
4.1
0.0
27.7
0.0
3.3
1.5
0.0
0.0
0.0
0.0
2.5
0.3
0.0
0.0
0.0
0.0
0.5
18.8
0.0
1.5
2.3
0.0
0.0
0.0
6.9
0.0
0.0
0.0
0.0
6.6
8.4
0.0
6.9
14.5
0.0
0.0
0.5
20.6
0.3
0.0
0.3
1.5
2.3
0.0
0.0
7.6
0.0
1.8
1.8
0.8
0.0
0.0
23.1
0.0
0.8
2.3
117.6
7.4
0.0
1.3
51.1
0.0
4.3
0.3
0.0
0.0
0.0
0.0
1.0
0.0
0.0
0.0
0.0
0.0
0.8
0.0
0.0
4.8
0.0
0.0
2.5
0.0
0.0
0.0
0.0
34.5
15.0
5.6
0.0
0.0
16.5
16.3
0.3
0.0
15.5
58.4
0.0
0.0
0.0
0.0
0.0
0.0
4.1
0.3
40.9
0.5
0.0
0.3
0.0
0.0
22.4
0.0
0.5
1.5
0.3
0.3
0.0
2.0
0.0
23.4
0.0
0.0
0.0
0.0
0.0
0.0
0.3
0.0
0.0
0.0
0.3
0.0
0.0
0.0
0.0
2.0
27.4
0.0
0.0
0.3
0.0
0.0
1.8
0.0
0.0
0.3
0.0
0.0
14.0
66.8
0.3
0.3
3.3
1.5
0.0
0.0
6.3
16.0
0.5
126.7
0.0
0.3
0.0
0.3
0.0
0.0
0.3
0.0
0.0
0.0
0.0
0.0
0.0
0.0
3.8
0.0
0.0
0.0
0.0
0.0
0.0
0.0
20.1
9.1
0.0
0.0
0.0
0.0
0.0
0.0
12.2
0.0
0.3
0.0
0.0
0.0
0.0
0.0
29.2
0.8
0.3
0.0
0.0
0.0
0.0
0.0
0.0
0.0
0.0
0.0
0.0
0.0
2.3
0.0
0.0
0.0
0.0
6.1
0.5
0.0
8.1
3.0
0.0
0.0
0.0
0.0
0.0
0.0
0.0
0.8
0.8
0.0
0.0
0.0
0.0
0.8
5.6
0.8
0.0
0.0
0.0
0.0
0.0
0.0
0.3
15.7
0.0
0.0
0.0
0.0
1.5
0.3
0.0
0.0
1.8
32.5
0.0
0.0
0.0
25.9
8.9
0.0
0.5
34.0
0.0
0.0
0.0
0.0
0.0
0.0
0.0
0.3
0.0
0.0
0.0
0.0
0.3
2.3
0.0
0.0
0.0
0.0
0.0
0.0
0.0
0.0
0.0
0.0
1.8
0.0
0.0
0.0
0.0
0.0
0.0
0.0
5.8
0.0
1.0
0.0
0.0
0.0
0.0
0.0
0.0
0.0
0.0
3.8
0.0
31.8
0.0
0.0
0.0
0.0
0.0
0.3
0.3
0.0
0.0
0.0
0.0
0.0
0.0
0.0
18.5
0.0
0.0
0.0
0.0
0.0
0.0
0.0
0.0
7.1
0.5
5.1
20.3
0.0
0.0
0.0
0.0
0.0
0.0
0.0
1.0
0.0
0.0
0.0
0.0
0.0
6.3
0.0
0.0
0.0
16.5
1.0
0.0
6.9
0.0
21.8
0.0
0.0
16.5
0.8
0.0
0.0
7.9
10.7
0.0
0.0
16.0
0.5
0.0
0.0
0.0
0.3
16.3
1.5
1.5
0.0
0.0
0.0
0.0
0.0
29.7
5.1
0.3
21.3
7.9
0.0
0.0
0.0
0.0
0.0
8.9
4.1
0.0
0.0
0.0
0.0
61.0
2.0
23.6
0.3
0.0
0.0
0.0
0.0
0.0
0.0
0.0
0.0
13.2
10.7
0.0
3.3
0.3
0.0
0.0
0.0
24.1
1.5
0.0
0.0
0.0
2.8
1.8
0.0
19.8
8.1
0.0
0.0
0.0
0.3
8.1
0.0
23.1
27.9
0.0
4.1
0.0
0.0
0.0
0.0
0.0
0.0
0.0
0.0
0.0
0.0
0.0
0.0
38.9
0.0
0.0
0.0
0.0
0.0
0.0
0.0
0.0
0.0
0.0
10.4
0.0
0.0
0.0
0.0
0.0
0.0
0.0
0.0
2.5
0.5
0.0
0.0
0.0
0.0
0.0
0.0
0.0
0.0
0.0
0.5
0.3
0.0
3.6
0.0
0.0
0.0
0.0
0.0
0.0
0.0
0.0
3.3
3.0
0.5
0.0
6.3
10.7
0.0
0.0
0.0
0.3
0.0
0.0
6.3
0.3
0.0
0.0
0.3
0.0
0.3
0.0
11.2
25.7
0.3
0.0
0.3
0.3
0.0
0.3
0.0
0.3
0.0
0.0
0.0
0.3
0.0
7.4
0.3
7.9
0.0
1.0
2.0
0.8
0.5
0.0
0.0
0.0
12.4
0.0
0.3
0.0
0.3
16.5
0.0
47.0
11.9
0.3
0.0
0.8
6.3
13.5
1.5
0.5
0.0
0.0
0.0
0.0
0.0
31.8
18.3
0.0
1.3
1.8
9.4
0.0
14.7
39.6
0.0
0.0
0.0
0.0
1.0
0.0
0.0
0.0
0.0
0.0
0.0
0.0
0.0
0.0
0.0
36.8
19.0
36.1
3.0
3.6
0.0
0.3
0.3
0.0
9.9
1.8
1.3
0.0
0.0
0.8
0.0
0.0
5.6
0.0
0.0
0.0
0.0
0.3
21.6
2.3
0.0
0.0
3.3
9.9
0.0
0.0
0.0
0.0
0.0
0.3
0.0
1.3
2.0
14.7
32.8
6.6
0.0
0.0
1.8
0.0
1.0
0.5
0.0
0.0
0.0
0.0
0.0
0.0
0.0
0.0
0.0
0.0
0.0
1.0
2.5
0.0
0.0
0.5
0.0
0.5
0.3
4.8
9.4
0.3
5.1
2.3
0.0
0.0
0.0
0.0
0.0
0.0
1.0
0.0
0.0
0.0
0.0
9.1
0.0
0.0
0.0
0.0
0.8
2.8
0.0
0.0
0.0
0.0
1.3
0.0
0.0
0.0
3.6
20.1
0.5
0.0
0.0
0.0
0.0
0.0
0.0
0.0
0.0
0.0
0.0
0.0
0.0
3.3
0.0
0.5
0.3
4.8
8.4
3.6
0.0
0.0
0.0
0.0
0.0
0.0
0.0
3.8
0.3
0.0
0.0
17.0
0.0
1.3
24.1
0.0
0.0
0.0
0.0
0.0
12.2
2.8
0.3
0.0
0.3
0.0
0.0
0.0
0.0
0.0
0.0
0.0
0.0
0.0
0.0
0.0
0.0
0.0
3.3
1.3
7.9
8.4
15.2
0.0
0.0
0.0
0.0
1.5
7.4
10.7
8.1
0.0
0.0
0.0
0.0
0.0
0.0
21.1
3.6
5.6
0.3
0.0
0.5
4.8
20.6
0.0
0.0
7.9
7.1
0.0
0.0
0.8
0.0
0.3
2.3
0.0
0.0
3.3
5.8
0.0
18.5
0.0
0.0
0.3
0.0
0.0
2.8
0.8
0.0
0.0
37.1
34.8
5.1
22.4
0.0
0.0
8.1
3.6
0.0
5.3
80.3
15.2
0.0
0.0
0.0
5.8
1.5
0.0
0.0
0.0
0.0
0.0
0.5
0.0
0.0
0.0
0.0
0.0
0.0
5.8
0.0
1.0
0.0
2.5
0.0
0.0
0.0
27.7
3.0
0.0
0.0
0.0
77.0
0.3
0.0
5.3
0.0
0.0
0.0
0.0
0.3
0.3
0.0
0.0
0.0
0.0
0.0
0.0
0.0
0.0
8.1
0.0
9.1
23.4
0.0
0.0
0.0
0.0
0.0
19.0
2.5
0.0
0.0
0.3
0.0
0.0
0.0
0.0
0.0
0.0
0.0
6.3
66.5
0.8
0.0
0.0
0.0
0.0
0.0
0.0
1.0
9.7
0.0
0.0
0.0
1.0
0.0
0.0
2.0
5.3
0.0
1.0
25.7
0.0
3.3
6.6
2.0
0.0
0.0
0.0
0.0
0.0
4.6
0.0
0.0
0.0
0.0
0.0
0.0
0.0
0.0
0.0
0.0
1.5
0.0
0.0
0.0
0.0
0.0
0.0
0.0
0.0
0.0
0.0
0.3
0.0
12.4
0.0
0.0
0.0
0.0
0.0
0.0
0.0
0.0
4.8
0.0
0.0
0.0
0.0
0.0
0.0
0.0
0.0
1.3
0.0
0.0
0.0
0.0
0.0
0.0
0.3
0.0
21.1
0.0
39.4
9.7
0.0
0.0
0.0
23.1
0.3
0.0
0.0
0.0
0.0
0.0
0.0
0.0
0.0
0.0
0.0
16.3
0.3
0.0
0.0
0.0
0.0
0.0
2.0
0.0
0.3
0.0
0.3
0.0
0.8
0.0
0.0
0.0
1.5
6.1
0.0
5.6
0.0
0.0
0.0
0.0
0.0
0.0
0.3
0.0
0.3
0.0
0.8
0.0
0.0
4.6
0.0
0.8
1.3
1.0
0.0
0.0
0.3
0.0
0.0
3.3
2.5
0.0
0.0
0.0
0.0
0.0
0.0
0.3
0.0
1.5
0.3
0.0
0.3
0.3
0.0
0.0
0.0
0.0
0.5
0.0
0.0
0.0
0.0
0.0
0.0
0.0
9.1
18.8
0.0
6.9
0.0
1.0
0.5
9.4
7.4
0.0
0.0
0.0
13.5
5.6
0.0
0.0
13.0
2.5
0.0
0.0
0.0
0.0
3.0
0.3
0.0
0.0
0.8
0.3
1.8
0.0
0.0
0.0
0.0
0.0
0.0
0.0
0.0
0.0
0.0
0.0
0.0
0.0
0.0
8.9
0.0
0.0
0.5
0.0
7.6
5.6
6.1
0.0
0.0
0.0
10.9
6.9
0.0
2.0
30.7
0.0
2.8
29.5
1.3
0.0
21.8
7.9
15.0
0.0
0.0
0.0
6.3
1.0
0.0
0.0
6.3
0.0
1.5
0.0
0.0
0.0
0.0
0.0
0.0
23.4
4.8
0.0
0.0
0.0
0.0
0.0
0.0
2.3
0.0
0.0
57.1
29.2
0.0
8.1
0.0
0.0
0.0
0.0
8.9
0.0
0.0
6.9
0.0
0.0
0.0
0.0
38.1
5.6
0.0
0.0
6.9
57.7
0.0
1.0
13.2
3.0
0.0
6.3
0.0
1.0
1.5
3.0
12.2
22.6
0.0
0.0
0.0
0.0
0.0
0.8
1.3
0.0
0.0
2.0
0.0
0.0
0.0
0.0
0.8
3.8
0.0
0.0
0.0
0.0
0.0
0.0
0.0
0.0
0.0
0.0
5.8
0.0
0.0
0.0
0.0
0.0
0.0
0.0
0.0
0.0
0.0
0.0
0.0
0.0
0.0
1.0
0.0
0.0
0.0
0.0
0.0
0.0
0.0
0.0
0.0
0.0
0.0
0.0
0.0
0.0
0.0
0.0
0.0
0.0
0.0
0.0
0.0
3.6
0.0
0.0
0.0
10.4
0.0
0.0
0.0
0.0
2.8
17.0
0.0
0.0
0.0
0.0
8.1
0.0
0.0
0.0
6.3
0.8
0.3
0.0
0.0
0.3
0.0
6.9
9.1
10.4
2.5
0.0
0.0
0.0
0.0
0.0
0.0
0.0
0.0
0.0
0.0
0.0
0.0
0.0
8.1
5.6
0.0
0.0
0.0
14.5
1.3
9.9
0.8
0.0
0.0
0.0
0.3
0.0
0.0
0.3
0.0
0.0
1.3
0.0
0.0
0.0
23.6
0.0
0.0
0.0
9.7
6.3
1.8
0.0
0.0
0.0
0.0
10.4
0.0
0.0
0.0
0.0
0.0
0.0
0.0
23.1
0.0
0.0
0.0
10.9
4.6
9.1
9.4
0.0
0.0
0.0
1.3
4.3
0.0
0.0
0.0
0.0
0.0
0.0
0.0
0.0
4.3
10.9
1.8
0.0
0.0
0.0
10.2
9.4
0.3
0.0
0.0
0.0
0.0
3.8
6.3
0.0
0.0
4.6
0.0
1.3
0.0
0.0
0.0
0.0
0.0
0.0
0.0
0.0
0.0
4.3
0.0
0.0
0.3
0.0
0.0
10.9
0.0
0.0
0.0
0.0
11.7
0.3
0.0
1.8
16.5
0.0
1.5
0.0
0.0
0.3
0.0
0.0
3.6
8.6
0.0
0.0
0.0
0.0
0.0
0.8
0.0
0.0
1.3
0.0
2.0
9.4
0.0
0.0
0.0
0.0
1.8
0.0
0.8
0.0
0.0
0.0
0.0
0.0
0.5
0.0
6.9
0.0
0.0
0.0
0.0
0.5
4.3
0.0
0.0
0.3
0.8
0.0
0.0
0.5
0.0
6.3
0.0
0.0
0.0
0.0
0.5
4.1
0.0
0.0
0.0
0.0
0.0
0.5
0.0
0.0
0.3
0.0
0.0
0.0
1.0
0.0
0.0
0.0
0.0
0.0
0.0
0.0
0.8
11.7
23.9
0.3
0.0
0.0
0.0
1.5
0.0
0.0
0.0
0.0
0.3
0.0
0.0
0.8
5.6
23.1
6.1
0.0
0.0
4.8
0.0
0.0
12.7
0.0
0.0
0.0
0.0
0.0
0.0
0.0
0.0
0.0
0.0
0.0
0.0
5.8
0.0
0.0
0.0
0.0
0.0
0.0
0.0
0.0
2.5
0.0
10.7
0.0
1.5
0.0
1.0
0.0
0.0
0.0
0.0
0.0
0.0
3.8
0.0
0.0
0.0
0.0
8.4
1.0
0.0
0.0
0.0
1.0
0.0
0.0
0.5
0.0
0.0
0.0
0.0
0.0
1.5
0.3
16.5
0.0
0.0
0.0
0.0
5.8
4.8
0.0
0.0
0.0
0.0
0.0
0.0
0.0
0.0
0.0
0.0
0.0
0.0
0.0
0.0
0.0
0.0
0.0
0.0
0.0
0.0
0.0
0.0
0.0
0.0
0.0
0.0
0.0
14.0
0.0
0.0
1.0
0.0
0.0
0.0
0.0
5.1
0.0
0.0
31.5
0.0
0.0
0.0
0.0
0.0
0.0
0.0
0.0
0.0
5.3
2.0
0.0
0.0
0.0
10.7
67.1
9.4
0.5
0.0
15.5
0.0
27.4
0.0
0.0
0.0
0.0
0.0
0.0
3.3
0.0
0.0
4.1
0.0
0.0
0.0
11.9
0.0
0.0
0.0
13.5
3.0
0.0
0.0
0.0
0.0
0.0
0.8
4.3
0.0
16.5
0.0
0.0
0.0
0.3
0.3
0.0
0.0
8.1
9.4
0.0
0.0
9.7
1.0
1.3
0.0
0.0
22.4
8.6
0.0
8.4
0.0
0.0
0.0
0.0
0.0
0.0
0.0
0.0
4.8
0.0
0.0
2.8
1.3
0.0
0.0
0.0
18.3
1.0
0.0
0.0
0.0
0.0
0.0
0.0
0.0
0.0
0.0
1.0
0.0
0.0
0.0
0.0
0.0
0.0
0.0
0.0
0.0
2.8
0.0
6.9
0.0
0.3
5.6
0.3
6.6
0.0
0.0
0.0
0.0
0.0
8.4
0.0
1.3
0.0
5.8
18.3
0.0
0.0
0.0
0.0
0.0
0.0
0.0
0.0
0.0
0.0
1.8
0.0
0.0
0.0
0.0
0.0
0.0
0.0
0.0
0.0
5.3
2.0
14.2
0.0
0.0
0.0
0.0
0.0
0.0
0.0
0.0
0.0
0.0
0.0
0.0
0.3
0.0
2.5
0.5
25.4
4.3
0.0
0.0
0.3
0.0
0.0
0.0
0.0
8.6
0.0
0.0
12.2
0.0
0.0
0.0
0.0
0.0
0.0
0.0
8.6
0.0
0.0
6.9
0.5
0.0
0.0
0.0
25.1
0.8
0.3
0.8
0.0
0.0
0.3
1.3
0.0
0.0
0.0
0.3
6.6
0.3
0.0
0.0
0.0
0.0
0.0
0.8
1.0
0.0
0.0
0.0
0.0
0.0
0.0
1.0
0.0
0.0
0.0
0.0
0.0
0.0
0.0
0.0
0.0
0.0
0.0
0.0
0.0
1.8
0.0
37.3
2.8
0.0
0.0
1.3
5.1
34.5
0.3
60.7
0.5
0.0
0.0
0.0
11.2
2.3
0.0
0.0
9.1
0.8
0.0
0.0
0.0
13.2
6.1
6.9
6.1
0.0
0.0
0.0
26.4
0.0
0.0
0.0
0.0
0.0
2.5
2.8
0.0
0.0
0.0
27.7
2.5
0.5
0.3
0.0
7.9
14.2
22.1
0.3
0.0
9.4
19.6
13.0
0.0
0.0
0.0
0.0
0.0
0.0
0.0
0.0
0.3
0.0
0.0
0.0
0.0
41.7
0.8
0.0
22.1
0.0
0.0
1.8
2.0
0.0
0.0
11.7
5.6
0.0
0.0
25.9
3.0
0.0
1.8
0.3
0.0
0.0
0.0
0.0
0.0
0.0
45.2
0.0
0.0
0.0
0.0
0.0
0.0
0.0
0.0
0.0
0.0
14.7
0.8
2.8
0.0
0.0
2.5
0.0
0.0
0.0
9.1
1.3
0.0
0.0
0.0
0.0
0.0
0.0
0.0
0.0
0.0
0.0
0.0
0.5
0.0
0.0
0.0
0.0
0.0
0.0
0.0
0.0
0.0
0.0
0.0
0.0
0.0
0.0
0.0
0.0
0.0
0.0
0.0
0.0
0.0
0.0
0.0
0.0
0.0
0.0
0.0
0.0
0.0
0.0
3.3
0.0
0.0
0.3
0.0
0.0
0.0
0.0
9.7
0.0
0.0
0.0
0.3
0.0
0.0
0.0
0.0
1.5
0.0
0.0
0.0
28.7
0.0
1.5
1.8
0.0
0.0
0.0
0.0
0.0
2.5
0.0
0.0
2.5
0.0
0.5
0.3
7.4
0.0
0.0
3.3
0.0
0.0
0.0
0.0
0.0
0.0
1.3
9.7
41.9
0.0
0.0
0.0
0.0
1.5
6.9
0.0
0.0
0.0
0.0
2.0
0.0
0.0
0.0
0.0
1.8
2.5
0.0
0.0
1.0
7.9
3.6
0.0
0.0
0.0
0.0
0.0
0.0
0.0
0.0
0.0
0.0
0.0
0.0
0.0
0.0
0.0
0.0
0.0
0.0
0.0
0.0
0.0
11.2
0.0
0.0
0.5
0.0
0.0
2.8
23.6
1.0
0.0
0.0
0.0
0.0
0.0
0.0
0.0
0.0
0.0
0.0
0.0
0.0
0.0
0.0
0.0
0.0
0.0
0.0
16.8
0.5
0.0
0.0
0.8
0.0
0.0
0.0
0.0
0.0
0.0
0.0
0.0
0.0
0.0
0.0
0.0
0.0
0.0
0.0
0.0
0.0
25.7
0.0
0.0
0.0
0.0
0.0
0.0
0.0
0.0
0.0
0.0
0.0
0.0
0.0
2.8
0.0
8.9
0.0
0.0
5.1
0.0
4.8
0.0
0.0
0.5
0.0
0.0
0.0
0.0
0.0
0.0
0.0
0.0
0.0
0.0
0.0
0.0
0.0
11.2
13.5
0.0
0.0
0.0
0.0
0.0
0.3
1.0
0.0
0.0
0.0
0.0
0.0
0.0
0.0
11.9
0.0
0.0
0.0
0.0
2.8
12.2
25.4
0.0
0.0
0.0
13.2
0.8
0.0
0.0
0.0
0.0
15.7
2.0
0.0
0.0
0.0
0.0
0.0
0.0
0.0
0.0
0.0
3.3
1.8
0.3
6.6
21.8
7.1
0.0
0.0
0.0
0.0
0.0
0.0
0.0
0.0
3.0
2.3
7.6
10.4
2.8
20.6
11.7
4.1
2.5
0.0
0.0
0.0
0.0
0.0
0.0
0.0
0.0
0.0
0.0
0.0
0.5
0.5
0.0
0.0
0.5
9.9
0.0
58.2
0.0
0.0
17.3
0.0
0.8
17.0
0.0
2.3
0.0
0.0
0.0
0.0
0.0
0.0
7.9
15.7
1.5
3.6
13.5
23.6
0.0
0.0
1.3
0.0
0.0
2.3
8.4
0.0
0.0
0.0
4.8
0.0
0.3
7.1
0.0
0.0
0.0
13.7
14.7
5.8
0.0
0.0
0.0
0.0
0.0
0.0
0.0
0.0
0.0
0.0
3.6
3.6
0.0
0.0
0.0
0.0
0.0
14.7
0.0
1.3
0.0
12.4
0.0
9.7
16.3
2.0
1.8
0.0
0.0
0.0
0.0
0.0
0.0
3.3
0.0
0.0
8.9
0.0
4.8
0.0
0.0
8.9
35.6
0.5
5.1
0.0
0.0
0.0
9.7
5.1
0.0
0.0
11.7
1.0
0.0
0.0
9.1
20.6
0.3
0.0
0.0
0.0
31.2
0.0
0.0
0.0
0.0
10.9
0.0
0.0
0.0
0.0
0.0
0.0
0.0
0.0
0.0
0.0
8.9
45.7
10.2
0.0
0.3
1.0
2.8
0.0
1.5
0.0
0.0
1.0
33.3
1.5
4.6
0.0
0.0
0.0
0.0
0.0
0.0
0.0
0.0
0.0
0.0
0.0
0.0
15.2
0.0
5.3
0.0
0.0
0.0
0.0
11.4
0.0
0.0
0.0
0.0
0.0
0.0
2.8
0.0
0.0
0.0
0.0
0.0
0.0
0.0
0.0
0.0
0.3
4.6
17.5
10.7
0.0
0.0
0.0
0.0
0.0
0.0
0.0
0.0
0.0
0.0
14.5
1.5
0.0
1.3
0.0
0.0
0.0
0.0
0.0
0.0
4.1
0.8
0.0
0.0
0.0
0.0
0.0
18.8
0.0
5.3
0.0
0.3
4.6
0.0
0.0
0.0
0.0
0.0
0.8
13.5
0.3
0.0
0.0
0.0
0.0
0.0
0.0
5.8
0.3
0.0
0.0
0.0
0.0
0.0
0.0
0.0
0.0
0.0
0.0
0.0
0.0
1.5
0.0
0.0
0.0
0.0
0.0
1.8
7.6
0.0
0.0
0.0
0.0
0.0
0.0
0.0
0.0
0.0
0.0
0.0
0.0
0.0
0.0
0.0
0.0
0.0
0.0
0.0
0.3
0.0
0.0
0.0
0.0
0.0
0.0
0.0
1.3
0.0
3.6
0.0
0.0
0.0
0.0
0.0
0.0
2.8
0.0
0.0
4.6
0.0
0.0
0.0
0.0
0.0
4.8
0.0
0.0
0.0
1.3
8.1
9.9
5.3
0.0
0.0
0.5
0.0
0.0
0.0
0.0
1.5
0.0
0.0
0.5
0.0
8.1
28.2
0.0
0.0
0.0
4.1
0.0
0.0
0.0
0.0
0.0
6.9
1.0
0.0
0.0
0.0
0.0
0.5
0.0
0.0
0.0
0.0
1.0
0.0
0.0
0.0
3.3
0.0
0.0
1.3
11.7
1.3
10.9
24.9
0.0
0.0
5.8
24.1
10.7
0.0
0.0
0.0
4.8
0.0
0.0
0.0
2.5
0.0
13.7
0.0
0.0
0.5
32.0
0.3
0.0
0.0
0.0
0.0
0.0
0.0
21.1
11.4
0.0
0.0
0.0
10.7
1.0
0.0
7.6
0.5
1.3
16.0
0.8
0.0
0.0
0.0
0.0
11.9
25.1
17.3
0.0
7.1
0.0
1.8
2.8
0.0
0.0
0.0
0.0
0.0
27.4
50.0
0.3
0.3
20.1
0.0
1.0
2.5
0.0
2.3
0.0
0.0
3.8
7.1
0.0
0.0
0.0
0.0
0.0
0.5
0.0
0.3
0.0
0.0
0.0
0.0
0.0
0.0
0.0
0.3
10.7
0.0
0.0
17.8
0.0
0.0
0.0
0.0
0.0
0.0
0.0
0.5
13.5
6.9
0.0
0.0
8.1
0.3
0.0
0.0
0.0
0.0
0.0
0.3
0.0
0.0
0.0
0.0
0.0
0.0
0.0
0.0
0.0
30.0
0.0
0.0
17.5
0.0
0.0
0.0
0.0
0.0
0.0
3.8
3.0
0.0
0.0
0.0
0.0
0.0
0.0
0.0
0.0
0.0
0.0
0.0
0.0
0.0
0.5
0.0
0.0
0.0
0.0
0.8
0.0
0.0
0.0
0.0
0.0
0.0
0.0
0.0
0.0
0.0
0.0
0.0
0.8
0.0
0.0
0.0
0.0
0.0
22.1
1.8
0.0
0.0
10.9
0.0
0.0
0.0
0.0
3.8
0.3
0.0
0.0
0.0
0.0
8.1
0.0
0.0
0.0
0.0
7.9
27.9
3.6
0.0
0.0
16.0
0.0
0.0
0.0
1.5
0.8
32.0
1.8
0.0
8.4
1.0
1.5
0.0
0.0
0.0
1.0
0.0
0.0
0.0
0.0
0.0
0.0
9.1
12.2
0.0
1.0
0.0
0.0
0.0
1.5
17.8
0.0
34.8
0.0
0.0
70.1
18.5
65.5
0.0
0.0
0.0
0.0
0.0
0.0
0.0
0.0
0.0
1.0
2.5
9.9
0.0
0.0
0.0
0.0
0.0
6.9
0.0
0.0
0.0
0.0
0.0
0.0
0.0
0.0
0.0
0.0
0.0
0.0
0.0
0.0
0.0
0.0
0.0
9.9
0.0
0.0
0.0
0.0
0.0
0.0
0.0
0.0
0.0
0.0
0.0
0.0
0.0
0.0
0.0
0.0
0.0
0.0
0.0
0.0
0.0
3.3
0.0
0.0
0.0
0.0
0.0
0.0
0.0
1.5
0.0
0.0
0.0
4.6
0.0
0.3
1.3
0.0
0.3
23.4
0.0
0.0
0.0
0.0
0.0
0.0
0.3
0.0
0.0
0.0
16.8
0.0
0.0
4.1
0.0
0.0
16.8
11.9
0.0
0.0
0.0
0.0
0.0
23.6
0.8
0.3
0.0
12.4
5.1
0.0
0.0
0.0
0.0
0.0
0.0
0.0
0.0
10.2
2.5
0.5
0.0
0.0
0.8
1.3
5.1
1.0
0.0
21.1
0.0
0.0
0.0
3.6
0.0
0.0
0.0
14.5
12.2
8.6
6.6
0.0
10.7
0.0
0.0
0.0
0.5
0.0
0.0
0.0
0.0
0.0
0.0
0.0
0.0
11.2
9.4
0.0
0.0
2.3
0.5
5.3
0.0
0.0
39.9
0.0
0.0
0.0
0.0
0.0
0.0
0.0
0.0
2.5
0.5
2.0
0.0
0.0
0.0
0.0
0.0
0.0
4.6
0.0
0.0
0.0
0.0
0.0
0.0
0.0
0.0
0.3
1.0
19.6
0.5
0.0
15.7
2.0
0.0
0.0
0.0
0.0
0.0
8.6
0.3
0.0
0.0
1.0
1.3
0.8
0.0
0.0
8.6
0.0
46.5
6.9
0.0
0.0
8.1
0.0
0.0
0.0
0.0
0.5
0.0
0.0
0.3
0.0
0.0
0.0
0.0
0.0
0.0
39.4
0.0
0.0
44.2
2.8
0.0
0.0
0.0
0.5
0.0
0.0
0.0
1.3
1.5
36.6
2.3
0.0
0.0
1.0
0.0
0.0
0.0
0.0
0.0
0.0
0.0
0.0
33.5
0.5
13.5
0.0
0.0
0.0
0.8
0.3
11.2
0.3
0.0
0.0
0.0
0.0
0.0
0.0
0.0
0.5
0.8
0.0
0.0
1.3
1.0
0.8
0.0
0.0
0.0
0.0
0.0
0.0
0.0
0.0
0.0
1.0
4.3
0.0
0.0
0.0
26.7
0.0
0.0
7.4
18.3
0.0
0.0
0.0
0.0
0.3
6.9
0.0
0.0
0.0
0.0
0.0
0.0
14.7
0.0
0.0
0.0
0.0
0.0
9.9
0.0
0.0
0.0
0.0
0.0
0.0
0.0
0.0
0.0
10.4
0.0
0.0
0.0
7.4
22.1
0.0
0.0
0.0
2.0
25.9
0.0
0.0
0.0
0.0
0.0
6.9
0.0
0.0
0.0
0.0
0.0
0.0
1.0
0.0
0.0
0.0
0.0
0.0
0.5
0.0
0.0
0.0
0.0
0.0
0.8
0.0
4.8
10.4
0.0
0.0
0.0
0.0
0.0
0.0
7.1
5.6
0.0
0.0
0.0
0.0
0.0
0.0
0.8
0.5
4.3
0.0
0.0
0.3
5.1
0.3
0.0
8.6
9.4
0.0
0.0
0.0
0.0
0.0
0.0
0.0
0.0
0.0
0.0
0.0
0.0
0.0
0.0
0.0
0.0
0.0
7.1
0.0
0.0
0.0
0.3
0.0
0.0
0.0
0.0
0.0
0.0
0.0
0.0
0.0
1.5
0.0
0.0
0.0
0.3
0.0
0.8
1.5
14.7
0.0
0.0
0.0
0.0
0.0
9.4
0.0
0.8
0.0
0.0
0.0
2.5
0.0
0.0
0.0
3.3
0.0
0.0
0.0
0.0
0.0
0.3
0.0
0.5
0.0
1.3
0.0
4.3
31.2
0.3
0.0
0.0
4.3
0.5
29.0
0.0
0.0
0.0
0.0
1.5
0.0
0.0
0.0
0.3
0.0
15.0
0.0
0.0
0.0
0.3
0.0
0.0
0.0
0.0
0.0
14.0
3.8
5.8
39.1
28.2
0.8
0.0
15.2
27.2
0.0
0.3
0.0
0.0
0.0
16.5
1.0
0.0
0.0
0.0
0.0
0.0
0.0
35.1
73.7
36.1
1.0
0.0
8.4
0.3
0.0
0.3
0.0
0.0
0.0
1.5
0.0
0.0
0.0
0.0
0.0
0.0
0.0
0.0
0.0
0.0
0.0
0.0
0.0
0.0
2.5
0.5
0.5
7.6
0.5
0.0
6.9
0.0
3.3
11.9
0.0
0.0
0.0
0.0
0.0
1.3
1.0
0.0
0.0
0.0
0.0
2.3
0.0
0.0
0.0
0.0
2.3
42.9
0.0
0.0
0.0
0.0
9.4
0.0
0.0
7.4
0.3
0.0
11.2
0.5
0.0
0.0
4.8
1.5
0.0
0.0
0.0
0.0
0.0
0.0
0.3
0.0
0.0
0.0
0.0
0.0
0.0
2.3
3.3
0.0
0.0
0.0
0.3
8.6
0.0
0.0
0.0
0.0
0.3
7.1
0.0
0.0
0.0
0.0
1.3
42.2
0.0
0.0
0.0
0.0
0.0
0.0
10.4
0.0
0.0
0.0
0.0
0.0
0.0
0.0
0.0
2.0
0.0
0.0
0.0
0.0
9.9
0.0
0.0
0.0
0.0
0.0
0.0
0.0
0.0
0.0
0.0
0.0
0.0
0.0
0.0
0.0
19.6
9.1
8.4
8.9
0.0
0.0
31.2
0.3
0.0
0.0
0.0
7.4
0.0
0.0
0.0
0.0
0.0
0.3
21.8
15.2
2.0
0.0
0.0
0.0
0.0
0.0
0.3
0.0
0.5
1.0
0.0
0.3
0.5
0.0
0.0
0.0
0.0
0.0
0.0
1.3
0.0
0.0
1.5
0.0
0.8
6.3
0.0
0.0
0.0
0.0
0.0
0.0
0.0
0.0
0.0
0.0
0.0
3.8
0.0
0.0
0.0
3.0
0.0
0.0
0.0
0.0
0.0
0.0
0.0
0.0
0.0
0.0
0.0
0.0
0.0
0.0
0.0
0.0
0.0
0.0
0.0
0.0
0.0
0.0
0.0
0.0
0.0
0.0
0.0
0.0
0.0
0.0
0.0
0.0
0.0
3.0
0.0
0.0
0.0
9.1
0.3
0.0
0.0
0.0
0.0
0.0
0.0
0.0
0.0
3.0
9.4
1.3
0.0
0.0
0.0
0.0
0.0
0.0
0.0
0.0
0.0
0.0
0.0
0.0
0.5
0.0
0.0
0.0
0.0
0.0
2.1
0.0
0.0
0.0
1.0
0.0
1.5
0.3
34.3
46.7
8.1
1.3
2.3
8.6
0.0
0.0
0.0
0.0
7.4
0.0
0.0
0.0
0.0
0.5
0.0
0.0
0.0
0.0
0.0
0.0
0.0
0.0
0.0
5.1
0.0
0.0
0.0
0.0
0.0
0.0
6.3
30.0
0.0
16.3
11.7
1.5
5.3
1.5
0.0
0.0
2.0
16.5
0.0
0.0
0.0
0.0
0.0
0.0
0.0
0.0
0.0
8.6
13.5
0.8
0.3
0.0
0.0
0.0
0.0
0.0
0.0
4.8
1.0
0.0
0.0
0.0
0.0
0.0
0.0
0.0
0.0
9.9
0.0
0.0
5.3
0.0
0.0
5.3
0.0
0.0
0.0
0.0
0.0
5.6
0.0
0.0
4.1
2.5
0.5
1.8
0.0
0.0
0.0
2.0
0.0
0.0
0.0
2.3
10.7
0.0
0.0
0.0
0.0
0.0
0.0
0.0
0.0
0.0
1.5
17.5
40.1
7.4
0.0
0.0
0.0
0.0
0.0
0.0
0.0
1.5
36.1
26.9
0.0
0.0
0.0
9.4
0.0
0.0
0.0
0.0
53.3
0.0
0.0
0.0
0.3
0.0
0.0
0.0
0.0
0.8
0.0
0.0
0.0
15.2
0.0
0.0
0.0
0.0
0.0
0.0
4.1
0.0
0.0
0.0
0.0
0.0
0.0
0.0
23.9
44.4
0.3
0.0
0.0
0.0
0.0
0.0
0.0
7.6
0.0
0.0
1.3
0.0
0.0
0.0
0.0
4.8
0.0
5.6
0.0
0.0
24.9
0.3
0.0
0.0
18.3
1.0
0.0
0.0
0.0
8.4
0.0
0.0
0.0
0.0
0.0
0.0
0.0
1.0
77.7
11.7
0.0
0.0
0.0
0.0
0.0
0.0
0.0
0.0
0.0
0.0
0.0
0.0
0.0
0.0
0.0
4.6
18.5
1.8
0.0
0.0
0.0
0.0
0.0
0.0
0.0
0.0
3.6
14.0
0.5
0.3
0.0
5.3
0.0
3.3
0.0
0.5
0.8
0.0
0.0
0.0
0.0
0.0
0.0
0.0
0.0
0.0
0.5
21.3
0.0
0.5
0.0
0.0
15.2
22.6
0.0
0.5
6.9
3.6
0.0
0.0
3.6
2.0
0.0
0.0
0.0
0.0
0.0
7.4
0.0
0.0
0.3
0.0
0.0
0.0
0.0
11.7
2.0
8.4
1.8
0.0
0.0
0.0
0.0
18.8
1.3
0.8
0.0
0.0
0.8
0.0
0.0
0.0
0.0
0.0
0.0
8.4
1.0
0.0
0.0
0.0
0.0
0.0
3.3
0.8
0.0
0.0
0.0
0.5
1.0
21.3
0.0
0.0
0.0
53.8
