20000101
0.0
0.0
0.0
11.1
0.0
0.0
0.0
0.0
2.0
0.0
0.0
0.0
0.0
0.0
0.0
0.0
0.0
0.0
0.0
3.7
0.0
0.0
2.4
0.0
0.0
0.0
0.0
0.0
0.0
8.6
0.4
0.0
0.0
0.0
0.4
0.0
0.0
0.0
0.0
0.0
1.8
0.0
0.0
0.0
0.9
0.0
0.0
0.0
31.4
1.0
0.0
0.0
0.0
0.0
1.5
0.0
0.9
6.0
0.0
0.0
1.6
0.0
0.0
1.4
0.0
0.0
0.0
0.0
0.0
0.0
3.6
5.3
0.3
0.0
0.5
0.7
0.0
0.0
9.5
10.3
0.9
0.0
0.0
0.0
0.0
0.0
13.3
0.0
0.0
0.0
0.0
0.0
0.2
0.0
0.0
0.0
0.0
1.6
5.1
0.0
0.0
1.2
0.0
0.0
0.0
0.0
0.0
14.3
0.0
0.1
1.7
6.1
0.0
0.0
14.6
0.6
0.0
0.0
0.0
0.8
0.0
0.0
0.9
0.0
0.0
0.0
0.0
4.8
0.0
9.0
0.7
0.0
0.0
4.1
0.0
0.0
0.0
0.0
6.2
0.0
0.0
0.0
0.3
6.1
0.0
0.0
0.0
31.6
7.1
0.8
0.0
0.0
0.0
0.0
0.0
0.0
7.6
0.0
0.0
0.0
0.0
0.0
0.6
11.4
1.8
4.8
0.9
0.0
3.6
0.4
0.0
0.6
80.4
0.0
0.0
21.5
15.3
18.7
2.5
0.0
0.0
0.0
0.0
0.0
1.5
0.0
15.7
16.9
0.0
0.0
0.0
0.0
13.6
0.5
0.0
0.0
0.0
0.0
0.0
0.0
25.6
0.0
0.0
0.0
0.0
0.0
0.0
0.0
2.3
1.1
5.7
0.0
10.9
2.5
0.0
9.5
0.4
2.1
22.7
1.6
7.1
2.1
0.0
0.0
0.0
0.0
0.0
0.0
0.0
0.0
11.4
0.0
0.0
0.0
0.3
16.0
11.7
0.0
0.0
2.1
0.0
0.0
0.0
0.0
0.0
0.0
0.0
0.0
0.0
0.0
0.0
0.0
0.0
0.0
3.5
15.0
0.0
0.0
10.0
0.0
0.0
0.0
0.0
0.0
5.4
7.1
0.0
26.9
16.2
10.8
0.0
0.0
0.0
0.0
0.0
0.0
0.0
4.1
72.4
6.7
0.0
0.0
0.0
0.0
0.0
0.0
0.0
1.6
15.6
0.4
0.9
0.0
0.0
0.0
0.0
0.0
1.6
0.6
0.0
0.0
0.0
0.0
0.0
0.0
0.0
0.0
5.8
0.1
0.0
0.0
0.1
33.0
0.0
9.4
10.0
0.0
0.0
10.4
0.0
0.0
0.0
0.0
0.0
0.0
0.0
0.0
0.0
0.0
0.0
3.6
9.5
0.0
0.0
0.5
0.0
0.0
2.0
0.0
0.0
0.0
0.0
0.0
0.0
0.0
0.0
7.8
7.9
0.0
13.6
0.0
11.4
2.4
0.0
2.1
0.0
0.9
0.0
0.0
0.0
0.0
0.0
0.0
0.0
3.3
3.1
0.0
1.1
0.0
0.0
0.0
0.0
0.0
0.0
0.0
0.0
0.0
0.0
4.8
0.0
2.2
0.0
0.0
0.0
0.0
0.0
0.3
0.0
0.0
0.0
0.0
0.0
2.9
2.0
0.0
19.8
17.6
0.6
0.0
0.0
0.0
0.0
0.0
0.0
0.0
0.0
2.8
3.8
0.0
0.0
0.0
9.4
1.2
2.3
0.0
0.0
0.0
0.0
0.0
2.2
0.0
11.1
51.4
0.0
0.0
0.0
0.0
0.8
0.0
0.0
0.0
0.0
0.0
0.0
0.0
0.0
0.0
1.3
0.2
0.0
2.0
22.3
5.7
0.0
0.0
0.0
0.0
0.0
0.0
0.0
0.0
0.0
0.0
0.0
0.0
0.0
0.0
3.6
0.0
0.6
0.0
0.0
1.1
0.0
0.0
3.7
5.7
42.0
2.5
0.0
0.0
0.5
0.7
0.0
0.0
0.0
3.8
3.0
0.8
0.0
2.7
0.7
1.4
0.0
0.0
2.3
0.0
0.0
0.0
0.0
0.0
4.7
3.0
8.9
0.5
0.0
0.0
4.1
0.0
0.0
1.1
2.2
0.0
0.1
12.8
3.4
0.0
6.5
0.6
1.4
1.4
0.3
7.0
10.0
0.0
0.1
0.0
11.5
7.9
7.0
0.3
24.2
6.6
49.3
0.0
0.0
0.0
0.0
0.0
0.0
0.0
0.0
4.9
0.0
0.0
0.0
0.0
1.0
6.8
3.3
0.0
0.0
0.0
0.0
0.0
1.1
0.0
0.0
0.9
1.6
0.0
3.4
6.1
0.0
0.0
0.0
0.9
0.0
0.0
0.0
0.0
0.0
0.0
0.0
1.0
12.4
6.2
3.0
0.0
0.3
0.0
12.4
0.0
5.6
0.0
0.0
0.0
0.0
0.0
0.0
1.2
14.0
0.0
0.0
0.0
0.0
0.0
0.0
0.8
0.0
0.0
0.0
0.0
0.0
6.3
0.0
0.9
10.1
0.0
0.0
0.0
40.3
4.9
3.3
1.4
0.0
0.0
0.0
3.3
12.4
0.0
0.0
0.0
0.0
0.0
1.1
10.8
4.5
13.7
3.1
0.0
0.0
0.0
0.0
0.0
0.0
0.0
7.6
16.1
2.0
7.2
0.0
1.1
0.7
0.0
0.0
0.0
0.0
0.0
0.0
0.0
0.0
0.0
0.0
17.4
9.1
0.0
0.0
0.0
14.8
13.0
31.5
0.0
21.3
0.8
18.8
0.0
0.0
0.0
0.0
0.0
0.0
10.4
0.4
17.6
0.0
0.0
0.0
0.0
0.0
0.0
0.0
3.3
0.0
0.0
0.0
0.0
0.0
0.0
0.0
0.0
0.0
0.0
0.0
0.0
0.0
0.0
0.0
0.0
3.5
0.0
0.0
0.0
0.0
20.1
2.8
0.0
1.1
5.6
8.8
14.1
0.0
0.0
0.0
0.0
0.0
1.5
0.0
0.0
0.0
0.0
0.0
3.0
12.0
9.4
2.3
5.2
18.4
2.0
0.0
0.0
0.0
0.0
3.6
0.0
0.0
0.0
0.0
0.0
0.0
0.0
0.0
0.0
0.0
0.0
0.0
0.0
0.9
0.0
0.0
0.0
0.0
0.0
0.0
0.0
0.0
0.0
0.0
0.0
0.0
2.1
0.0
0.0
0.0
0.0
1.0
0.0
0.0
0.0
0.0
0.0
14.5
42.0
8.4
0.0
0.0
0.0
0.0
0.0
0.0
0.0
0.0
2.3
4.2
0.0
0.0
0.0
0.0
0.0
0.0
0.0
5.2
26.1
1.6
0.0
0.0
0.0
0.0
9.3
0.8
0.0
0.0
11.5
11.0
0.0
0.0
0.0
0.0
0.0
17.8
0.8
0.0
0.5
0.0
0.0
2.7
4.0
2.4
0.0
1.2
2.7
0.0
0.0
0.0
0.0
15.8
8.0
0.0
0.0
1.4
0.5
0.0
0.0
0.0
0.0
0.0
0.0
0.0
0.0
6.8
17.5
0.0
0.0
0.0
0.1
0.0
0.0
0.0
0.0
0.0
0.0
42.0
32.0
10.6
0.0
21.1
24.9
0.0
0.8
48.5
0.0
0.0
0.0
10.2
0.0
0.0
0.0
15.1
43.3
4.6
21.4
0.0
10.2
73.3
27.7
0.0
0.0
1.6
13.0
10.5
0.0
0.0
0.0
0.0
0.0
5.1
4.5
0.0
0.0
25.1
1.1
0.0
0.0
32.7
0.0
0.0
0.0
14.8
6.1
0.0
0.0
0.0
6.0
4.9
60.8
53.0
2.6
0.4
12.3
0.0
0.0
0.0
0.0
0.0
0.0
0.0
0.0
0.0
0.9
0.0
0.0
0.0
0.0
0.0
0.0
0.0
0.0
0.0
0.0
0.0
0.0
0.0
1.3
0.0
16.2
0.0
0.0
0.0
0.0
0.0
0.0
0.0
0.0
0.0
0.0
13.8
0.0
0.0
3.0
22.8
0.0
0.8
1.5
0.0
0.0
0.0
0.0
0.0
0.0
8.0
0.0
0.0
0.0
0.0
0.0
0.7
0.0
5.1
9.1
1.8
11.0
0.3
16.9
4.5
0.0
0.0
5.0
10.8
0.0
0.0
0.0
0.0
0.0
0.0
0.0
0.0
0.0
0.0
0.0
0.0
0.0
0.0
0.0
0.0
0.0
0.0
0.0
0.0
0.0
3.9
7.6
0.0
15.6
0.0
15.2
5.1
0.0
0.0
0.0
0.0
0.0
0.0
0.0
0.0
0.0
0.0
0.0
9.6
2.0
9.3
0.0
2.3
0.0
0.0
0.0
0.0
0.0
2.7
0.0
0.0
0.0
0.0
0.0
17.7
0.0
0.0
0.0
0.0
0.2
9.3
7.4
0.0
0.0
11.6
4.5
3.4
0.0
0.0
0.0
1.0
2.7
5.6
0.0
0.0
0.0
0.5
0.4
0.0
0.0
0.0
2.8
0.0
0.0
0.0
0.3
0.0
0.0
2.4
0.0
0.0
0.0
0.0
0.0
0.0
0.0
0.0
0.0
0.0
0.0
0.0
0.0
0.0
0.0
0.0
0.0
0.0
0.0
0.0
0.0
0.0
0.0
0.0
0.0
11.4
22.7
0.0
0.0
2.2
0.0
0.0
9.9
0.0
0.0
0.0
0.0
0.0
0.2
0.0
2.1
1.5
0.0
0.8
0.0
0.0
0.0
0.0
0.0
0.0
0.0
0.0
0.0
0.0
2.8
0.5
0.0
0.4
0.0
0.0
0.0
0.1
0.0
0.0
0.9
0.0
0.0
1.9
0.0
0.0
6.9
0.0
0.9
0.3
0.0
0.0
0.3
0.0
0.0
1.8
3.3
0.0
0.0
0.0
13.9
15.1
0.0
0.0
0.0
0.0
0.0
0.0
1.7
3.6
0.0
0.0
0.0
0.0
0.0
0.6
0.0
0.0
1.9
0.0
0.0
0.0
0.0
0.0
0.0
0.0
23.6
0.0
0.0
0.0
0.0
0.0
3.4
13.6
7.5
0.0
0.0
0.0
1.6
0.0
0.0
0.0
10.2
0.0
0.0
0.0
0.0
0.0
0.3
13.9
0.0
10.9
0.0
0.0
0.0
0.0
0.0
0.0
0.0
0.0
0.0
12.6
0.0
0.0
8.5
0.0
0.0
0.0
0.0
16.5
2.5
0.0
0.0
3.4
0.0
12.1
0.0
0.0
0.0
24.0
0.0
19.1
0.0
14.7
6.8
43.3
0.0
0.0
0.0
2.5
0.4
1.2
1.1
0.0
8.2
0.0
0.0
0.0
0.0
10.5
0.0
0.0
0.0
0.6
0.0
0.7
0.0
0.0
11.5
0.1
0.0
0.0
10.9
0.0
0.0
6.3
1.2
18.6
0.8
7.5
0.0
0.0
0.0
0.0
2.5
0.0
0.0
0.0
0.0
0.0
0.0
23.5
0.1
0.0
0.0
0.0
0.6
0.0
0.0
0.0
0.0
0.0
1.0
0.0
13.8
35.9
0.0
0.0
0.0
0.0
0.0
0.0
0.0
12.6
13.6
0.0
5.5
0.0
0.0
0.0
0.0
0.0
0.0
6.9
12.0
0.0
0.0
0.0
0.0
19.2
2.3
0.0
0.9
0.4
0.0
0.0
0.0
0.0
3.2
0.0
0.6
0.0
0.0
0.0
0.0
0.0
0.0
0.0
0.0
0.0
0.0
0.0
0.0
0.0
0.0
0.0
8.9
1.3
105.6
12.3
0.0
0.0
0.0
0.0
0.0
0.0
0.0
0.0
0.0
0.0
4.1
1.2
0.0
0.0
0.0
0.0
0.0
0.0
0.0
2.0
0.2
0.0
0.0
0.0
24.0
0.0
0.0
0.0
0.0
0.0
0.0
0.3
0.0
0.0
0.0
0.0
0.0
41.0
0.0
0.0
0.0
26.1
0.0
0.0
0.0
0.0
0.0
0.0
0.0
0.0
0.0
0.0
2.0
5.7
0.0
2.1
0.0
0.0
0.0
0.0
3.5
0.0
0.0
16.3
1.4
0.0
0.0
0.0
0.0
0.9
1.5
0.0
0.0
1.3
0.6
0.0
81.2
3.8
0.0
0.0
0.0
0.0
14.9
0.0
0.0
0.0
0.0
0.0
0.0
0.0
0.0
0.0
1.6
4.2
0.4
0.0
0.0
0.0
1.8
1.4
0.0
0.0
2.4
0.0
1.5
0.0
1.4
0.5
0.0
0.0
0.0
31.4
0.0
0.0
0.0
0.0
0.8
5.9
0.0
0.0
0.0
0.0
0.0
24.7
14.5
0.0
0.0
0.0
0.0
0.0
0.0
0.0
0.0
0.0
0.0
0.0
5.3
10.8
0.2
0.0
0.0
0.0
0.0
0.0
0.0
4.0
0.8
0.0
0.0
1.1
0.4
0.0
0.4
8.1
0.0
0.4
3.2
1.3
0.3
0.0
0.0
0.0
0.0
0.0
0.0
0.0
0.0
0.0
0.0
0.0
0.9
0.0
0.0
0.0
0.0
0.0
0.0
0.0
0.0
0.0
0.1
0.0
0.0
2.8
36.1
0.0
0.0
0.0
0.0
0.0
0.0
0.0
0.0
1.8
0.0
2.1
2.4
0.0
0.0
0.0
0.0
0.0
0.7
1.0
1.8
18.6
15.5
0.0
13.2
1.7
0.9
0.0
0.0
0.0
0.0
0.0
0.0
0.0
0.0
0.0
0.0
0.0
0.0
0.0
0.0
0.0
0.0
0.0
0.0
0.0
0.4
5.1
0.0
18.6
0.0
16.9
0.0
0.0
0.0
0.0
1.1
8.0
4.4
1.8
0.0
2.7
0.0
0.0
0.0
0.0
0.0
10.0
0.5
9.8
29.7
23.8
0.0
0.0
0.0
11.2
0.0
0.0
0.0
0.0
17.8
20.3
1.3
4.0
3.4
0.0
0.0
5.5
5.0
0.0
0.0
0.0
0.0
0.0
0.0
0.0
0.0
4.7
20.9
0.3
2.3
0.0
0.0
29.6
0.0
0.0
0.3
0.0
0.3
1.3
0.0
0.0
2.4
0.6
0.0
0.4
0.0
0.0
0.0
0.0
15.8
6.0
3.6
6.2
12.9
0.0
5.8
2.1
0.7
7.4
0.0
0.0
0.0
0.0
0.0
0.0
0.0
0.0
0.0
0.0
3.3
0.0
1.7
0.3
0.0
0.0
0.0
13.3
7.9
0.0
0.0
0.0
0.4
0.0
0.0
0.0
0.0
0.0
2.0
0.0
0.0
0.0
0.0
0.0
0.0
0.0
5.1
0.0
9.9
11.3
0.0
0.0
1.0
34.3
46.3
0.0
5.3
25.8
0.0
0.0
0.0
0.0
0.0
0.0
0.0
0.0
0.0
0.0
0.0
0.0
0.0
0.0
0.0
0.0
11.3
7.2
0.0
0.0
0.0
0.0
0.0
0.0
0.0
0.0
0.0
0.0
0.0
0.0
0.0
0.0
0.0
1.7
0.0
0.0
0.0
0.0
0.0
1.5
7.7
0.0
0.0
0.0
33.0
1.1
12.2
0.0
0.0
53.0
24.2
0.0
0.0
0.1
2.7
0.5
0.0
0.0
33.2
1.0
0.6
8.6
0.0
9.0
18.7
0.0
14.2
0.0
0.0
0.0
0.0
0.0
1.3
4.0
6.6
0.0
0.0
0.0
0.5
1.0
0.8
10.9
0.4
0.0
1.4
0.4
8.5
30.0
0.0
2.0
7.9
1.7
8.3
12.9
0.0
0.0
0.0
0.0
6.3
20.0
2.2
0.0
0.0
3.1
0.0
0.0
0.0
0.0
0.0
0.0
0.0
0.0
0.0
0.0
0.0
0.0
0.0
0.0
0.0
0.0
0.0
0.0
0.0
0.0
0.3
0.7
16.9
19.1
27.9
23.5
0.0
3.3
0.0
0.0
1.8
18.6
46.8
5.3
0.0
1.4
0.0
0.0
0.0
0.0
0.0
0.0
0.0
0.0
0.0
0.0
0.0
0.0
1.8
6.3
0.0
0.0
0.0
0.0
0.0
0.0
0.0
5.9
6.9
3.0
1.0
0.0
0.0
7.6
14.2
0.0
3.6
0.0
0.0
0.0
3.1
0.8
0.0
0.0
0.0
0.0
0.0
0.0
2.4
0.4
0.0
0.0
0.3
0.0
0.0
0.6
0.0
0.0
0.0
0.0
0.6
0.0
0.0
0.0
0.0
0.0
0.0
0.0
0.0
0.0
0.0
18.3
2.8
6.9
4.0
0.0
0.0
0.0
0.0
0.8
0.0
0.7
0.0
0.0
0.0
0.0
2.3
0.0
0.0
0.0
0.0
10.4
13.3
0.0
0.0
0.0
0.0
0.0
0.0
0.0
4.3
7.2
1.6
0.0
0.0
4.3
1.2
0.0
1.9
1.5
0.0
0.0
0.0
0.0
0.0
0.0
0.0
0.0
7.8
0.0
0.0
27.6
0.0
3.3
0.0
0.0
0.0
0.0
25.9
7.6
0.0
0.0
0.0
0.0
0.0
0.0
0.0
0.1
0.0
2.3
0.6
0.0
0.0
0.0
0.0
0.0
0.0
0.0
0.0
11.8
0.0
1.1
5.7
0.4
46.8
0.0
0.0
0.0
0.0
0.0
0.0
0.0
0.0
0.0
0.0
0.0
6.8
0.0
0.0
0.0
0.0
0.0
0.0
0.0
0.0
15.3
0.0
0.0
0.0
0.0
0.0
0.0
10.6
10.4
4.5
0.9
6.2
0.0
2.3
15.7
0.0
0.0
0.0
0.0
0.0
0.0
0.0
3.2
0.0
0.0
0.0
0.0
0.0
0.0
0.0
0.1
2.8
0.4
0.0
0.0
0.0
0.0
1.2
5.1
5.8
8.8
5.8
2.1
0.0
0.0
14.6
0.0
0.0
0.2
0.0
0.0
0.0
4.4
0.1
0.0
0.0
0.0
0.0
0.0
0.0
0.0
0.0
0.0
0.0
0.0
0.0
1.9
0.0
0.0
0.0
0.0
10.0
0.0
8.2
0.0
0.0
6.7
27.0
0.0
0.0
0.0
2.3
1.9
17.8
0.0
0.0
12.9
0.0
0.0
0.0
0.0
0.0
0.0
0.0
0.0
0.0
0.0
0.0
0.0
0.0
0.0
0.0
0.0
5.4
12.1
0.0
0.0
10.3
25.9
0.2
0.0
2.7
0.0
0.0
0.0
0.0
0.0
0.0
0.0
25.9
0.0
0.0
0.0
0.0
16.2
0.0
0.6
0.0
0.0
0.0
0.0
3.6
0.0
13.9
12.6
0.0
0.0
0.0
0.0
0.0
0.0
0.0
0.0
0.0
0.0
5.1
33.7
0.0
0.0
2.7
0.5
0.0
1.8
0.0
0.9
0.0
0.0
6.8
0.0
0.0
2.3
0.0
5.7
0.8
0.0
0.0
0.1
0.4
0.0
0.0
0.0
0.0
0.0
5.2
0.5
0.0
1.4
2.4
0.0
3.8
0.0
0.4
5.5
0.0
0.0
0.0
0.0
0.0
0.0
0.0
3.2
0.0
2.7
4.3
0.0
0.0
0.6
0.0
0.0
0.0
3.9
0.0
0.0
0.0
0.0
0.0
0.0
0.0
17.4
0.0
0.0
0.0
0.0
0.0
0.0
0.0
0.0
0.0
0.0
0.0
0.0
6.2
2.0
0.0
0.0
0.0
3.5
7.7
0.0
0.0
0.0
0.0
0.0
0.0
0.0
0.0
0.0
0.0
0.0
0.0
0.0
0.0
0.0
0.6
1.1
0.3
3.8
6.7
10.7
0.6
27.5
8.8
0.0
0.0
0.0
0.0
0.0
0.0
0.0
7.1
1.7
0.0
0.0
0.7
0.0
0.0
4.2
0.0
0.0
10.0
0.0
0.9
18.8
0.0
0.0
29.1
8.7
0.5
0.0
0.0
0.0
0.0
0.0
0.0
0.2
0.0
2.2
0.0
3.1
0.0
0.0
0.0
0.0
0.0
2.7
1.3
0.0
0.0
1.0
8.3
24.5
6.0
0.0
2.8
0.0
0.0
0.0
0.0
0.0
0.0
5.2
0.0
0.6
0.5
3.4
0.5
0.1
0.2
0.0
0.1
0.0
0.0
0.0
0.0
11.4
0.0
0.0
0.0
0.0
0.0
1.1
7.0
14.4
0.0
0.5
0.0
0.0
3.9
0.0
0.0
0.0
1.1
0.6
0.0
0.0
0.0
0.0
0.0
1.0
9.9
0.0
0.0
0.0
0.9
0.0
0.0
4.0
3.1
0.0
0.0
0.0
1.1
0.0
0.0
3.9
2.0
0.0
0.0
0.0
0.0
1.3
8.0
3.3
5.8
0.0
0.0
0.0
0.0
8.9
0.0
10.4
0.8
4.6
0.0
0.0
0.0
0.0
4.4
1.9
0.0
0.0
0.0
0.0
0.0
0.0
0.0
0.0
0.0
0.0
50.2
7.6
4.9
6.3
0.0
0.0
0.0
0.0
0.0
0.0
0.1
9.4
15.1
0.0
0.0
0.0
0.0
0.0
0.0
6.6
0.8
1.7
0.0
0.0
0.0
0.0
0.0
0.0
1.0
1.5
0.0
0.0
0.0
0.0
0.0
35.4
0.8
0.0
0.0
0.0
0.0
22.9
0.0
0.0
0.0
0.0
1.0
0.0
0.0
0.0
0.0
0.0
0.0
0.4
0.0
0.0
0.0
0.0
0.0
0.0
0.0
0.0
0.0
0.0
8.4
1.1
0.0
0.0
0.0
0.0
43.8
0.0
0.6
0.0
0.0
5.9
0.0
0.0
0.0
14.7
2.7
10.3
0.0
0.0
0.0
0.0
0.0
0.0
0.0
0.0
0.0
1.3
0.0
0.0
0.0
13.2
0.0
0.1
0.0
7.1
19.0
0.0
0.0
0.0
0.0
0.0
0.0
0.0
0.0
0.0
0.0
0.0
0.0
0.0
26.2
50.4
2.1
0.0
0.0
0.0
0.0
1.1
0.0
0.0
0.0
7.5
4.6
0.0
0.0
0.0
0.0
0.0
5.0
0.0
0.0
25.7
1.4
0.0
0.0
0.0
0.0
0.0
0.0
0.0
0.0
14.8
2.6
0.0
0.0
0.0
11.3
1.1
0.0
1.1
0.0
0.0
0.0
0.0
30.1
3.2
23.9
0.0
0.0
0.0
0.0
0.0
5.6
1.3
0.0
8.3
0.0
0.0
0.0
0.0
0.0
0.0
0.0
0.0
0.0
0.0
0.0
0.0
0.0
1.9
0.0
0.0
0.0
0.0
0.0
10.0
12.3
0.0
0.0
6.6
0.3
0.0
0.0
0.0
0.0
0.0
0.0
23.7
0.0
0.0
0.0
6.4
7.4
0.0
0.0
0.0
0.0
0.0
0.0
0.0
1.8
0.0
0.0
0.0
0.0
1.8
0.0
0.0
0.0
8.3
1.3
0.9
3.1
4.3
7.3
0.0
0.0
0.0
0.0
0.2
0.0
4.3
10.9
0.0
0.0
5.8
0.0
0.0
0.0
0.0
0.0
0.0
13.3
2.8
0.0
3.4
7.1
0.0
0.0
0.0
0.0
0.0
0.0
0.0
0.0
0.0
12.6
25.4
11.3
0.0
0.0
0.0
0.0
0.0
4.9
17.6
4.0
0.0
0.0
0.0
7.4
0.0
3.3
0.0
0.0
0.0
0.0
17.0
0.0
0.0
0.0
0.0
0.0
0.0
0.0
0.0
8.9
2.3
6.1
0.0
0.0
0.0
0.0
13.6
1.6
2.9
0.8
0.3
0.0
0.0
2.0
0.0
0.0
0.0
0.0
0.0
0.0
0.0
0.0
0.0
0.0
1.5
0.0
0.0
13.2
0.5
33.5
1.5
0.0
0.8
0.0
15.0
0.0
0.0
0.0
0.0
0.0
14.2
0.0
0.0
0.0
0.0
0.0
11.4
0.0
0.0
0.0
1.5
0.0
4.5
17.3
0.0
0.0
0.0
0.0
0.0
0.0
0.0
0.0
0.0
2.0
0.0
0.0
0.0
0.0
0.0
0.0
0.0
10.9
0.0
2.3
0.0
0.0
0.0
0.0
0.0
1.5
0.0
0.0
0.0
9.4
0.0
4.1
2.8
0.4
1.4
0.0
0.0
10.7
0.0
0.0
0.0
0.0
0.0
0.0
0.0
0.0
0.0
0.0
0.0
3.6
10.7
0.0
7.9
0.0
4.8
0.0
0.0
0.0
0.0
0.3
0.0
0.0
0.0
0.0
8.4
0.0
0.0
0.0
0.0
3.5
0.0
0.0
0.0
0.0
0.8
0.0
17.3
0.0
0.0
0.0
0.0
0.0
1.3
0.0
0.0
0.0
0.0
0.3
0.0
20.3
0.0
15.5
2.8
0.0
0.0
0.0
6.1
0.0
0.0
2.8
8.9
0.0
0.0
0.0
0.0
0.0
0.0
0.0
0.0
0.0
0.0
0.0
0.0
0.0
0.0
0.0
0.0
11.4
0.0
0.0
0.0
0.0
0.0
0.0
0.0
6.3
38.4
0.0
0.0
0.0
7.1
1.5
0.0
0.0
0.0
0.0
1.0
6.9
0.0
0.5
0.0
5.6
4.1
16.8
8.6
3.0
7.4
0.5
0.0
6.1
14.2
0.0
0.0
0.0
0.0
0.3
0.0
3.6
0.0
0.0
0.0
2.3
1.0
2.0
0.0
0.0
0.0
0.3
0.0
0.0
1.3
0.0
0.0
45.2
2.0
0.0
2.0
0.0
0.0
0.3
0.0
0.0
0.0
0.5
0.0
0.0
0.0
0.5
0.0
0.3
0.0
0.0
0.0
0.0
0.0
4.6
0.0
22.6
0.5
0.0
9.1
20.3
47.8
0.8
0.5
0.5
0.0
0.0
0.0
0.0
0.0
0.0
0.0
26.4
1.0
0.0
0.3
0.0
3.6
6.1
0.0
0.0
3.3
0.8
0.0
2.5
0.0
0.0
9.7
1.0
15.2
0.0
0.0
0.0
0.0
0.0
0.0
0.0
0.0
4.8
0.0
0.0
0.0
17.0
25.1
0.3
0.0
0.0
0.0
1.0
0.0
0.0
3.8
15.0
0.3
2.3
3.6
10.9
0.0
0.0
2.5
0.0
0.0
0.0
0.0
8.6
14.5
11.7
1.0
2.3
1.8
0.0
0.0
0.0
0.0
7.9
0.0
0.0
0.0
0.0
0.0
0.5
13.7
0.0
2.3
2.0
0.0
0.0
1.0
5.1
0.0
0.0
0.0
0.3
16.0
7.1
0.5
25.4
5.3
0.0
0.5
0.0
16.3
0.0
0.0
0.0
3.6
0.0
0.0
0.5
3.6
0.0
11.7
1.3
0.8
0.0
0.0
51.8
0.0
0.0
46.5
58.7
0.0
0.0
32.0
22.1
10.7
1.0
0.0
0.0
0.0
1.0
0.0
0.0
0.0
0.0
0.0
0.0
0.0
0.0
6.6
0.0
0.8
5.5
1.3
13.0
0.0
10.7
0.0
0.0
13.0
23.9
0.0
0.0
0.0
0.0
19.3
0.0
0.0
30.0
3.6
0.0
0.0
0.0
0.0
0.0
0.5
0.0
0.0
19.8
0.0
0.0
2.3
0.0
0.0
31.8
0.0
15.0
4.8
0.0
0.0
0.0
2.8
0.0
18.8
0.0
0.0
0.0
0.0
0.0
0.0
0.0
0.0
0.0
0.0
0.0
0.0
0.0
0.0
1.3
3.3
0.0
0.0
0.0
0.0
0.0
0.0
3.0
0.0
0.0
0.0
0.0
2.3
2.8
57.7
0.0
2.8
1.0
11.9
0.0
0.0
13.5
20.1
38.1
56.1
0.0
0.0
0.0
0.0
0.0
0.0
0.0
0.0
0.0
0.0
0.0
0.0
0.0
0.0
6.3
0.0
0.0
0.0
0.0
0.0
0.0
0.0
10.4
0.0
0.0
0.0
0.0
0.0
0.0
0.0
11.2
0.0
0.5
0.0
0.0
0.0
0.0
0.0
27.4
1.0
0.0
0.0
0.0
0.0
0.0
0.0
0.0
0.0
0.0
0.0
0.0
0.0
1.5
0.0
0.0
0.0
3.6
6.1
0.0
2.8
4.3
0.3
0.0
0.0
0.0
0.0
0.0
0.0
0.0
0.5
0.0
0.0
0.0
0.0
0.0
6.3
3.6
0.5
0.0
1.3
0.0
0.0
0.0
0.0
8.4
2.8
0.0
0.3
0.0
0.0
10.7
0.0
3.6
0.0
30.7
0.0
0.0
0.0
0.0
25.1
4.8
0.0
0.0
31.5
0.0
0.0
0.0
0.0
0.0
0.0
0.0
0.0
1.0
0.3
0.0
0.0
3.0
0.0
0.0
0.5
0.5
0.0
0.0
0.0
0.0
2.5
0.5
0.0
0.0
0.0
0.0
0.0
2.0
0.8
8.4
0.0
0.0
0.0
0.0
0.0
0.0
0.0
0.0
0.0
0.0
0.0
0.0
2.0
23.1
9.1
0.0
0.3
0.0
0.0
0.0
0.0
0.0
0.0
0.0
0.0
0.0
0.0
0.0
0.0
9.7
0.0
0.0
0.0
0.0
0.0
0.0
0.0
0.0
6.9
5.1
7.6
10.9
0.0
0.0
0.0
0.0
0.5
1.0
0.0
2.8
0.0
0.0
0.0
6.3
0.8
8.1
0.3
0.0
0.0
36.3
0.8
4.3
4.1
0.0
9.1
0.0
0.0
4.8
0.0
0.0
0.0
23.6
0.3
0.0
16.8
1.5
0.3
0.0
0.0
0.0
6.6
13.0
0.3
0.0
0.0
0.0
0.0
0.0
0.0
35.3
0.5
20.6
0.5
4.3
0.0
0.0
0.0
0.0
0.0
10.2
6.3
0.0
0.8
0.0
10.4
40.4
0.0
10.7
0.0
0.0
0.0
0.0
0.0
0.0
0.0
0.0
9.1
15.7
4.6
2.0
4.8
0.3
1.5
0.0
0.0
0.8
1.3
0.0
0.0
0.0
0.8
3.8
5.8
46.7
5.8
0.0
0.0
0.3
9.1
1.5
0.0
3.6
27.2
0.0
7.1
0.0
0.0
0.0
0.0
0.0
24.4
0.0
0.0
0.0
0.0
0.0
2.3
13.7
0.0
0.0
0.0
0.0
0.0
0.0
0.5
0.0
0.0
20.3
0.0
0.0
0.0
0.0
0.0
0.0
0.5
0.0
0.0
23.1
0.0
0.0
0.0
5.8
0.0
0.0
0.0
2.3
0.0
0.8
9.9
0.0
0.0
0.8
0.0
0.0
0.0
0.0
0.0
0.0
0.0
0.0
26.7
9.7
0.5
30.0
0.5
2.0
0.0
0.0
0.0
0.0
0.0
0.0
0.0
0.0
0.0
0.0
0.0
0.0
0.0
0.0
34.3
1.5
0.0
0.0
0.0
0.0
0.0
0.0
0.0
0.0
0.0
0.0
0.0
0.0
0.0
5.3
0.5
0.8
0.5
1.0
0.8
2.3
0.3
0.0
0.0
0.0
10.4
0.0
0.3
0.0
4.1
6.9
8.9
53.6
6.1
0.0
1.8
0.5
25.7
2.8
0.8
0.3
0.0
0.0
0.0
0.0
0.0
60.5
1.0
0.5
3.6
3.8
9.7
0.3
41.4
26.7
0.0
0.0
0.0
0.5
0.0
0.0
0.0
0.0
0.0
0.0
0.0
0.0
0.0
0.0
0.0
49.0
45.0
6.3
7.6
0.5
0.0
0.0
0.0
0.0
10.9
1.0
0.8
0.0
0.0
0.8
0.0
0.0
11.2
0.0
0.0
0.0
0.8
0.0
16.8
0.5
0.0
0.0
11.2
0.0
0.0
0.0
0.0
0.0
0.8
0.3
1.5
0.0
7.1
20.6
31.5
1.8
1.5
1.8
0.0
0.3
1.8
0.0
0.0
0.0
0.0
0.0
0.0
7.6
0.5
0.0
0.0
0.0
0.0
0.0
0.0
0.0
0.0
0.0
0.0
0.0
2.0
1.5
15.2
0.5
10.7
0.5
1.5
0.0
3.8
0.0
0.0
0.0
0.0
0.0
0.0
0.0
6.6
15.2
0.0
0.0
7.1
6.1
0.0
0.0
0.0
0.0
5.1
0.0
0.0
0.0
0.0
3.8
4.3
20.1
0.0
0.0
0.0
0.0
0.0
0.0
0.0
0.0
0.0
0.0
0.0
0.0
0.0
1.3
0.0
3.3
7.6
0.0
10.4
3.0
0.3
0.0
0.0
0.0
0.0
0.0
1.5
4.8
0.0
0.0
5.3
22.9
0.0
8.6
9.4
0.0
0.0
0.0
0.0
11.7
0.0
4.3
0.0
0.5
11.4
0.0
0.0
0.0
0.0
0.0
0.0
0.0
0.0
0.0
0.0
0.0
0.0
0.0
3.8
11.2
8.4
45.2
7.6
5.6
0.3
0.0
0.0
3.0
3.3
0.0
0.0
0.0
0.0
0.0
0.0
0.0
0.0
22.9
3.8
0.8
1.8
0.0
3.3
38.1
4.1
0.3
0.0
15.0
0.8
0.0
0.0
0.0
1.0
1.8
0.0
0.0
0.0
0.0
0.5
16.5
0.3
2.5
0.5
0.5
0.0
0.0
14.0
0.0
0.0
0.0
17.0
15.7
0.0
33.0
0.0
0.0
19.0
0.0
43.9
20.3
14.7
19.0
0.0
0.0
0.0
3.3
0.0
0.0
0.0
0.0
0.0
0.0
0.3
0.0
0.0
10.2
0.0
0.0
0.0
2.5
0.0
0.0
0.0
0.0
0.3
0.0
1.3
79.2
19.8
1.3
0.0
0.0
29.2
0.0
0.0
0.3
0.8
0.0
0.8
0.0
0.0
0.0
0.0
0.0
0.0
0.0
0.0
0.0
0.0
0.3
0.0
0.0
32.8
0.0
0.0
0.0
0.3
0.0
0.0
70.6
0.0
0.0
0.0
0.0
0.0
0.0
0.0
0.0
0.0
1.3
0.3
31.2
39.9
0.0
0.0
0.0
0.0
0.0
0.0
1.5
20.6
0.3
0.0
0.0
0.0
0.0
0.0
0.0
8.9
1.8
0.0
0.0
7.1
3.3
0.3
4.8
0.3
0.0
0.0
0.0
0.0
0.8
4.1
0.0
0.0
0.0
0.0
0.0
0.0
0.0
0.0
0.0
0.0
0.0
0.0
0.0
0.0
0.0
0.5
0.0
0.0
0.0
0.0
0.8
1.0
6.6
0.0
0.0
0.0
0.0
0.0
0.0
0.0
0.0
0.0
1.3
0.0
0.0
0.0
0.0
0.0
0.0
0.0
2.5
0.0
0.0
0.0
0.0
0.5
0.0
0.0
0.0
0.0
35.1
2.0
33.5
3.8
0.0
0.0
0.0
17.8
0.0
0.0
0.0
0.0
0.3
0.0
0.0
0.0
0.0
0.0
0.0
7.6
1.0
0.0
0.0
0.0
0.3
0.0
0.0
0.0
0.0
0.0
0.0
0.3
7.9
0.0
0.0
0.0
0.0
1.3
0.5
5.3
0.0
0.0
0.0
0.0
0.0
1.5
1.0
0.0
0.0
6.1
2.5
0.0
0.0
0.0
0.0
0.0
1.5
0.5
5.8
1.8
0.8
0.0
2.0
0.0
0.0
0.0
0.0
0.0
0.0
0.0
7.3
41.2
0.0
0.0
0.0
1.3
0.0
0.0
0.0
0.0
0.0
0.0
0.0
0.0
0.0
0.0
0.0
0.0
0.0
9.1
10.4
6.1
0.3
3.3
5.6
0.3
0.5
11.9
0.0
0.0
0.0
0.0
20.8
0.0
0.0
0.0
17.5
0.8
0.0
0.0
0.0
0.0
6.1
0.5
0.0
0.0
2.5
1.8
0.0
0.0
0.0
0.0
0.0
0.0
0.0
0.0
0.0
0.0
0.0
0.0
0.0
0.0
11.9
0.5
0.0
0.0
0.3
29.0
0.0
11.9
0.0
0.0
0.0
0.0
21.8
0.5
0.0
2.3
47.5
0.0
3.3
30.2
1.0
0.3
16.3
1.3
5.1
0.0
0.0
0.0
7.6
0.3
0.0
0.0
3.8
0.8
0.0
0.0
0.0
0.0
0.0
0.0
18.5
9.1
3.6
0.0
0.0
0.0
0.0
0.0
0.0
3.6
1.3
2.8
89.2
3.0
0.3
6.1
0.0
0.0
0.0
0.0
15.2
0.0
7.1
7.1
0.0
0.0
0.0
0.0
27.4
0.8
0.0
21.6
29.7
3.3
0.8
8.1
16.3
0.5
0.0
1.3
0.0
0.5
0.0
32.3
16.3
1.0
0.0
0.0
0.0
0.0
0.0
0.5
0.0
0.0
0.0
37.1
0.0
0.0
0.0
0.0
12.7
0.5
0.0
0.0
0.0
0.0
0.0
0.0
0.0
0.0
0.0
0.0
7.9
0.0
23.6
0.0
0.0
0.0
0.0
0.0
0.0
0.0
0.0
0.0
1.0
0.3
0.0
2.0
0.0
0.0
0.0
0.0
5.6
0.0
0.0
0.0
0.0
0.0
0.0
0.0
0.0
0.0
0.0
0.0
0.0
0.0
0.0
0.0
0.0
0.5
0.0
0.0
0.0
0.3
5.8
0.0
0.0
0.0
3.6
8.9
0.3
0.0
0.0
5.8
9.4
0.0
0.3
0.0
5.6
0.5
0.0
0.0
0.0
0.0
0.0
0.0
7.9
1.3
0.0
0.0
0.0
0.0
0.0
0.0
0.0
0.0
0.0
0.0
0.0
0.0
0.0
0.0
58.4
1.3
0.0
0.0
0.0
12.7
1.8
4.8
0.0
0.0
0.8
1.3
0.0
0.0
0.5
0.0
0.0
0.0
1.3
0.0
0.0
22.4
18.3
0.0
0.0
4.6
8.1
4.3
0.5
0.0
0.0
0.0
1.0
0.0
0.0
0.0
0.0
0.0
0.0
0.0
9.7
17.5
0.3
0.0
0.0
8.9
0.3
4.8
0.0
0.0
0.0
0.0
6.3
0.5
0.0
0.0
0.0
0.0
0.0
0.0
0.0
0.8
6.1
9.9
0.0
0.0
0.0
0.0
23.9
1.0
0.0
0.0
0.0
0.0
0.0
21.1
0.0
0.0
0.0
2.5
0.5
0.0
0.0
0.0
0.0
0.0
0.0
0.0
0.0
0.0
0.0
0.5
2.8
0.0
0.3
0.0
7.9
0.0
0.0
0.0
0.0
0.0
2.8
0.0
0.0
10.9
5.8
1.3
0.0
0.0
0.0
0.0
0.0
0.0
18.0
2.3
0.0
0.0
0.8
0.0
0.0
0.3
0.0
0.0
3.6
0.0
12.2
0.0
0.0
0.0
0.0
1.0
0.0
0.5
0.0
0.0
0.0
0.0
0.0
1.8
0.0
0.0
5.8
0.0
5.1
0.0
0.0
3.6
1.3
0.0
0.0
0.8
0.0
0.0
0.0
0.5
0.0
19.3
0.0
0.0
0.0
0.0
8.6
2.3
0.0
0.0
0.0
0.0
0.0
1.3
0.0
0.0
0.0
0.0
0.0
5.1
1.8
0.0
0.0
0.0
0.0
0.0
0.0
0.0
8.1
17.0
27.7
0.0
0.0
0.0
0.8
1.5
0.0
0.3
0.0
0.0
0.0
0.0
0.0
15.2
40.1
2.3
13.2
0.0
29.5
2.8
0.0
3.3
2.3
0.0
0.0
0.0
0.0
0.0
0.0
0.0
0.0
0.0
0.0
0.0
0.0
5.1
0.0
0.0
0.0
0.0
0.0
0.0
0.0
0.0
0.0
0.0
10.2
0.0
0.3
0.0
0.0
0.0
0.0
0.0
0.0
0.0
0.0
10.4
0.0
0.0
0.0
0.0
15.7
0.0
0.0
0.0
0.0
0.0
0.0
0.0
1.3
0.0
0.0
0.0
0.0
0.0
0.0
0.0
9.4
0.0
0.0
0.0
0.0
0.0
0.0
0.0
0.0
0.0
0.0
0.0
29.7
0.0
0.0
0.0
0.0
1.3
0.0
0.0
0.0
0.0
0.0
0.0
0.0
0.0
0.0
0.0
0.0
0.0
0.0
14.7
0.0
8.1
0.0
0.0
0.0
0.0
0.0
0.0
0.0
8.4
0.0
0.0
0.0
25.4
0.0
0.8
0.0
0.0
0.0
0.0
0.0
0.0
0.0
1.5
0.0
0.0
0.0
0.0
95.5
18.0
2.5
0.0
0.0
4.6
0.0
2.5
0.0
0.0
0.0
0.0
0.0
4.8
0.0
0.0
0.0
6.6
0.0
0.0
0.0
0.0
0.0
0.0
14.0
1.5
2.3
0.0
0.0
0.0
0.0
0.0
0.5
0.0
7.6
4.6
0.0
0.0
0.0
0.5
0.0
0.0
0.0
20.1
5.3
0.0
0.0
7.1
2.5
1.3
0.0
0.0
49.5
0.3
0.0
12.2
0.0
0.0
0.0
0.0
0.0
0.0
0.0
12.2
0.0
0.5
0.8
4.8
0.3
0.0
0.0
0.0
23.1
0.0
0.0
0.0
0.0
0.0
0.0
0.0
0.0
0.0
0.0
0.0
0.0
0.0
0.0
0.0
0.0
0.0
0.0
0.0
0.5
0.0
15.0
0.5
0.0
0.3
1.3
6.3
3.6
0.0
0.0
0.0
0.0
12.2
0.0
0.0
0.5
0.0
8.4
3.8
0.0
0.0
0.0
0.0
0.0
0.0
0.0
0.0
0.0
0.0
4.8
0.0
0.0
0.0
0.0
0.0
0.0
0.0
0.0
0.0
13.0
0.0
10.2
0.0
0.0
0.0
0.0
0.0
0.0
0.0
0.0
0.0
0.0
0.0
0.0
0.0
0.0
3.0
0.3
43.2
1.3
0.0
1.0
0.8
0.0
0.0
0.0
0.0
5.1
0.0
4.6
4.8
0.0
0.0
0.0
0.0
0.0
0.0
0.0
3.3
0.0
0.0
16.0
0.0
0.0
0.0
29.0
9.1
1.5
1.8
1.3
0.0
0.5
0.0
1.0
0.0
0.0
0.0
5.1
12.7
0.0
0.0
0.0
0.0
0.0
0.0
3.6
0.0
0.0
0.0
0.0
0.0
3.6
18.3
0.0
0.0
0.0
0.0
0.0
0.0
0.0
0.0
0.0
0.0
0.0
0.0
0.0
1.5
0.0
0.0
40.6
0.0
0.0
1.0
0.3
30.5
22.4
0.3
69.8
0.3
0.0
0.0
0.0
10.9
1.0
0.0
0.0
14.0
0.3
0.0
0.0
0.0
10.4
20.1
12.4
9.7
0.3
0.0
2.5
18.3
0.0
0.0
0.0
0.0
0.0
0.0
0.0
0.0
0.0
0.0
58.9
0.3
0.0
0.5
0.0
13.2
32.5
20.8
5.1
0.0
17.8
48.3
5.1
0.0
0.0
0.0
0.0
0.0
0.0
0.0
7.4
0.0
0.0
0.0
0.0
0.0
17.0
1.3
0.0
0.0
0.0
0.0
0.3
1.0
2.8
0.0
1.0
10.7
0.0
0.0
5.1
0.3
0.0
1.5
0.0
0.0
0.0
0.0
0.0
1.0
0.3
7.9
0.0
0.0
0.0
0.0
0.0
0.0
0.0
0.0
0.0
0.5
20.6
0.0
0.0
0.0
0.0
8.9
0.0
0.0
0.0
15.2
0.0
0.0
0.0
0.0
0.0
0.0
0.0
6.3
0.0
0.5
0.0
0.0
13.2
0.0
0.0
0.0
0.0
0.0
0.0
0.0
0.0
0.0
2.3
0.0
0.0
0.0
0.0
0.0
0.0
0.0
0.0
0.0
0.0
0.0
0.0
0.0
0.0
0.0
4.6
3.8
0.0
0.0
10.2
3.8
0.0
0.0
0.0
0.0
0.0
0.0
14.0
6.3
0.0
0.0
0.0
0.0
0.0
0.0
0.0
5.1
0.0
0.0
0.0
0.5
1.5
0.0
3.3
1.0
0.0
0.0
0.0
0.0
0.0
0.5
0.0
0.0
5.8
1.5
0.0
8.6
0.0
0.0
0.0
1.5
0.0
0.0
0.0
0.0
0.0
0.0
4.8
26.4
33.0
1.0
0.0
0.0
0.8
9.4
3.3
0.0
0.0
0.0
0.5
1.3
0.0
0.0
0.0
0.0
0.3
1.5
0.0
0.0
2.5
11.7
0.0
0.0
0.0
0.0
0.0
0.0
0.0
0.0
0.0
0.0
0.0
0.0
0.0
0.0
0.0
0.3
0.8
0.0
0.0
0.0
0.0
14.0
4.8
0.0
0.0
0.5
0.0
1.5
6.6
17.8
0.3
0.0
0.0
0.0
0.0
0.0
0.0
0.0
0.0
0.0
6.3
0.0
0.0
0.8
11.4
0.0
0.0
0.0
1.0
13.5
0.0
0.0
0.0
0.0
0.8
1.0
0.0
0.8
0.0
1.5
0.0
0.0
0.0
0.0
0.0
0.0
0.0
0.0
0.0
0.0
12.7
11.7
0.0
0.0
19.0
0.0
0.0
1.0
1.0
0.0
0.0
0.0
0.0
0.0
6.3
0.5
0.0
18.8
0.0
0.3
8.6
0.0
9.4
0.0
0.0
0.0
0.0
0.0
0.0
2.0
1.3
0.0
0.0
0.0
0.0
0.0
0.0
0.0
0.0
17.8
0.0
0.0
0.0
0.0
0.0
0.0
0.5
0.0
0.0
0.0
0.0
0.0
0.8
0.0
4.3
3.8
0.0
0.0
0.0
0.0
5.6
23.4
28.7
0.0
0.0
0.0
1.8
0.0
0.0
0.0
0.0
0.0
20.3
1.8
0.0
0.0
0.0
0.0
0.0
0.0
1.5
0.0
0.0
7.6
0.0
0.0
22.1
2.5
0.0
0.3
0.0
0.0
0.0
0.0
0.0
0.0
0.0
0.5
0.5
31.0
0.5
26.7
1.3
14.7
7.6
1.3
0.0
0.0
0.0
0.0
0.0
0.3
0.0
0.5
0.0
4.8
0.3
0.0
0.0
0.0
0.0
0.0
0.0
31.0
3.8
0.0
0.0
31.0
0.0
28.4
5.3
0.3
2.3
0.0
0.0
0.3
0.3
0.0
0.0
10.7
0.0
1.5
1.0
36.3
0.3
0.0
0.0
27.2
0.0
0.0
5.3
0.0
0.0
0.0
0.0
0.0
0.0
8.9
0.0
0.0
0.0
2.0
3.3
0.5
1.0
0.0
0.0
0.0
0.0
0.0
0.0
0.0
1.5
0.0
0.0
10.9
3.6
0.0
0.0
0.0
0.0
0.0
15.5
0.0
0.0
5.6
0.0
4.3
11.7
1.8
3.0
0.3
0.0
0.0
0.0
0.0
0.5
9.9
0.3
0.0
2.3
33.5
0.0
0.0
0.0
0.0
0.0
79.0
26.4
28.7
3.8
0.0
0.0
23.4
0.0
0.0
0.0
15.0
0.0
0.0
0.0
19.3
31.8
0.0
0.5
0.0
0.0
27.9
0.0
0.0
0.0
0.0
0.5
0.0
0.0
0.0
0.0
0.0
0.0
0.0
0.0
0.0
0.0
65.3
39.4
2.3
0.0
1.3
0.8
5.8
0.8
2.3
0.0
0.0
0.5
19.0
3.8
1.5
0.0
0.0
0.0
0.0
0.0
0.0
0.0
0.0
0.0
0.0
0.0
14.5
0.0
0.0
1.0
0.0
0.0
0.0
6.1
6.9
0.0
0.0
0.0
0.0
0.0
0.8
2.8
0.0
0.0
0.0
0.8
2.3
0.0
0.0
0.0
0.0
0.5
1.0
30.2
0.0
0.0
7.6
0.0
0.0
0.0
0.0
0.0
0.0
0.0
1.0
15.7
0.0
0.5
0.5
0.0
0.0
0.0
0.0
0.0
0.0
3.8
0.0
0.0
0.0
0.0
0.0
1.3
15.7
0.0
0.0
0.0
1.5
2.3
0.0
0.0
0.0
0.0
0.0
4.1
9.9
0.3
1.3
0.0
0.0
0.0
0.0
0.0
6.6
0.0
0.0
0.0
0.0
0.0
0.0
0.0
0.0
0.0
0.0
0.0
0.0
1.0
1.3
0.5
0.0
0.0
0.0
0.0
7.9
4.3
0.0
0.0
1.8
0.0
0.0
0.0
0.0
0.0
0.0
0.0
0.0
0.0
0.0
3.8
0.0
1.5
0.0
0.0
9.1
0.5
0.0
0.0
0.0
1.8
0.8
0.0
11.7
2.3
0.5
0.0
0.0
0.0
0.0
0.0
0.0
1.0
2.3
0.0
3.8
1.8
0.0
0.0
0.0
0.0
0.0
6.3
0.0
0.0
0.0
1.8
16.8
14.5
0.0
0.0
0.0
0.8
0.0
0.0
0.0
2.5
1.5
0.0
0.0
0.5
0.8
13.5
17.0
0.0
0.0
0.8
0.3
0.0
0.0
0.0
0.0
0.0
15.2
0.0
0.0
0.0
0.0
1.3
7.1
0.0
0.0
0.0
0.0
0.0
0.0
0.0
0.8
0.0
0.0
0.0
9.1
18.3
2.0
32.8
7.9
0.0
0.0
11.4
10.4
0.5
0.3
0.0
0.0
5.8
0.0
0.0
0.0
7.9
0.8
17.5
0.3
0.0
37.3
13.2
0.0
0.0
0.0
0.0
0.0
0.0
0.0
54.6
0.0
0.0
0.0
7.6
11.7
1.8
0.0
27.2
1.3
8.1
34.5
1.0
7.6
0.0
0.3
0.5
43.4
2.5
20.8
0.0
34.8
0.3
0.0
0.0
0.0
0.0
0.0
0.0
33.0
4.6
42.4
1.5
0.0
11.2
0.0
0.0
0.0
0.0
0.0
0.0
3.3
4.1
11.7
0.0
0.0
0.0
0.0
10.9
3.6
0.8
0.0
0.0
0.0
0.0
0.0
0.0
0.0
0.8
23.1
0.0
0.0
0.0
14.0
0.3
0.0
0.0
0.0
0.0
0.0
0.0
0.0
7.9
0.3
0.0
0.0
2.8
0.0
0.0
0.0
0.0
0.0
0.8
0.0
0.0
0.0
0.0
0.0
0.0
0.0
0.0
0.0
0.0
25.1
0.0
26.9
1.8
0.5
0.0
0.0
0.0
0.0
0.5
13.5
0.0
0.0
0.0
0.0
0.0
0.0
0.0
0.0
0.3
0.0
4.3
0.0
0.0
0.0
0.0
0.0
0.0
0.0
0.0
0.0
0.0
0.0
0.0
0.0
0.0
0.0
0.0
0.0
0.0
0.0
0.0
2.5
0.0
0.0
0.0
0.0
0.0
6.6
19.8
2.3
0.0
1.3
12.4
0.0
0.0
0.0
0.0
6.6
0.0
0.0
0.0
0.0
0.0
4.3
0.0
0.0
0.0
0.0
20.1
9.4
0.0
0.0
7.4
4.6
0.0
0.0
0.0
0.8
21.6
9.4
0.3
10.7
2.0
0.5
0.8
0.0
0.0
0.0
0.3
0.0
0.0
0.0
0.0
0.0
0.8
16.0
3.6
3.8
0.0
0.0
0.0
0.0
7.6
0.0
0.5
32.5
0.0
0.0
91.7
35.3
29.2
0.0
0.0
0.0
0.0
0.0
0.0
0.0
0.0
0.5
3.6
3.6
6.6
0.0
0.3
0.0
0.0
0.0
5.3
0.3
0.0
0.0
8.9
0.0
0.0
0.5
0.0
0.0
0.0
0.0
0.0
0.0
0.0
0.0
0.0
0.0
4.3
0.0
0.0
0.0
0.0
0.0
0.0
0.3
0.0
1.3
0.0
0.5
3.0
0.0
0.0
0.0
0.0
0.0
0.0
0.0
0.0
9.1
8.1
0.0
0.0
0.0
0.0
0.0
0.3
0.0
1.3
0.0
0.0
3.0
2.0
1.3
2.3
0.8
0.3
17.3
27.4
0.3
0.0
0.0
0.0
0.0
0.3
0.0
0.0
0.0
8.4
1.0
0.0
0.0
7.6
0.0
0.0
15.5
0.3
0.3
0.0
0.0
0.0
0.0
16.5
0.3
0.3
0.0
11.4
0.5
0.0
0.0
0.0
0.0
0.0
0.0
0.0
0.0
26.7
9.4
0.0
0.0
0.0
0.0
27.4
6.1
0.3
8.1
5.6
0.5
0.0
1.3
0.0
0.0
0.0
2.3
4.1
24.6
0.5
11.4
0.5
10.7
0.0
0.0
1.8
3.3
0.0
0.3
0.3
0.0
0.0
0.0
0.0
0.0
14.7
0.3
0.0
0.0
0.0
11.7
5.1
0.3
5.3
4.1
0.0
0.0
0.0
0.0
0.0
0.0
0.0
4.3
9.9
0.3
0.0
0.0
0.0
0.0
0.0
0.0
0.0
0.0
0.0
0.0
0.0
0.5
0.0
0.0
0.0
2.0
0.3
25.9
7.9
0.8
9.4
21.8
22.9
0.0
0.0
0.0
0.0
0.0
69.1
0.0
0.0
0.0
3.6
8.4
19.8
3.0
15.2
0.8
0.0
8.9
0.0
0.0
4.6
0.3
0.0
0.0
0.0
0.0
9.1
0.3
1.5
0.0
0.0
0.0
0.0
0.0
0.0
0.0
13.5
0.3
13.2
41.9
0.0
0.0
0.5
0.3
0.8
0.0
0.0
1.3
6.3
1.3
0.0
0.3
0.0
0.0
5.1
0.0
0.0
0.0
0.0
0.0
0.0
0.0
3.3
15.2
8.9
0.3
0.0
0.0
0.0
0.0
0.0
10.2
0.0
0.0
0.0
0.0
0.0
0.0
0.0
0.0
1.5
0.0
0.0
0.0
5.6
11.4
0.5
0.8
0.0
0.0
7.6
0.0
0.0
0.0
0.0
0.0
6.3
1.0
0.0
0.0
2.5
4.6
0.0
0.0
17.3
1.3
0.0
0.0
0.0
0.0
0.0
4.8
0.0
0.0
0.0
0.0
0.0
0.0
19.8
0.0
0.0
0.0
0.0
0.0
9.1
0.0
0.0
0.0
0.0
0.0
0.0
0.0
0.0
0.0
3.0
0.0
0.0
0.0
11.2
20.8
0.0
0.0
0.0
4.3
7.6
0.0
0.0
0.0
0.0
0.5
10.4
0.0
0.0
0.0
0.0
0.0
0.0
1.8
0.0
0.3
0.0
0.0
1.8
0.0
0.0
0.0
0.0
0.0
0.0
0.5
0.0
16.5
0.0
0.0
0.0
0.0
0.0
0.0
0.0
17.5
2.5
1.5
0.0
0.0
0.0
0.0
0.0
0.3
2.5
0.3
3.0
0.5
1.0
2.5
0.0
0.0
25.7
0.3
0.0
0.0
0.0
0.0
0.0
0.0
0.0
0.0
0.0
0.0
0.0
0.0
0.0
0.0
0.0
0.0
0.3
0.0
2.5
0.0
0.0
0.0
0.0
0.0
0.0
0.0
0.0
0.0
0.0
0.0
0.3
2.4
0.0
0.0
0.0
0.0
0.0
5.3
10.2
0.0
0.0
0.0
0.0
0.0
10.2
0.0
0.0
1.5
0.0
0.0
5.6
1.8
0.5
0.0
14.5
0.0
0.0
0.0
0.0
0.0
0.0
2.5
5.8
1.3
0.0
3.0
0.0
17.5
26.4
0.5
0.0
0.5
4.3
13.5
24.1
0.0
0.0
0.0
0.0
1.5
0.0
0.0
0.0
8.9
10.7
1.5
0.0
0.0
0.0
0.0
0.0
0.0
0.0
0.0
0.0
21.6
0.3
16.8
68.6
5.6
0.3
0.0
41.1
8.1
0.3
0.0
0.0
0.0
0.0
10.4
3.8
0.0
0.0
0.0
0.0
0.0
0.0
20.3
25.1
29.0
0.0
0.5
5.1
1.5
0.0
0.5
0.0
0.8
0.0
3.6
0.0
0.0
0.0
0.0
0.0
0.0
0.0
0.0
0.0
0.0
0.0
0.0
0.0
0.0
26.2
0.0
0.8
17.3
0.0
5.1
0.0
0.0
0.5
3.6
0.0
0.0
0.0
0.0
0.0
0.0
4.1
0.0
0.0
0.0
0.0
1.5
0.0
0.0
0.0
0.0
20.1
0.3
0.0
0.0
0.0
0.0
26.4
0.0
0.0
0.0
0.0
0.3
22.9
1.3
0.0
0.0
66.0
7.6
0.0
0.0
0.0
0.0
0.0
0.0
0.0
0.0
0.0
0.0
0.0
0.0
0.0
34.3
0.0
0.0
0.0
0.0
0.0
1.3
0.0
0.0
0.0
0.0
12.4
0.8
0.0
0.0
0.0
0.0
1.5
10.4
0.0
0.0
0.0
0.0
0.0
0.0
7.1
0.0
0.0
0.0
0.0
0.0
0.0
0.0
0.0
0.0
0.0
0.0
0.0
0.0
4.3
0.0
0.0
0.0
0.0
0.0
0.0
0.0
0.0
0.0
0.0
0.0
0.0
0.0
0.0
0.8
19.3
7.9
3.0
3.6
0.0
3.8
18.0
0.5
0.0
0.0
14.7
0.3
0.0
0.0
0.0
0.0
0.0
0.0
17.0
1.3
0.8
0.0
0.0
0.0
0.3
0.0
0.5
0.3
0.5
0.3
0.0
0.0
1.3
0.5
0.0
0.0
0.0
0.0
1.8
0.3
0.0
10.7
5.3
0.0
0.5
1.8
0.0
0.0
0.0
0.0
0.0
0.0
0.0
0.0
0.0
0.0
2.8
0.0
0.0
0.0
0.0
2.8
0.0
0.3
0.0
0.0
0.0
0.0
0.0
0.0
0.0
0.0
0.0
0.0
0.5
0.0
0.0
0.0
0.0
0.8
0.0
1.5
0.0
0.3
0.0
0.0
0.3
0.8
0.0
0.0
0.0
0.0
0.0
0.0
0.0
2.8
0.0
0.0
0.0
1.3
0.0
0.0
1.5
0.0
0.0
0.0
0.0
0.0
0.0
7.4
1.3
0.3
0.0
0.0
0.0
0.0
0.0
0.0
0.0
0.0
0.0
0.0
0.0
0.5
1.0
0.0
0.0
0.0
0.3
6.1
0.0
0.0
0.0
0.3
0.3
0.0
1.0
11.2
21.8
48.3
2.0
1.3
7.9
5.8
0.0
0.0
1.8
1.3
0.0
0.0
0.0
15.0
17.0
0.5
0.0
0.0
0.0
0.0
0.0
0.0
0.0
0.0
0.0
9.4
0.5
0.0
1.8
0.0
0.0
0.0
20.6
22.9
0.0
21.3
1.5
2.0
2.5
0.0
0.0
2.8
20.1
0.5
0.0
0.0
0.0
0.0
5.8
0.0
0.0
0.0
0.0
38.6
4.3
0.3
0.0
0.0
0.0
0.0
0.0
0.0
0.0
4.3
0.0
0.0
0.0
0.0
0.0
0.0
0.0
0.0
14.2
3.3
0.0
0.0
3.8
0.0
0.0
9.9
0.0
0.0
0.0
0.0
1.5
0.0
0.0
0.0
6.1
0.3
5.1
0.3
0.0
0.0
0.0
2.5
0.0
10.7
0.0
15.7
0.3
0.0
0.0
0.0
0.0
0.0
0.0
0.0
0.0
0.0
24.1
136.7
13.2
0.3
0.0
0.0
0.0
0.0
0.0
0.0
4.6
11.7
12.7
14.0
0.0
0.0
3.0
2.0
0.0
9.4
0.0
0.0
25.9
0.3
12.2
0.0
1.5
0.0
0.0
0.0
0.0
0.0
0.0
0.0
0.0
18.5
0.3
1.0
0.0
0.0
17.5
0.0
0.0
0.0
0.0
0.0
0.0
0.0
0.0
6.9
78.7
1.5
9.4
0.0
0.3
0.0
0.0
0.0
25.4
1.8
0.0
0.0
0.0
0.0
0.0
0.0
0.0
1.0
83.1
0.5
0.0
18.0
6.1
0.0
0.0
3.6
23.9
0.8
0.0
0.0
17.8
3.3
0.0
0.0
0.0
0.0
0.0
0.0
0.0
0.8
23.1
10.4
0.0
0.0
0.0
0.0
0.0
0.0
0.0
0.0
0.0
0.0
0.5
0.0
0.0
0.0
0.0
7.1
3.8
0.0
0.0
0.0
0.0
0.0
0.0
0.0
0.0
0.5
0.3
12.7
26.2
0.0
0.0
5.6
0.0
3.8
0.0
1.5
0.0
0.0
0.0
0.0
0.0
0.0
0.0
0.0
0.0
0.0
16.5
5.8
0.3
0.0
0.0
21.3
10.4
15.2
0.0
0.3
6.6
5.3
0.0
0.0
3.0
1.0
0.0
0.0
1.0
0.0
10.2
0.5
0.0
0.0
0.3
0.0
0.0
0.0
0.0
9.7
0.0
2.8
1.5
0.0
0.0
0.0
17.3
7.4
0.5
0.5
0.8
0.0
2.0
0.0
0.0
0.0
0.0
0.0
0.0
12.2
0.3
0.0
0.0
0.0
0.0
0.3
0.8
0.0
0.0
0.0
0.0
0.0
10.7
3.3
0.0
0.0
29.5
