20000101
0.3
0.0
8.9
0.0
0.0
0.0
0.0
1.5
0.8
0.0
0.0
0.0
0.0
0.0
0.0
0.0
0.0
0.0
9.9
0.0
0.0
2.8
0.0
0.0
0.0
0.0
0.0
0.0
6.6
0.0
0.0
0.0
1.0
0.5
0.0
0.0
0.0
0.0
0.0
1.5
1.0
0.0
0.0
2.8
0.0
0.0
0.0
26.7
4.6
0.0
0.0
12.7
0.0
3.0
0.0
0.5
8.1
0.0
0.0
4.1
0.0
0.0
0.0
0.0
0.0
0.0
0.0
0.0
0.0
0.0
3.3
0.0
0.8
1.0
4.1
0.0
0.0
11.2
17.3
0.0
0.0
0.0
0.0
0.0
0.0
4.6
0.0
0.0
0.0
0.0
0.0
1.0
0.0
0.0
0.0
0.0
0.0
6.9
0.0
0.0
6.9
0.0
0.0
0.0
0.0
0.0
21.3
8.9
0.0
6.3
14.0
0.5
0.0
10.7
0.0
0.0
0.0
0.0
0.8
0.0
0.0
7.9
0.0
0.5
0.0
0.0
0.0
0.8
4.6
12.2
0.0
0.0
6.3
0.0
0.0
0.0
0.0
4.8
16.3
0.0
0.0
7.4
4.3
0.0
0.0
0.0
30.5
11.2
0.0
0.0
0.0
1.3
0.0
0.0
0.0
8.4
0.0
0.0
0.0
0.0
0.0
0.0
5.8
13.0
0.0
8.1
0.0
0.0
0.0
0.0
0.0
36.3
12.7
0.0
17.5
8.4
1.3
0.0
0.0
1.3
0.0
0.0
0.0
1.8
0.0
24.4
0.0
0.0
0.0
0.0
0.0
4.3
0.0
0.0
0.0
0.0
0.0
0.0
0.0
3.8
0.0
0.0
0.0
0.0
0.0
0.0
0.0
0.0
0.0
0.0
4.6
0.0
0.0
0.0
0.0
0.0
0.0
5.6
0.5
0.0
0.8
0.0
0.0
0.0
0.0
0.0
0.0
0.0
0.0
34.5
0.0
0.0
0.0
0.0
13.7
14.2
0.0
0.0
0.5
0.0
7.1
0.0
0.0
0.0
0.0
0.0
0.0
0.0
0.0
0.0
0.0
0.0
0.0
36.6
27.2
0.0
0.0
2.8
0.0
0.0
0.0
0.0
0.0
6.1
0.0
2.3
9.9
8.4
11.4
0.0
0.0
0.0
0.0
0.0
0.0
0.0
18.0
14.2
7.6
0.0
0.3
0.0
0.0
0.0
0.0
0.0
1.5
16.5
0.0
3.6
0.0
0.0
0.0
0.0
0.0
0.0
0.3
0.0
0.0
0.0
0.0
0.0
0.8
0.0
0.0
0.0
1.0
0.0
0.0
0.0
23.9
0.0
6.3
34.0
0.0
0.0
11.9
0.0
0.0
0.0
0.0
0.0
0.0
0.0
0.0
0.0
0.0
0.0
3.6
13.7
0.0
0.0
2.8
0.0
0.0
3.3
0.0
0.0
0.0
0.0
0.0
0.0
0.0
0.0
8.9
17.5
0.0
6.9
0.0
0.0
0.0
0.8
2.8
0.0
2.3
0.0
0.0
0.0
0.0
0.0
2.0
0.0
1.5
0.5
0.5
0.0
0.0
0.0
0.0
0.0
0.0
0.0
0.0
0.0
0.0
0.0
2.3
0.0
0.8
0.0
0.0
0.0
0.0
0.0
0.0
0.0
0.0
0.0
0.0
0.0
0.0
8.1
0.0
11.9
16.3
1.8
0.0
0.0
0.0
0.0
0.0
0.0
0.0
0.0
4.1
13.5
0.0
0.0
0.0
17.3
0.0
0.0
0.0
0.0
0.0
0.0
0.0
3.3
0.0
6.6
54.9
0.0
0.0
0.0
0.0
0.0
0.0
0.0
0.0
0.0
0.0
0.0
0.0
0.0
0.0
0.0
2.3
0.0
0.3
15.0
0.5
0.0
0.0
0.0
0.0
0.0
0.0
0.0
0.0
0.0
0.0
0.0
0.5
0.0
0.0
1.8
0.0
0.0
0.0
0.0
8.4
0.0
0.0
0.0
5.6
23.1
0.0
0.0
0.0
11.2
0.0
0.0
0.0
0.0
2.0
3.3
0.0
0.0
2.8
0.0
55.9
0.0
0.0
0.0
0.0
0.0
0.0
0.5
3.0
0.0
0.0
0.8
2.0
0.0
0.0
5.3
0.0
0.0
0.0
1.0
0.0
6.1
25.1
0.0
0.0
0.5
0.0
0.0
5.6
7.9
1.5
10.7
0.3
0.0
0.0
0.8
7.9
8.9
2.0
8.1
11.2
18.3
0.0
0.0
0.0
0.0
0.0
0.0
0.0
0.0
7.1
0.0
0.0
0.0
0.0
0.0
3.6
23.1
0.0
0.0
0.0
0.0
0.0
0.0
0.0
0.0
0.0
3.0
0.0
32.0
0.0
0.0
0.0
0.0
1.3
0.0
0.0
0.0
0.0
0.0
0.0
0.0
0.0
0.0
6.3
0.0
0.0
7.6
0.0
0.3
0.0
0.0
0.0
0.0
15.5
0.0
0.0
0.0
0.0
5.3
0.0
0.0
0.0
0.0
0.0
0.0
0.0
0.0
0.0
0.0
0.0
0.0
4.1
0.0
0.0
7.4
0.0
0.0
0.3
24.1
0.0
4.8
4.1
0.0
0.0
0.0
0.0
10.4
0.0
0.0
0.0
0.0
0.0
0.0
4.1
1.5
24.4
2.0
0.0
0.0
0.0
0.0
0.0
0.0
0.0
0.0
17.3
0.8
2.3
0.0
0.0
0.0
0.0
0.0
0.0
0.0
0.0
0.0
0.0
0.0
0.0
0.0
21.1
12.2
0.0
0.0
0.0
5.6
9.1
19.6
0.0
37.1
1.3
17.3
0.5
0.0
0.0
0.0
0.0
7.1
6.9
1.0
25.9
0.0
0.0
0.0
0.0
0.0
0.0
0.0
7.9
0.0
0.0
0.0
0.0
0.0
0.0
0.0
0.0
0.0
0.0
0.0
0.0
0.0
0.0
0.0
0.0
0.8
0.0
0.0
0.0
0.0
0.0
6.3
0.0
1.3
2.3
11.2
18.8
1.0
0.0
0.0
0.0
0.0
3.6
0.0
0.0
0.0
0.0
0.0
0.8
12.2
6.3
4.8
1.0
15.2
2.3
0.0
0.0
0.0
0.0
8.9
2.3
0.0
0.0
0.0
0.0
0.0
0.0
0.0
0.0
0.0
0.0
0.0
0.0
0.5
0.0
0.0
0.0
0.5
0.0
0.0
0.0
0.0
0.0
0.0
0.0
0.0
0.0
0.0
0.5
0.0
0.8
0.5
0.0
0.0
0.0
0.0
0.0
18.0
48.5
8.1
0.0
0.0
0.0
0.0
0.0
0.0
0.0
0.0
0.8
5.8
0.0
0.0
0.0
0.0
0.0
0.0
0.0
14.7
39.9
1.8
0.0
0.0
0.0
0.0
10.4
0.0
0.0
0.0
7.4
11.2
0.0
0.0
0.0
0.0
0.0
21.1
0.8
0.0
0.0
0.0
0.0
5.8
3.0
1.5
0.0
0.0
2.8
0.0
0.0
0.0
0.0
10.4
2.8
0.0
0.0
0.0
3.8
0.0
0.0
1.5
2.8
0.0
0.0
0.0
0.0
1.8
16.8
0.0
0.0
0.0
0.0
0.0
0.0
0.0
0.0
0.0
0.0
1.3
22.6
2.8
0.0
0.0
7.9
0.0
0.0
43.2
0.0
0.0
0.0
2.3
0.0
0.0
0.0
6.6
5.3
1.3
19.0
0.0
1.0
36.3
20.1
1.0
0.0
1.3
11.4
7.6
0.0
0.0
0.0
0.0
0.0
6.6
2.3
0.0
0.0
1.5
2.3
0.0
0.0
0.0
0.8
0.0
0.0
32.5
2.8
0.0
0.0
0.0
0.5
0.0
20.1
0.0
33.0
2.3
2.0
0.0
0.0
0.0
0.0
0.0
0.0
0.0
0.0
0.0
1.3
6.3
0.0
0.0
0.0
0.0
0.0
0.0
0.0
0.0
0.0
0.0
0.0
0.0
3.6
0.0
0.0
0.0
0.0
0.0
0.0
0.0
0.0
6.3
0.0
0.0
0.0
34.8
0.0
0.0
0.0
10.7
0.0
37.8
4.8
0.0
0.0
0.0
0.0
0.0
0.0
0.0
0.0
0.0
0.0
0.0
0.0
0.0
0.0
2.0
15.5
6.9
3.0
0.0
35.3
8.4
0.0
0.0
65.5
5.3
1.3
0.0
0.0
0.0
0.0
0.0
0.0
0.0
0.0
0.0
0.0
0.0
0.0
0.0
0.0
0.0
0.0
0.0
0.0
0.0
0.0
1.0
5.8
0.0
13.2
0.0
19.3
8.1
0.0
0.8
0.0
0.0
0.0
0.0
0.0
0.0
0.0
0.0
0.0
0.0
0.0
15.2
0.0
0.0
0.0
0.0
0.0
0.0
0.0
2.8
0.0
0.0
0.0
0.0
0.3
7.9
0.0
0.0
0.0
0.0
0.0
4.3
4.1
0.0
0.0
7.9
5.6
2.0
0.0
0.0
0.0
2.3
1.5
10.2
0.0
0.0
0.0
4.6
0.0
0.0
0.0
0.0
4.3
0.0
0.0
0.0
1.3
0.0
0.0
3.3
0.0
0.0
0.8
0.0
0.0
0.0
0.0
0.0
0.0
0.0
0.0
0.0
0.0
0.0
0.0
0.0
0.0
0.0
0.0
0.0
0.0
0.0
0.0
0.0
0.0
13.0
28.2
0.0
0.0
0.0
0.0
0.0
11.4
0.0
0.0
0.0
0.0
0.0
0.0
0.0
0.0
3.6
0.0
4.1
0.0
0.0
0.0
0.0
0.0
0.0
0.0
0.0
0.0
0.0
0.0
0.3
0.0
0.0
0.0
0.0
0.0
0.0
0.0
0.0
0.3
0.0
0.0
0.0
0.0
4.1
0.0
6.3
0.0
1.5
0.0
0.0
0.0
0.0
0.0
2.3
2.3
0.0
0.0
0.0
14.7
11.4
0.0
0.0
0.0
0.0
0.0
0.0
0.0
2.3
0.0
0.0
0.0
0.0
0.0
0.0
0.0
0.0
4.8
0.0
0.0
0.0
0.0
0.0
0.0
0.0
0.0
0.0
0.0
0.0
0.0
0.0
1.8
4.3
8.9
0.0
0.0
0.0
6.9
0.0
0.0
0.0
6.3
0.5
0.0
0.0
0.0
0.0
0.5
42.2
0.0
19.3
0.0
0.0
0.0
0.0
0.0
0.0
0.0
0.0
0.0
3.8
0.0
0.0
13.0
0.0
0.0
0.0
0.0
13.2
2.8
0.0
0.0
1.8
0.0
6.6
0.0
0.0
0.0
28.2
0.0
1.0
0.0
14.2
11.2
16.5
0.0
0.0
0.0
7.1
0.8
0.0
0.0
0.0
1.3
0.0
0.0
0.0
0.0
0.0
0.0
0.0
0.0
4.6
0.0
0.0
0.0
0.0
7.6
0.0
0.0
0.0
7.1
0.0
0.5
0.0
16.0
47.0
0.0
17.5
0.0
0.0
0.0
0.0
4.3
0.0
0.0
0.0
0.0
0.0
0.0
0.0
9.9
0.0
8.9
0.0
0.0
0.0
0.0
0.0
0.0
28.4
5.3
0.0
38.4
73.7
0.0
11.4
0.0
0.0
0.0
0.0
0.0
40.6
0.0
0.0
13.7
0.0
2.5
0.0
0.0
0.0
0.0
0.0
3.6
0.0
0.0
0.5
0.0
0.0
2.0
0.0
0.0
0.0
0.0
1.0
0.0
0.0
0.0
0.0
1.8
0.0
0.0
0.0
0.0
0.0
0.0
0.0
0.0
0.0
0.0
0.0
0.0
0.0
0.0
19.3
35.6
0.0
59.2
16.3
0.0
0.0
0.0
0.0
0.0
0.0
0.0
0.0
0.0
0.0
0.0
1.3
0.8
0.0
0.0
0.0
0.0
0.0
0.0
8.1
0.0
15.5
0.0
0.0
34.3
0.0
0.0
0.0
0.0
0.0
0.0
0.0
0.0
0.0
0.0
0.0
0.0
0.0
0.0
0.0
0.0
20.3
4.1
0.0
0.0
0.0
0.0
0.0
0.0
0.0
0.0
0.0
11.9
7.4
0.0
2.3
0.0
0.0
0.0
0.8
0.0
0.8
0.0
17.3
0.0
0.0
0.0
0.0
0.0
4.1
2.3
0.0
0.0
2.3
1.5
0.0
48.8
12.2
0.0
0.0
0.0
0.0
27.4
0.0
0.0
0.0
0.0
0.0
0.0
0.0
0.0
0.0
6.1
10.7
2.3
0.0
0.0
0.0
8.4
0.0
0.0
0.0
0.8
0.0
2.5
0.0
2.5
1.3
0.0
0.0
0.0
24.1
0.0
0.0
0.0
0.0
0.0
14.5
0.0
0.0
0.0
0.0
0.0
11.2
14.5
0.0
0.0
0.0
0.0
0.0
0.0
0.0
0.0
0.0
0.0
0.0
3.8
5.3
0.0
0.0
0.0
0.0
0.0
0.0
0.0
0.5
2.0
0.0
0.0
1.5
0.0
0.0
0.0
5.1
0.0
0.0
3.0
0.8
0.0
0.0
0.0
0.0
0.0
0.0
0.0
0.0
0.0
0.0
0.0
0.0
1.3
0.0
0.0
0.5
0.0
0.0
0.0
0.0
0.0
0.0
1.8
0.0
0.0
1.3
28.7
0.0
0.0
0.0
0.0
0.0
0.0
0.0
3.3
0.0
0.0
1.3
1.5
0.0
2.5
0.0
0.0
0.0
0.0
1.0
0.0
32.3
20.3
0.0
15.0
4.6
18.8
0.0
0.0
0.0
0.0
0.0
0.0
0.0
0.0
0.0
0.0
0.0
0.0
0.0
0.0
0.0
0.0
0.0
0.0
0.0
0.0
25.9
0.0
5.3
0.0
7.4
0.0
0.0
0.0
0.0
0.0
1.0
7.1
9.1
0.0
1.5
0.0
0.0
0.5
0.0
0.0
8.4
0.0
8.6
16.8
9.7
0.0
0.0
0.0
20.3
0.0
0.0
0.0
0.0
0.0
41.9
0.0
0.0
0.0
0.0
0.0
55.4
0.0
0.0
2.5
0.0
0.0
0.0
0.0
0.0
0.0
5.1
80.8
1.5
0.0
0.0
0.0
7.1
32.0
0.0
0.0
0.0
0.0
0.0
35.6
0.0
0.0
15.5
0.0
0.0
0.0
0.0
0.0
0.0
1.8
6.6
0.0
0.0
0.5
0.0
0.0
33.5
0.0
1.3
0.0
10.9
0.0
0.0
7.9
0.0
0.0
0.0
0.0
0.0
1.3
0.0
0.0
0.0
0.0
0.0
0.0
11.2
6.1
0.0
0.0
0.0
16.0
0.0
0.0
0.0
0.0
0.0
19.0
0.0
0.0
0.0
0.0
0.0
0.0
0.5
0.0
0.0
4.3
7.6
0.0
0.0
0.0
19.0
47.0
0.0
0.8
29.7
0.0
0.0
0.0
0.0
0.0
0.0
0.0
0.0
0.0
0.1
0.0
0.0
0.0
0.0
0.0
0.0
0.0
2.5
4.8
0.0
0.0
0.0
0.0
0.0
0.0
0.0
0.0
0.0
0.0
0.0
0.0
0.0
0.0
3.8
0.0
0.0
0.0
0.0
0.0
0.0
7.6
0.0
0.0
0.0
13.2
1.0
3.3
0.0
0.0
20.8
10.7
0.3
0.0
0.0
4.8
0.0
0.0
0.0
27.9
0.0
14.2
5.6
0.0
7.4
14.7
0.0
7.6
0.0
0.0
0.0
0.0
0.0
0.0
2.8
0.8
0.0
0.0
0.0
1.3
0.0
0.0
21.3
6.1
0.0
0.0
0.0
11.9
25.7
0.0
13.7
14.2
1.0
9.4
14.5
0.0
0.0
0.0
0.0
7.1
30.2
1.0
0.0
0.0
1.0
0.0
0.0
0.0
0.0
0.0
0.0
0.0
0.0
0.0
0.0
0.0
0.0
0.0
0.0
0.0
1.5
0.0
0.0
0.0
0.0
0.0
6.3
1.3
13.2
19.8
20.8
22.4
0.0
4.1
0.0
0.0
5.8
14.0
40.6
3.8
0.0
0.5
0.0
0.0
0.0
0.0
0.0
1.5
0.5
0.0
0.0
0.0
0.0
0.0
4.8
0.0
0.0
0.0
0.0
0.0
0.0
0.0
0.0
5.8
9.1
0.3
0.0
0.0
0.0
4.8
20.3
0.5
3.6
0.0
0.0
0.0
2.3
3.0
0.0
0.0
0.0
0.0
0.0
0.0
1.8
0.0
0.0
0.0
0.0
0.0
0.0
0.0
0.0
0.0
0.0
0.0
0.0
0.0
0.0
0.0
0.0
0.0
0.0
0.0
0.0
0.0
0.0
13.2
8.1
12.4
3.8
0.0
0.0
0.0
0.0
3.8
0.0
8.4
0.0
0.0
0.0
0.0
0.3
0.0
0.0
0.0
0.0
11.4
8.4
0.0
0.0
0.0
0.0
0.0
0.0
0.0
21.1
8.4
2.8
0.0
0.0
2.8
0.0
0.0
0.0
2.8
0.0
0.0
0.0
0.0
0.0
0.0
0.0
0.0
0.0
4.1
0.0
3.3
0.0
0.0
0.0
0.0
0.0
0.0
30.7
3.8
0.0
0.0
0.0
0.0
0.0
0.0
0.0
0.0
0.0
0.0
0.0
0.0
0.0
1.5
0.0
0.0
0.0
0.0
0.0
2.0
0.0
4.1
2.5
0.0
24.6
0.0
0.3
0.0
0.0
0.0
0.0
0.0
0.0
0.0
0.0
0.0
5.8
0.0
0.0
46.5
0.0
0.0
0.0
0.0
0.0
2.5
0.0
0.0
0.0
0.0
0.0
0.0
22.6
28.2
0.0
0.0
3.6
0.0
0.0
28.4
0.0
0.0
18.5
0.0
0.0
0.0
0.0
35.1
0.0
0.0
0.0
0.0
0.0
0.0
0.0
1.5
5.3
0.0
0.0
0.0
0.0
0.0
0.0
23.9
0.0
12.4
4.8
0.5
0.0
0.0
17.8
7.1
0.0
1.0
0.0
0.0
0.0
0.0
1.3
0.0
0.0
0.0
0.0
0.0
0.0
0.0
0.0
0.0
0.0
0.0
0.0
0.0
0.0
0.0
0.0
0.0
6.6
0.0
30.5
0.0
0.0
1.3
14.2
0.0
0.0
0.0
1.3
2.3
19.0
0.0
0.0
23.1
0.0
0.0
0.0
0.0
0.0
0.0
0.0
0.0
0.0
0.0
0.0
0.0
0.0
0.0
0.0
0.0
0.0
0.0
0.0
0.0
1.5
17.8
0.0
0.0
0.0
0.0
0.0
0.0
0.0
0.0
0.0
1.5
30.5
0.0
0.0
0.0
0.0
19.6
0.5
0.0
0.0
0.0
0.0
0.0
1.3
0.0
10.4
17.3
0.0
0.0
0.0
0.0
0.0
0.0
0.0
0.0
0.0
0.0
9.4
24.4
1.0
0.0
1.5
0.0
0.0
3.8
0.0
0.0
0.0
0.0
10.4
0.0
0.0
0.0
0.0
1.5
0.0
0.0
0.0
0.0
0.0
0.0
0.0
0.0
0.0
0.0
5.6
0.0
0.0
1.5
1.8
0.0
7.1
8.6
1.0
0.5
0.0
0.0
0.0
0.0
0.0
0.0
0.0
5.3
0.0
3.3
4.8
0.0
0.0
5.3
1.8
0.0
0.0
6.6
0.0
0.0
0.0
0.0
0.0
0.0
1.0
19.3
1.3
0.0
0.0
0.0
0.0
1.0
0.0
0.0
0.0
0.0
0.0
0.0
0.0
0.0
0.0
0.0
0.0
21.6
0.0
0.0
0.0
0.0
0.0
0.0
0.0
0.0
0.0
0.0
0.0
0.0
0.0
0.0
0.0
0.0
0.0
4.3
0.0
5.6
3.6
16.3
0.0
19.0
11.7
0.0
0.0
0.0
0.0
0.0
0.0
0.0
0.3
0.0
0.0
0.0
0.0
0.0
0.0
9.7
0.0
0.0
12.7
0.0
0.0
17.0
0.8
0.0
0.8
24.4
0.0
0.0
0.0
0.0
2.0
0.0
36.3
0.8
0.0
13.0
0.0
7.9
0.0
0.0
0.0
0.0
0.0
0.0
2.5
0.0
0.0
0.0
13.0
2.3
5.8
0.0
0.0
0.0
0.0
0.0
0.0
0.0
0.0
14.0
2.0
3.0
2.5
2.8
10.2
1.5
5.1
0.0
0.0
0.0
0.0
0.0
0.0
9.9
1.3
0.0
0.0
0.0
0.0
0.0
6.3
3.3
0.0
0.0
0.0
0.0
2.5
0.0
0.0
0.0
1.3
0.0
0.0
0.0
0.0
0.0
0.0
1.5
0.0
1.8
0.0
0.0
3.6
0.0
0.0
0.0
14.2
0.0
0.0
0.0
0.0
0.0
2.3
42.4
0.0
0.0
0.0
0.0
1.5
0.0
42.4
26.7
7.6
0.0
0.0
0.0
0.0
0.0
0.0
0.5
1.5
10.4
0.0
0.0
0.0
0.0
42.4
0.8
0.0
0.0
0.0
0.0
0.0
0.0
0.0
0.0
0.0
5.3
1.0
2.8
10.2
46.0
10.7
0.0
5.3
0.5
0.0
0.0
8.1
9.4
0.0
0.0
0.0
0.0
0.0
0.0
0.0
1.5
10.7
3.0
1.0
0.0
9.1
0.0
0.0
0.0
2.3
8.4
0.0
0.0
0.0
0.0
0.0
28.2
6.1
0.0
0.0
0.0
0.0
15.7
0.0
0.0
0.0
5.3
6.1
0.0
0.0
0.0
0.0
0.0
0.0
0.0
0.0
0.0
13.2
0.0
0.0
0.0
0.0
0.0
0.0
0.0
8.1
1.8
0.0
0.0
0.0
0.0
55.6
0.0
0.8
0.0
0.0
5.3
0.0
0.0
0.0
4.6
7.6
1.0
0.0
0.0
0.0
0.0
0.0
0.0
0.0
0.0
1.0
5.6
0.0
0.0
0.0
16.0
0.0
0.0
0.0
9.9
8.4
2.8
0.0
0.0
0.0
0.0
0.0
0.0
0.0
0.0
0.0
0.0
0.0
0.8
23.1
39.4
0.0
0.0
0.0
0.0
0.0
0.0
0.0
0.0
0.0
1.8
15.5
1.0
0.0
0.0
0.0
0.0
2.5
0.0
0.0
21.3
22.6
2.5
0.0
0.0
0.0
0.0
0.0
0.0
0.0
18.3
5.1
0.0
0.0
0.0
18.0
1.0
0.0
1.5
0.0
0.0
0.0
1.8
23.1
2.0
20.6
0.0
0.0
0.0
0.0
0.0
3.3
0.0
0.0
0.0
0.0
0.0
0.0
0.0
0.0
0.0
0.0
0.0
0.0
0.0
0.0
0.0
0.0
3.0
0.0
0.0
0.0
0.0
0.0
6.3
12.7
0.0
0.0
2.5
2.5
0.0
0.0
0.0
0.0
0.0
0.0
35.6
0.0
0.0
0.0
3.6
3.0
0.0
0.0
0.0
0.0
0.0
0.0
0.0
1.5
0.0
0.0
0.0
0.0
5.8
0.0
0.0
0.0
8.1
0.8
0.3
2.0
30.7
11.9
4.1
0.0
0.0
0.5
2.8
0.0
5.8
8.4
0.0
0.0
7.1
0.0
0.0
0.0
0.0
0.0
0.0
11.4
5.8
0.0
0.0
5.6
0.0
0.0
0.0
0.0
0.0
0.0
0.0
0.0
0.0
29.2
10.9
4.1
0.0
0.0
0.0
0.0
0.0
0.0
0.0
0.8
0.0
0.0
0.0
0.0
0.0
0.0
0.0
0.0
0.0
0.0
8.6
0.0
0.0
0.0
0.0
0.0
0.0
0.0
0.0
1.8
1.0
34.0
0.0
0.0
0.0
0.0
0.8
2.3
3.0
3.8
6.6
0.0
0.0
0.0
0.0
0.0
0.0
0.0
0.0
0.0
0.0
0.0
0.0
0.0
29.5
0.0
0.0
14.7
19.0
15.0
8.4
0.0
4.3
2.5
17.3
0.0
0.0
0.0
0.0
2.5
0.0
0.0
0.0
0.0
0.0
0.0
1.5
0.0
0.0
0.0
0.0
0.0
19.3
41.1
8.6
0.0
0.0
0.0
0.0
0.0
0.0
0.0
17.3
15.2
0.0
0.0
0.0
0.0
0.0
0.0
0.0
0.5
0.0
0.0
0.0
0.0
0.0
0.0
0.0
0.0
0.5
0.0
7.9
2.8
0.0
0.0
6.1
8.6
0.0
0.0
0.0
12.2
0.3
0.0
0.0
0.0
0.0
0.0
0.0
0.0
0.0
0.0
0.0
0.0
7.6
1.3
8.6
0.0
5.6
0.0
0.0
0.0
0.0
0.0
0.0
0.0
0.0
0.0
0.0
0.0
0.0
0.0
0.0
15.2
0.0
0.0
0.0
0.0
0.0
0.0
24.4
0.0
0.0
0.0
0.0
0.0
0.0
0.0
0.0
0.0
0.0
0.0
0.0
11.4
0.0
23.1
3.0
0.0
0.0
0.0
9.9
0.0
0.0
1.0
13.2
0.0
0.0
0.0
0.0
0.0
0.0
0.0
0.0
0.0
0.0
0.0
0.0
0.0
0.0
14.2
0.0
23.1
0.0
0.0
0.0
0.0
0.0
1.0
0.0
20.6
43.7
0.0
0.0
0.0
7.1
0.0
0.0
0.0
0.0
0.0
0.0
11.9
0.0
3.6
0.0
2.5
0.0
3.0
10.4
11.2
17.0
0.8
0.0
0.0
20.3
0.0
0.0
0.0
0.0
6.1
0.0
3.0
0.0
0.0
0.0
4.1
0.0
0.0
0.0
0.0
4.3
2.0
0.0
0.0
4.3
0.5
0.0
88.1
3.0
0.0
4.8
0.0
0.0
0.0
0.0
0.0
0.0
1.3
0.0
0.0
0.0
1.5
0.0
0.0
0.0
0.0
0.0
0.0
0.3
7.6
0.0
17.0
0.0
0.0
12.2
25.8
51.6
2.1
0.0
1.7
0.0
0.2
0.0
0.0
0.0
0.0
0.0
20.9
1.5
0.0
0.5
0.0
2.7
4.9
0.0
0.0
7.8
0.0
0.0
2.4
0.0
0.0
8.1
1.0
7.6
0.0
0.0
0.0
0.0
0.0
0.0
0.0
0.0
0.0
0.0
5.3
0.0
18.5
11.9
0.0
0.0
0.0
0.0
0.0
0.0
0.0
3.0
14.2
0.0
0.0
1.3
14.5
0.0
0.0
2.0
0.0
0.0
0.0
4.8
4.8
2.3
24.4
1.5
1.8
0.5
0.0
0.0
0.0
0.0
6.1
0.0
0.0
0.0
0.0
0.0
0.5
20.3
0.0
1.0
3.0
0.0
0.0
3.0
6.9
0.0
0.0
0.0
0.0
32.5
2.0
0.0
33.5
1.5
0.0
12.2
0.0
16.3
0.0
0.3
0.0
13.5
0.0
0.0
1.3
13.0
0.0
0.0
0.0
19.6
0.0
0.0
17.5
0.0
1.8
8.9
85.1
1.8
0.0
23.9
5.6
0.0
9.9
0.0
0.0
0.0
0.0
0.0
7.1
0.0
0.0
0.0
0.0
5.3
2.0
0.0
0.0
9.1
0.8
0.0
21.1
0.0
0.0
0.0
0.0
0.0
6.6
0.0
0.0
27.7
1.0
7.4
0.0
0.0
38.9
13.2
0.0
0.0
0.0
0.0
0.0
9.1
0.8
7.6
18.5
0.0
0.0
0.0
0.0
0.0
0.0
0.0
23.1
0.0
0.0
6.6
0.0
0.8
0.0
7.1
0.0
0.0
0.0
4.1
0.0
0.0
0.0
0.0
0.0
0.0
0.0
0.0
0.0
0.0
0.0
0.5
5.3
0.0
0.0
0.0
0.0
0.0
5.3
0.0
0.0
0.0
0.0
0.0
3.6
86.4
0.0
16.0
0.0
5.8
0.0
16.8
16.8
8.6
32.5
127.5
0.8
0.0
0.0
0.0
0.0
0.0
0.0
0.0
0.0
0.0
0.0
0.0
0.0
0.0
1.8
0.0
0.0
0.0
0.0
0.0
0.0
22.6
0.0
0.0
0.0
0.0
0.0
0.0
0.0
2.0
7.4
1.0
0.0
0.0
0.0
0.0
0.0
0.0
25.7
4.3
0.0
0.0
0.0
0.0
0.0
0.0
0.0
0.0
0.0
0.0
0.0
0.0
3.3
0.0
0.0
0.0
0.0
3.8
0.8
2.0
4.1
0.5
0.0
0.0
0.0
0.0
0.0
0.0
0.0
2.5
0.0
0.0
0.0
0.0
0.0
5.1
3.0
0.0
0.0
0.0
0.0
0.3
0.0
0.0
18.0
5.1
0.0
0.0
0.0
0.0
6.3
0.0
4.3
0.0
32.0
0.0
0.0
0.0
0.0
20.6
4.8
0.0
1.3
31.0
0.0
0.0
0.0
0.0
0.0
0.0
0.0
0.0
0.3
0.3
0.0
0.0
0.5
0.0
0.0
0.0
4.3
0.0
0.0
0.0
0.0
0.0
0.0
0.0
0.0
0.0
0.0
0.0
0.3
0.0
4.1
0.0
0.0
0.0
0.0
0.0
0.8
0.3
0.0
0.0
0.0
0.0
0.0
3.6
8.6
13.0
0.0
0.0
0.0
0.0
0.0
0.0
8.9
0.0
0.0
0.0
0.0
0.0
0.0
0.0
14.2
0.0
0.0
0.0
0.0
0.0
0.0
0.0
1.0
19.0
0.5
22.6
28.4
0.0
0.0
0.0
0.0
0.8
0.0
0.0
0.0
0.0
0.0
0.0
0.0
0.0
3.8
0.0
0.3
0.0
16.0
1.3
2.0
10.4
0.0
15.5
0.0
0.5
14.7
0.0
0.0
0.0
10.2
0.0
0.0
12.7
12.7
0.0
0.0
0.0
0.0
4.3
18.0
2.0
1.8
0.0
0.0
0.0
0.5
0.0
36.6
2.5
8.9
22.4
4.3
0.0
0.0
0.0
0.0
0.0
20.8
2.3
0.0
1.3
0.0
7.6
45.7
0.0
37.3
0.5
0.0
0.0
0.0
0.0
0.0
0.0
0.0
0.0
1.3
0.0
0.5
0.3
0.0
0.0
0.0
4.3
12.7
13.2
0.0
0.0
0.0
4.1
1.0
0.5
12.4
0.5
0.0
0.0
0.0
0.0
8.9
11.7
1.5
15.2
0.0
2.0
0.0
0.0
0.0
0.0
0.0
3.6
0.0
0.0
0.0
0.0
0.0
1.3
24.1
0.0
0.0
21.3
16.5
0.0
10.4
0.0
0.0
0.0
11.7
0.0
0.0
0.0
0.0
0.0
0.0
0.0
0.0
0.0
21.8
0.0
0.0
0.0
34.5
0.0
0.0
0.0
1.8
0.0
1.3
19.0
0.0
0.0
3.8
0.0
0.0
0.0
0.0
0.0
0.0
0.0
0.0
4.6
9.7
0.0
12.7
0.0
1.3
0.0
0.0
0.0
0.0
0.0
121.7
35.6
0.0
0.0
0.0
0.0
0.0
0.0
0.0
1.3
0.0
0.0
0.0
0.0
0.0
0.0
0.0
0.0
0.0
0.0
0.0
0.0
0.0
0.0
8.1
0.0
13.2
0.0
0.8
3.3
0.8
0.0
0.0
0.0
0.0
13.2
0.8
0.5
0.0
6.3
0.8
0.0
40.1
11.4
0.0
4.1
0.8
6.3
8.9
3.3
0.8
0.0
0.0
0.0
0.0
0.0
59.9
2.5
0.5
1.5
3.3
6.3
0.0
21.6
34.3
0.0
0.0
0.0
0.0
0.0
0.0
0.0
0.0
0.0
0.0
1.3
0.0
0.0
0.0
0.0
23.1
15.5
18.0
2.5
2.3
0.0
0.0
0.0
0.0
14.5
1.8
1.3
0.0
0.0
4.6
0.0
0.0
0.0
0.0
0.0
0.0
0.0
0.0
23.4
0.0
0.0
0.0
6.3
0.0
0.0
0.0
0.0
0.0
0.0
0.0
1.3
0.0
7.6
12.4
37.3
0.0
2.0
6.3
0.0
0.0
0.0
0.0
0.0
0.0
0.0
0.0
0.0
5.1
4.1
0.0
0.0
0.0
0.0
0.0
0.0
0.0
0.0
0.5
0.0
0.5
1.0
1.0
12.2
0.0
12.4
0.0
0.8
0.0
1.0
0.0
0.0
0.0
0.0
0.0
0.0
0.0
3.0
3.8
0.0
0.0
8.6
1.5
0.0
0.0
0.0
0.0
0.3
0.3
0.0
0.0
0.0
0.0
8.6
22.9
0.0
0.0
0.0
0.0
0.0
0.0
0.0
0.0
0.0
0.0
0.0
0.0
0.0
4.1
0.0
0.5
6.9
0.8
11.2
6.3
0.0
0.0
0.0
0.0
0.0
0.0
0.8
2.3
0.0
0.0
4.1
14.2
0.0
8.9
14.7
0.0
0.0
0.0
0.0
5.3
6.6
0.0
2.0
8.9
0.8
0.0
0.0
0.0
0.0
0.0
0.0
0.0
0.0
0.0
0.0
0.0
0.0
0.0
0.0
0.0
8.9
10.9
14.2
0.0
0.0
0.0
0.0
1.3
17.8
0.0
18.8
0.0
0.0
0.0
0.0
0.0
0.0
30.5
0.8
9.9
1.0
0.3
0.0
14.7
18.0
0.0
0.0
8.9
2.3
0.0
0.0
0.0
0.0
21.1
0.0
0.0
0.0
0.0
5.1
17.8
0.0
0.0
8.9
6.3
0.0
0.0
24.1
0.0
2.0
0.5
5.1
25.7
5.3
58.9
0.0
3.8
37.3
0.0
0.0
11.7
7.6
13.7
0.0
0.0
0.0
0.8
0.0
0.0
0.0
0.0
0.0
0.8
0.0
0.0
0.0
8.6
0.0
0.0
0.0
0.8
0.0
0.0
0.0
0.0
0.0
3.8
0.0
23.6
2.8
3.0
0.0
0.0
59.4
0.0
0.0
0.0
0.0
2.0
0.8
0.0
0.0
0.0
0.0
6.3
0.0
0.0
0.0
0.0
16.0
2.5
0.0
0.0
9.7
0.0
0.0
0.0
0.0
0.0
0.0
17.5
0.0
0.0
0.0
0.0
0.0
0.0
0.0
0.0
0.0
0.0
0.0
29.7
43.2
0.0
0.0
0.0
0.0
0.0
0.0
0.0
4.3
0.0
0.0
0.0
0.0
4.1
0.0
0.0
4.8
0.0
0.0
11.4
6.1
0.0
1.3
3.3
0.0
0.0
0.0
0.0
0.0
4.3
0.0
0.0
0.0
0.0
0.0
0.0
0.0
0.0
0.0
0.0
0.0
4.1
0.0
0.0
0.0
0.0
0.0
0.0
0.0
0.0
0.0
1.3
5.8
25.1
0.0
0.0
0.0
0.0
0.0
0.0
0.0
0.0
0.0
2.5
0.0
0.0
0.0
0.0
0.0
0.0
0.0
1.3
0.0
0.0
0.5
0.0
0.0
0.0
0.0
0.0
4.8
21.6
0.0
39.4
6.1
0.0
0.0
0.0
22.9
0.0
0.0
0.0
12.1
3.8
0.0
0.0
0.0
0.0
0.3
0.0
21.3
4.3
0.0
0.0
7.6
1.5
0.0
0.0
0.0
0.0
0.0
0.0
0.0
10.5
0.0
0.0
0.0
0.0
0.8
0.0
6.1
0.0
0.0
0.0
0.0
0.0
0.0
0.0
0.0
0.0
6.3
3.8
0.0
0.0
0.0
0.0
0.0
4.1
1.3
2.0
2.5
0.0
0.0
3.0
0.0
1.0
0.0
0.0
0.0
0.0
0.0
6.6
27.2
7.4
0.0
0.0
7.6
0.0
0.0
0.0
0.0
0.0
0.0
0.0
0.0
0.0
0.0
0.0
0.0
0.0
8.9
1.5
8.1
0.0
2.5
8.4
0.0
1.8
15.0
0.0
0.0
0.0
1.0
28.4
0.0
0.0
0.0
10.2
1.0
0.0
0.0
0.0
0.0
6.1
0.3
0.0
0.0
0.8
1.0
1.0
0.0
6.1
0.8
0.0
0.0
0.0
0.0
0.0
0.0
0.0
0.0
1.0
0.0
8.9
0.0
0.0
0.0
17.8
1.3
0.5
17.0
0.0
0.0
0.0
0.0
10.2
2.5
0.0
42.2
39.6
0.0
3.8
33.0
0.3
0.5
38.4
5.3
8.1
0.0
0.0
0.0
4.1
0.0
0.0
0.0
4.8
0.5
15.2
0.0
0.0
0.0
0.0
0.0
27.4
7.1
2.8
0.0
0.0
0.0
0.0
0.0
1.5
4.6
0.0
0.0
61.2
0.5
0.0
24.1
0.0
0.0
0.0
0.0
1.0
0.0
0.0
20.1
0.0
0.0
0.0
0.0
7.1
0.0
0.0
0.0
12.4
15.7
0.0
0.0
1.8
4.3
0.8
6.9
0.0
1.8
0.0
3.0
21.8
0.0
0.0
0.0
0.0
0.0
0.0
0.0
0.0
0.0
0.0
1.3
0.0
0.0
0.0
0.0
11.7
0.0
0.0
0.0
0.0
0.0
0.0
0.0
0.0
0.0
0.0
0.0
27.9
0.0
0.0
0.0
0.0
11.7
0.0
0.0
0.0
0.0
0.0
0.0
0.0
0.0
0.0
0.0
0.0
0.0
0.0
0.0
6.3
0.0
0.0
0.0
0.0
0.0
0.0
5.1
0.0
0.0
26.7
0.0
0.0
0.0
0.0
0.0
0.0
1.3
0.0
0.0
0.0
4.6
0.0
0.0
0.0
0.0
9.1
0.0
0.0
0.0
0.0
0.0
13.7
0.0
0.0
5.1
10.9
0.8
0.0
0.0
0.0
0.0
0.0
8.9
24.6
4.3
0.0
0.0
0.0
0.0
0.0
0.0
0.0
0.0
0.0
0.0
0.0
0.0
0.0
0.0
11.9
8.1
0.0
0.0
0.0
2.5
4.6
22.1
0.8
0.0
0.0
0.8
0.0
0.0
0.8
0.0
0.0
0.0
1.3
0.0
0.0
5.1
27.9
0.0
0.0
1.3
5.8
7.6
0.5
0.0
0.0
0.0
0.0
6.1
0.0
0.0
0.0
0.0
0.0
5.8
0.5
22.1
0.5
0.0
0.0
15.2
0.8
20.6
0.5
0.0
0.0
0.0
5.8
0.8
0.0
0.0
0.0
0.0
0.0
0.0
0.0
0.8
3.0
36.8
0.0
0.0
0.0
0.0
13.2
3.0
0.8
0.0
0.0
0.0
0.0
4.1
0.0
0.0
0.8
0.8
1.3
0.8
0.0
0.0
0.0
0.0
0.0
0.0
0.0
0.0
0.0
0.0
2.3
0.0
0.0
0.0
25.7
0.0
0.0
0.0
3.0
0.0
19.8
0.8
0.0
1.3
6.9
1.0
0.0
0.0
0.0
2.0
0.0
0.0
6.9
6.1
0.0
0.0
0.3
0.0
0.0
0.0
0.0
0.0
0.5
0.0
3.3
0.0
0.0
0.0
0.0
2.8
0.5
0.8
0.0
0.0
0.0
0.0
0.0
7.6
0.0
0.0
2.5
0.0
0.0
0.0
0.0
4.8
1.3
0.0
0.0
3.0
0.0
0.0
0.0
0.0
0.0
4.6
0.0
0.0
0.0
0.0
0.0
9.1
0.0
0.0
0.0
0.0
0.0
1.5
0.0
10.2
0.0
0.0
0.5
0.0
0.0
0.0
0.0
0.0
0.0
0.0
0.0
0.0
0.0
7.4
17.0
0.0
0.0
0.0
0.0
1.3
0.0
0.0
0.0
0.0
0.0
0.0
6.3
0.5
18.3
3.8
10.4
3.0
0.0
0.0
0.0
23.9
4.3
0.0
0.0
0.0
0.0
0.0
0.0
0.0
0.0
0.0
0.0
0.0
0.0
2.0
0.0
0.0
0.0
0.0
0.0
0.0
0.0
0.0
0.0
0.0
12.2
0.0
0.0
0.0
3.6
0.0
0.0
0.0
0.0
0.0
0.0
0.0
0.0
0.0
0.0
0.0
24.9
0.0
0.0
0.0
14.5
0.0
0.0
0.0
0.0
0.0
0.0
0.0
0.0
0.0
0.0
0.0
0.0
0.0
0.0
0.0
0.0
0.0
25.7
0.0
0.0
0.0
0.0
0.0
0.0
0.0
0.0
0.0
0.0
0.0
0.0
0.0
0.0
0.0
0.0
0.0
0.0
0.0
0.0
0.0
0.0
0.0
0.0
0.0
0.0
12.7
0.0
0.0
0.0
0.0
7.4
0.0
0.0
8.4
2.5
0.0
0.0
30.0
0.0
0.0
0.0
0.0
0.0
0.0
0.0
0.0
0.0
50.8
0.0
0.0
0.0
0.0
17.5
105.7
5.1
0.0
0.0
0.8
19.3
19.3
0.0
0.0
0.0
0.0
0.0
2.5
0.0
0.0
0.0
9.9
0.0
0.0
0.0
7.6
0.0
0.0
0.0
5.8
14.7
0.0
0.0
0.0
0.0
0.0
3.3
2.3
20.3
2.5
0.0
0.0
0.0
1.3
0.0
0.0
0.0
59.9
1.5
0.0
0.0
13.7
5.1
8.6
0.0
0.0
15.2
1.3
0.0
8.1
0.0
0.0
0.0
0.0
0.0
0.0
0.0
1.3
0.0
0.0
0.0
3.0
0.0
0.0
0.0
0.0
16.5
0.0
0.0
0.0
0.0
0.0
0.0
0.0
0.0
0.0
0.0
1.3
0.0
0.0
0.0
0.0
0.0
0.0
0.0
0.0
0.0
0.0
10.4
0.0
0.0
2.5
2.0
1.5
2.5
0.0
0.0
0.0
0.0
5.3
2.0
0.0
3.3
0.0
21.8
1.3
1.3
0.0
0.0
0.0
0.0
0.0
0.0
0.0
0.0
0.0
1.3
0.0
0.0
0.0
0.0
0.0
0.0
0.0
0.0
0.0
19.8
2.5
10.2
0.0
0.0
0.0
0.0
0.0
0.0
0.0
0.0
0.0
0.0
0.0
0.0
0.0
0.0
6.3
0.0
27.9
0.0
0.0
1.3
0.0
0.0
0.0
0.0
0.0
7.9
0.0
3.8
9.1
0.0
0.0
0.0
0.0
0.0
0.0
0.0
9.9
0.0
0.0
2.8
0.0
0.0
0.0
10.4
20.6
1.3
1.0
0.0
0.0
0.0
0.0
5.1
0.0
0.0
0.0
2.0
2.8
1.3
1.3
0.0
0.0
0.0
0.0
0.8
1.5
0.0
0.0
0.0
0.0
1.3
21.6
1.3
0.0
0.0
0.0
0.0
0.0
2.8
0.0
0.0
0.0
0.0
0.0
0.0
0.8
0.5
0.0
60.5
1.3
1.0
0.0
0.0
18.3
15.7
0.5
59.7
0.0
0.0
0.0
0.0
11.9
1.8
0.0
0.0
13.5
0.0
0.0
0.0
0.0
16.8
3.6
2.5
0.0
0.0
0.0
0.0
11.9
0.0
0.0
0.0
0.0
0.0
5.6
0.0
0.0
0.0
0.0
21.8
0.0
3.3
0.8
0.0
8.9
10.9
25.7
1.0
0.0
22.9
31.0
6.3
0.0
0.0
0.0
0.0
0.0
0.0
0.0
0.8
0.0
0.0
0.5
0.0
0.0
4.8
0.0
0.0
0.0
0.0
0.0
0.8
52.3
11.7
7.1
23.6
0.5
0.0
0.8
11.7
0.0
0.0
15.7
0.8
0.0
0.0
0.0
0.0
0.8
1.0
51.6
0.0
0.0
0.0
0.0
0.0
0.0
0.0
0.0
0.0
0.0
8.1
4.6
0.0
0.0
0.0
0.8
0.0
0.0
0.0
7.9
0.8
0.0
5.1
0.0
0.0
0.0
0.0
0.0
0.0
0.0
0.0
0.0
0.5
0.0
0.0
0.0
0.0
0.0
0.0
0.0
0.0
0.0
0.0
0.0
0.0
0.0
0.0
0.0
0.0
0.0
0.3
2.5
0.0
0.0
0.0
0.0
0.0
0.0
0.0
0.0
0.0
0.0
13.5
0.0
0.0
0.0
1.5
0.0
0.0
0.3
2.0
0.0
0.0
0.0
0.0
0.0
0.0
0.0
0.0
1.8
0.0
0.0
0.0
0.5
6.9
0.0
17.8
0.0
0.0
0.0
0.0
0.0
0.0
0.0
0.0
0.0
1.3
1.0
0.8
7.6
0.8
0.0
0.0
15.2
0.3
0.0
0.0
0.0
0.0
0.0
1.8
26.7
10.7
0.0
0.0
0.0
0.0
5.1
4.6
0.0
0.0
0.0
0.0
1.5
0.0
0.0
0.0
0.0
2.8
8.6
0.0
0.0
1.5
9.9
0.0
0.0
0.0
0.0
0.0
0.0
0.0
0.0
0.0
0.0
1.0
0.0
0.0
0.0
0.0
0.0
1.3
0.0
0.0
0.0
0.0
7.6
2.5
3.0
0.0
0.0
0.0
1.8
5.8
19.6
0.0
0.0
0.0
0.0
0.0
0.0
0.0
0.0
0.0
0.0
2.8
1.5
0.0
0.0
4.3
0.0
0.0
0.0
0.0
22.1
0.0
0.0
0.0
1.3
0.0
0.0
0.0
3.3
0.0
2.5
0.0
0.0
0.0
1.3
0.0
0.0
0.0
0.0
0.0
0.0
10.1
18.4
0.0
0.0
12.5
0.0
0.0
0.2
1.0
0.0
0.0
0.0
0.0
0.0
4.6
1.2
0.0
14.8
0.0
3.6
5.2
0.0
5.5
0.0
0.0
0.0
0.0
0.0
0.0
4.8
0.0
0.0
0.0
0.0
0.0
0.0
0.0
0.0
0.0
0.0
0.0
0.0
0.0
0.0
0.0
0.0
7.4
0.0
0.0
0.0
0.0
0.0
0.0
0.0
8.4
8.1
0.0
0.0
0.0
0.0
0.0
20.8
34.3
0.0
0.0
0.0
10.4
0.0
0.0
0.0
0.0
0.0
14.0
3.8
0.0
0.0
0.0
0.0
0.0
0.0
0.0
0.0
0.0
6.3
0.0
0.0
16.0
13.0
3.6
0.0
0.0
0.0
0.0
0.0
0.0
0.0
0.0
10.7
1.3
1.5
0.8
25.7
0.8
11.9
12.7
3.8
0.0
0.0
0.0
0.0
4.1
0.0
0.0
0.0
0.0
0.0
0.0
2.0
0.0
0.0
0.0
29.7
0.0
40.9
2.3
0.0
0.0
38.1
0.0
5.1
11.4
0.0
0.0
0.0
0.0
0.0
0.0
0.0
0.0
13.0
0.0
4.6
10.4
43.4
1.0
0.0
0.0
0.0
0.0
8.9
79.8
1.3
0.0
0.0
0.0
3.8
1.3
20.8
0.0
0.0
0.0
12.7
113.8
0.0
10.7
0.0
0.0
0.0
0.0
0.0
0.0
0.0
0.0
0.0
0.0
0.0
4.3
0.0
0.0
0.0
0.0
0.0
0.0
0.0
0.0
5.1
0.0
0.0
0.0
0.0
0.0
0.8
1.3
0.0
0.0
0.0
0.0
0.5
0.0
0.0
0.0
2.3
0.5
10.7
18.8
0.0
19.0
0.3
0.3
3.3
8.9
0.0
0.0
0.3
0.0
0.0
0.3
22.9
0.0
0.0
0.0
30.7
40.9
0.0
0.3
0.0
0.0
11.2
0.0
0.0
0.0
0.0
22.9
0.0
0.0
0.0
0.0
0.0
0.0
0.0
0.0
0.0
0.0
12.2
21.3
2.5
0.0
0.5
1.8
1.0
0.0
0.8
0.0
0.0
4.3
21.6
2.5
1.3
0.0
0.0
0.0
0.0
0.0
0.0
0.0
0.5
0.0
0.0
0.0
8.9
0.0
0.0
1.8
0.0
0.0
0.0
6.9
6.1
0.0
0.3
0.0
0.0
0.0
0.0
4.1
0.0
0.0
0.0
0.0
0.0
0.0
0.0
0.0
0.0
1.0
1.8
34.3
0.8
0.0
0.0
0.0
0.0
0.0
0.0
0.0
0.0
0.0
0.5
9.1
0.0
0.0
3.8
0.0
0.0
0.0
0.0
0.0
0.3
5.1
0.0
0.0
0.0
0.0
0.0
0.0
16.3
1.5
3.6
0.0
1.8
0.0
0.0
0.0
0.0
0.0
0.0
6.9
11.9
4.3
5.1
0.0
0.0
0.0
0.0
0.0
5.1
0.0
0.0
0.0
0.0
0.0
0.0
0.0
0.0
0.0
0.0
0.0
0.0
0.0
3.3
0.0
0.0
0.0
0.0
0.0
10.4
6.1
0.0
0.0
2.5
0.0
0.0
0.0
0.0
0.0
0.0
0.0
0.0
0.0
0.0
0.0
0.0
0.0
0.0
0.0
5.6
0.0
0.0
0.0
0.0
4.3
0.0
0.0
10.7
6.9
2.5
1.8
0.0
0.0
0.0
0.0
0.0
0.8
0.3
0.0
0.3
0.0
0.0
0.0
0.0
0.0
0.0
1.8
0.0
0.0
0.0
1.3
19.0
8.9
0.0
0.0
0.0
0.5
0.0
0.0
0.0
3.8
0.8
0.0
0.0
2.0
10.9
7.6
5.1
0.0
0.0
0.0
0.8
0.0
0.8
0.0
0.0
0.0
12.4
0.0
3.6
0.0
0.0
4.1
12.7
0.0
0.0
0.0
1.3
0.0
0.0
0.0
5.1
6.1
0.0
0.0
0.5
7.6
3.3
12.2
13.0
0.0
0.0
16.0
1.3
12.7
0.0
0.0
0.0
0.3
0.0
0.0
0.0
0.0
0.3
8.6
0.8
0.0
11.9
38.6
0.0
0.0
0.0
0.0
0.0
0.0
0.0
52.1
8.9
0.0
0.0
0.3
64.0
9.4
12.7
17.8
0.5
1.8
17.0
0.6
6.3
0.0
0.0
0.3
28.7
2.5
48.3
0.0
8.4
0.0
0.0
0.0
0.0
0.0
0.0
0.0
7.6
0.5
40.9
0.8
0.0
10.2
0.0
0.0
0.0
0.0
1.5
0.0
0.0
8.4
5.6
0.0
0.0
0.0
0.0
0.0
1.9
0.0
24.4
0.0
0.0
0.0
0.0
0.0
0.0
0.0
0.0
0.0
0.0
2.9
9.2
0.0
0.0
0.0
0.0
0.0
0.0
0.0
40.6
4.8
11.7
0.0
0.0
0.1
0.0
0.0
0.0
0.0
0.0
2.5
6.1
0.0
2.0
0.0
0.0
0.0
5.5
0.0
0.0
0.0
15.2
0.0
7.6
0.0
0.0
0.0
0.0
0.0
0.0
22.9
42.4
0.0
0.0
0.0
0.0
0.0
0.0
0.0
0.0
0.0
0.0
0.0
0.0
0.0
0.0
0.0
0.0
0.0
0.0
0.0
1.3
0.0
0.0
0.0
0.0
0.0
0.0
0.0
0.0
0.0
0.0
0.0
0.0
0.0
0.0
0.8
0.0
0.0
1.3
22.9
2.5
0.0
1.6
8.0
0.0
0.0
0.0
0.0
4.6
0.0
0.0
0.0
0.0
0.0
10.7
0.0
0.0
0.0
0.0
19.6
30.5
0.0
0.0
6.1
7.5
0.0
0.0
0.0
10.7
21.1
10.4
1.0
0.5
10.8
0.0
0.3
0.0
0.0
0.0
0.0
0.0
0.0
0.0
0.0
0.0
1.5
22.9
3.6
0.0
0.0
0.0
0.0
0.0
18.3
0.5
0.3
27.4
0.0
0.0
66.0
22.9
40.6
0.0
0.0
0.0
0.0
0.0
0.0
0.0
0.0
0.0
3.0
13.2
0.0
50.8
0.0
0.0
0.0
0.0
6.6
0.0
0.0
0.0
88.9
0.0
0.0
0.0
0.0
0.0
0.0
0.0
0.0
0.0
0.0
0.0
0.0
29.7
0.0
0.0
0.0
0.0
0.0
0.0
0.5
0.5
0.0
0.0
0.0
0.0
2.5
0.0
0.0
0.0
0.0
0.0
0.0
0.0
0.0
7.6
0.0
0.0
0.0
0.0
0.0
1.8
0.0
0.0
3.3
0.0
0.0
0.0
5.1
0.8
0.0
3.3
0.0
10.2
10.9
0.0
0.5
0.0
0.0
0.0
0.8
0.0
0.0
0.0
18.3
10.7
0.0
0.0
7.1
0.0
0.0
40.9
5.7
2.5
0.0
0.0
0.0
0.0
33.5
0.0
0.6
0.3
8.4
0.0
0.0
0.0
0.0
0.0
0.0
0.0
0.0
0.0
14.5
1.0
0.0
0.0
0.0
0.5
0.0
7.1
0.5
5.8
21.3
2.8
0.0
3.3
0.0
0.0
0.0
3.8
22.6
16.3
1.8
3.3
0.0
10.9
0.0
0.0
0.0
1.0
0.0
0.0
0.0
0.0
0.0
0.0
0.0
0.0
6.9
5.8
1.0
0.0
0.0
13.7
0.0
0.0
11.4
0.8
0.0
0.0
0.0
0.0
0.0
0.0
0.0
0.0
4.1
18.5
0.0
0.0
0.0
0.0
0.0
10.2
39.4
7.4
0.0
0.0
0.0
0.0
0.0
0.0
0.0
0.3
0.0
3.8
10.4
0.0
13.0
6.6
0.8
0.0
0.0
0.0
0.0
0.0
48.0
0.0
0.0
0.0
16.3
6.6
0.5
0.0
15.5
0.0
0.0
44.7
0.0
0.0
0.0
1.5
0.0
3.3
0.0
0.0
0.0
0.0
0.0
0.0
0.0
0.0
0.0
0.0
0.0
0.0
108.5
0.0
8.9
46.7
2.8
0.0
6.6
0.0
4.8
0.0
0.0
0.0
50.8
14.7
20.8
2.0
0.0
0.0
0.0
0.0
0.0
0.0
0.0
0.0
0.0
0.0
46.0
23.1
14.2
1.5
0.0
0.0
4.8
0.0
0.0
4.8
0.0
0.0
0.0
0.0
0.0
0.0
0.0
0.0
1.5
0.0
0.0
0.0
2.5
5.3
0.0
0.0
0.0
0.0
1.3
5.3
0.0
0.0
0.0
0.0
1.3
6.3
0.0
0.0
2.0
0.3
0.0
0.0
9.1
0.5
0.0
0.0
0.0
0.0
4.8
0.5
0.0
0.0
0.0
0.0
0.0
0.0
18.5
0.0
0.0
0.0
0.0
0.3
3.8
0.0
0.0
0.0
0.0
0.0
0.0
0.0
0.0
0.0
10.9
0.0
0.0
0.0
19.3
19.6
0.0
0.0
0.0
10.2
17.5
0.0
0.0
0.0
0.0
0.0
4.6
0.0
0.0
0.0
0.0
0.0
0.0
0.0
0.0
0.0
0.0
0.0
1.5
0.0
0.0
0.0
0.0
0.0
0.0
6.6
0.0
17.5
0.5
0.0
0.0
0.0
0.0
0.0
0.0
16.3
5.6
0.0
0.0
0.0
0.0
0.0
0.0
2.0
9.1
0.3
1.3
0.0
3.3
5.6
0.3
0.0
36.8
0.0
0.0
0.0
0.0
0.0
0.0
0.0
0.0
0.0
0.0
0.0
0.0
0.0
0.0
0.0
0.0
0.0
9.4
1.3
8.1
0.0
0.0
2.8
0.0
0.0
0.0
0.0
0.0
0.0
0.0
0.0
0.0
5.8
0.0
1.8
0.0
0.0
0.0
5.3
12.2
0.0
0.0
0.0
0.0
0.0
11.9
0.0
0.0
0.0
0.0
0.0
3.0
0.0
0.0
0.0
4.8
1.3
0.0
12.7
0.0
0.0
0.0
0.0
4.3
1.5
0.8
1.8
0.0
30.2
20.8
0.5
0.0
0.0
4.3
16.8
20.8
0.8
0.0
0.0
0.0
0.8
0.0
0.0
0.0
14.0
6.6
0.0
0.0
0.0
0.0
0.0
0.0
0.0
0.0
0.0
0.0
16.8
0.5
8.4
45.5
10.9
0.8
0.0
19.3
15.5
5.8
0.0
0.0
0.5
0.0
11.7
0.0
0.0
0.0
0.0
0.0
0.0
0.0
5.8
7.9
19.3
0.0
0.0
7.4
4.6
0.0
2.0
0.0
0.0
0.0
0.8
0.0
0.0
0.0
0.0
0.0
0.0
0.0
0.0
0.0
0.0
0.0
0.0
0.0
0.0
3.8
0.0
0.0
11.2
0.8
1.8
1.0
0.0
1.5
12.7
0.0
0.0
1.0
0.0
0.0
0.0
0.0
0.0
0.0
0.0
8.4
0.0
0.0
0.0
0.0
0.0
2.5
10.7
0.0
0.8
0.0
0.0
0.0
0.0
21.8
0.0
0.8
7.9
0.0
6.1
0.0
0.0
11.2
0.0
0.0
0.0
0.0
0.0
0.5
0.0
46.2
0.5
0.0
1.5
0.3
0.0
0.0
1.3
0.0
0.0
0.0
0.0
0.0
1.0
0.0
13.5
0.0
1.8
72.9
1.3
0.0
0.0
0.0
0.0
1.8
8.4
0.0
0.0
0.0
0.0
0.0
0.0
0.0
0.0
0.0
0.0
0.0
0.0
0.0
0.0
0.0
0.8
0.0
0.0
0.0
0.5
33.5
0.0
0.0
0.0
0.0
0.0
0.0
0.0
0.0
0.0
0.0
0.0
0.0
0.0
0.0
0.5
1.0
6.6
10.7
10.7
0.5
7.6
16.3
1.3
0.0
0.0
2.5
0.0
0.0
0.0
0.0
0.0
0.0
0.8
33.5
9.1
3.0
0.0
0.0
0.0
0.0
0.5
0.0
0.0
4.3
0.5
0.3
0.8
2.5
0.0
0.0
0.0
0.0
0.0
1.3
1.5
0.0
10.2
0.8
0.0
13.2
32.8
0.0
0.0
0.0
0.0
0.0
0.0
0.0
0.0
0.0
0.0
2.8
0.0
0.0
0.0
0.0
4.1
0.0
0.0
0.0
0.0
0.0
0.0
0.0
0.0
0.0
0.0
0.0
0.0
0.0
0.0
0.0
0.0
0.0
5.3
1.5
5.6
0.0
0.0
0.0
0.0
3.3
0.0
0.0
0.0
0.0
0.0
0.0
0.0
0.0
0.8
0.0
0.0
0.0
6.9
0.0
0.0
6.1
0.0
0.0
0.0
0.0
0.0
0.0
12.2
2.8
0.0
0.0
0.0
0.0
0.0
0.0
0.0
0.0
0.0
0.0
0.0
0.0
0.0
2.3
0.0
0.0
0.0
0.0
1.5
0.0
0.0
0.0
0.0
0.0
0.0
1.3
15.2
45.5
61.2
0.5
6.9
4.8
4.3
0.0
0.0
1.5
16.0
17.0
0.0
0.0
0.0
5.3
0.0
0.0
0.0
0.0
0.0
0.0
0.0
0.0
0.0
0.0
8.6
1.5
0.0
0.0
0.0
0.0
0.0
17.5
0.0
0.0
16.3
4.3
2.5
1.8
0.8
0.0
16.3
5.1
6.1
0.0
1.5
0.0
0.0
1.3
0.0
0.0
0.0
0.0
20.1
9.9
2.0
1.3
1.0
0.0
0.0
0.0
0.0
0.0
7.4
0.0
0.0
0.0
0.5
0.0
0.0
0.0
0.0
14.7
4.6
0.0
0.0
0.0
0.0
0.0
12.4
0.0
0.0
0.3
0.0
0.8
14.7
0.0
0.0
1.5
0.0
0.8
0.5
0.0
0.0
0.0
27.7
0.0
0.0
8.9
11.4
33.8
7.4
0.0
1.8
0.0
0.0
0.0
0.0
0.0
0.0
19.8
32.8
2.0
5.6
0.0
2.3
1.5
0.0
0.0
0.3
35.8
10.2
13.2
1.0
0.5
0.0
2.8
0.0
0.0
0.0
0.0
0.0
24.4
0.0
0.0
4.8
18.3
0.0
0.0
0.0
0.0
3.6
0.0
0.0
0.0
48.5
0.0
0.0
0.0
0.0
0.0
1.3
4.3
17.0
0.0
0.0
0.0
0.0
0.0
0.0
23.6
1.3
10.9
0.0
0.0
0.0
0.0
0.0
35.8
1.0
0.0
0.0
0.0
0.0
0.0
0.0
0.0
5.8
21.8
1.8
0.5
0.0
21.1
0.5
0.0
0.0
12.4
0.0
0.0
0.0
4.1
3.0
0.0
0.0
0.0
0.0
0.0
0.0
0.0
38.4
63.0
6.1
0.0
0.0
0.0
0.0
0.0
0.0
0.0
0.0
0.0
0.0
0.3
2.8
0.0
0.0
0.0
3.3
17.8
0.0
0.0
0.0
0.0
0.0
0.0
0.0
0.0
25.7
2.3
32.3
10.9
0.0
1.0
4.8
0.0
6.1
0.0
3.8
0.0
0.0
0.0
0.0
0.5
0.0
0.0
0.0
0.0
0.0
5.1
7.6
2.8
0.0
0.0
19.6
8.9
15.7
1.3
0.0
12.2
4.6
0.0
0.0
2.8
1.0
0.0
0.0
0.0
0.0
4.8
0.0
0.0
1.3
0.0
4.6
0.0
0.0
0.0
15.0
1.3
26.4
0.5
0.3
0.0
0.0
19.3
5.6
1.8
0.3
0.5
0.8
0.0
0.0
0.0
0.0
0.0
0.0
0.0
12.4
2.3
0.0
0.0
0.0
0.0
0.8
4.6
0.0
0.0
0.0
0.0
0.0
5.8
17.3
0.0
0.0
13.5
