20000101
0.0
0.0
5.3
0.0
0.0
0.0
0.0
1.8
0.3
0.0
0.0
0.0
0.0
0.0
0.0
0.0
0.0
0.0
8.9
0.0
0.0
1.3
0.0
0.0
0.0
0.0
0.0
0.0
1.8
0.0
0.0
0.0
0.0
0.0
0.0
0.0
0.0
0.0
0.0
0.0
0.8
0.0
0.0
0.0
0.0
0.0
0.0
0.0
25.9
2.0
0.0
0.0
0.0
2.3
0.0
0.0
7.9
0.0
0.0
0.0
6.3
0.0
0.0
0.0
0.0
0.0
0.0
0.0
0.0
0.0
4.6
0.0
0.0
1.0
2.0
0.0
0.0
7.4
20.3
0.0
0.0
0.0
0.0
0.0
0.0
1.8
0.0
0.0
0.0
0.0
0.0
0.0
0.0
0.0
0.0
0.0
0.0
0.0
0.0
0.0
6.1
0.0
0.0
0.0
0.0
0.0
0.0
0.0
0.0
20.6
0.0
0.0
0.0
8.4
10.4
0.0
15.7
0.0
0.0
0.0
0.0
0.0
5.1
0.0
0.0
0.0
1.5
0.0
0.0
1.5
16.3
0.0
0.0
13.0
0.0
0.0
0.0
0.0
2.3
15.2
0.0
0.0
3.0
3.8
0.0
0.0
27.4
1.5
0.0
0.0
0.0
0.0
0.0
0.0
0.0
8.6
0.0
0.0
0.0
0.0
0.0
10.2
0.0
26.7
0.0
1.8
0.0
0.0
0.0
0.0
0.0
44.4
0.0
0.0
25.1
5.6
0.0
0.0
0.0
0.0
0.0
0.0
0.0
0.0
0.0
13.7
0.0
0.0
0.0
0.0
0.0
14.0
0.0
0.0
0.0
0.0
0.0
0.0
0.0
4.3
0.0
0.0
0.0
0.0
0.0
0.0
0.0
0.0
0.0
0.0
0.0
0.0
0.0
0.0
0.0
0.0
0.0
0.0
13.0
1.3
0.0
0.0
0.0
0.0
0.0
0.0
0.0
0.0
0.0
17.5
0.0
0.0
0.0
0.0
41.9
1.3
0.0
0.0
0.0
12.2
9.1
0.0
0.0
0.0
0.0
0.0
0.0
0.0
0.0
0.0
0.0
0.0
0.0
19.0
9.7
0.0
0.0
0.0
0.0
0.0
0.0
0.0
0.0
0.0
5.8
0.0
10.2
4.6
9.1
0.0
0.0
0.0
0.0
0.0
0.0
0.0
0.0
20.8
23.9
0.8
0.0
0.0
0.0
0.0
0.0
0.0
0.0
14.0
0.0
2.5
0.0
0.0
0.0
0.0
0.0
0.0
3.6
0.0
0.0
0.0
0.0
0.0
0.0
0.0
0.0
7.6
0.0
0.0
0.0
0.0
27.9
0.0
0.0
21.1
0.0
0.0
9.7
0.0
0.0
0.0
0.0
0.0
0.0
0.0
0.0
0.0
0.0
0.0
0.0
2.5
8.9
0.0
2.3
0.0
0.0
0.0
0.0
0.0
0.0
0.0
0.0
0.0
0.0
0.0
0.0
14.0
0.0
20.1
0.5
0.0
0.0
0.0
0.0
0.8
0.0
0.0
0.0
0.0
0.0
0.0
0.3
0.0
0.0
3.3
0.0
0.0
0.0
0.0
0.0
0.0
0.0
0.0
0.0
0.0
0.0
0.0
0.0
0.0
17.0
0.0
0.0
0.0
0.0
0.0
0.0
0.0
0.0
0.0
0.0
0.0
0.0
0.5
0.0
23.4
16.5
0.0
0.0
0.0
0.0
0.0
0.0
0.0
0.0
0.0
10.4
10.4
0.0
0.0
0.0
18.0
0.0
0.0
0.0
0.0
0.0
0.0
0.0
0.3
0.0
0.0
56.6
0.0
0.0
0.0
0.0
0.0
0.0
0.0
0.0
0.0
0.0
0.0
0.0
0.0
0.0
3.0
0.0
0.0
2.0
10.9
0.3
0.0
0.0
0.0
0.0
0.0
0.0
0.0
0.0
0.0
0.0
0.0
0.0
0.0
0.0
0.3
0.0
0.0
0.0
0.0
12.2
0.0
0.0
0.0
5.8
18.5
0.0
0.0
0.0
3.8
0.0
0.0
0.0
5.1
0.0
0.0
3.0
0.0
1.8
2.0
0.0
0.0
0.0
0.0
0.0
0.0
0.0
0.0
0.0
3.3
0.0
0.0
0.0
0.0
0.0
5.1
0.0
0.0
0.0
2.3
0.0
3.0
23.1
0.0
0.0
0.0
2.5
3.0
0.0
0.0
0.0
9.9
0.0
0.0
0.0
0.3
11.7
8.6
0.0
2.5
12.7
9.7
5.1
0.0
0.0
0.0
0.0
0.0
0.0
0.0
0.0
0.5
0.0
0.0
0.0
0.0
0.0
27.7
0.0
0.0
0.0
0.0
0.0
0.0
0.0
0.0
0.0
0.0
0.0
26.9
0.0
0.0
0.0
0.0
0.0
0.0
0.0
0.0
0.0
0.0
0.0
0.0
0.0
18.3
0.0
0.0
0.0
0.0
0.5
13.2
0.0
0.0
0.0
0.0
4.8
0.0
0.0
0.0
0.0
2.3
0.0
0.0
0.0
0.0
0.0
0.0
0.0
0.0
0.0
0.0
0.0
0.0
7.6
0.0
0.0
18.5
0.0
0.0
0.0
25.4
0.0
0.0
2.5
0.0
0.0
0.0
6.9
0.0
0.0
0.0
0.0
0.0
0.0
0.0
6.9
0.0
0.0
16.5
0.0
0.0
0.0
0.0
0.0
0.0
0.0
0.0
20.6
0.0
6.9
0.0
0.0
0.0
0.0
0.0
0.0
0.0
0.0
0.0
0.0
0.0
0.0
0.0
12.7
15.0
0.0
0.0
0.0
2.5
5.1
20.1
0.0
40.9
0.0
15.5
0.0
0.0
0.0
0.0
0.0
6.9
3.6
20.8
0.0
0.0
0.0
0.0
0.0
0.0
0.0
0.0
6.3
0.0
0.0
0.0
0.0
0.0
0.0
0.0
0.0
0.0
0.0
0.0
0.0
0.0
0.0
0.0
0.0
1.8
0.0
0.0
0.0
0.0
7.4
2.5
0.0
0.0
2.3
8.1
1.8
14.5
0.0
0.0
0.0
0.0
3.3
0.0
0.0
0.0
0.0
0.0
0.0
10.2
6.9
0.3
2.5
15.2
0.0
0.0
0.0
0.0
0.0
6.1
0.0
0.0
0.0
0.0
0.0
0.0
0.0
0.0
0.0
0.0
0.0
0.0
0.0
0.0
0.0
0.0
0.0
0.0
0.0
0.0
0.0
0.0
0.0
0.0
0.0
0.0
0.0
0.0
0.0
0.0
0.0
0.0
0.5
0.0
0.0
0.0
12.7
36.3
6.9
0.0
0.0
0.0
0.0
0.0
0.0
0.0
0.0
0.0
0.0
4.8
0.0
0.0
0.0
0.0
0.0
0.0
0.0
25.4
26.9
0.0
0.0
0.0
0.0
0.0
8.1
0.0
0.0
0.0
0.0
18.8
0.0
0.0
0.0
0.0
2.5
13.2
0.0
0.0
0.0
0.0
0.0
0.0
4.3
1.3
0.0
0.0
3.0
0.0
0.0
0.0
0.0
4.6
1.3
0.0
0.0
0.0
1.8
0.0
0.5
0.0
0.0
0.0
0.0
0.0
0.0
13.0
6.9
0.0
0.0
0.0
0.0
0.0
0.0
0.0
0.0
0.0
0.0
2.0
21.1
0.0
0.0
0.0
12.4
0.0
46.7
0.0
0.0
0.0
0.0
3.3
0.0
0.0
0.0
7.6
6.6
0.0
15.7
0.0
27.7
18.5
26.4
4.3
1.8
8.1
7.9
0.0
0.0
0.0
0.0
0.0
0.0
5.1
1.0
0.0
0.0
0.0
5.1
0.0
0.0
0.0
0.0
0.0
0.0
19.0
0.0
0.0
0.0
0.0
1.3
18.0
13.0
13.2
12.4
1.5
0.0
0.0
0.0
0.0
0.0
0.0
0.0
0.0
0.0
0.0
5.1
0.0
0.0
0.0
0.0
0.0
0.0
0.0
0.0
0.0
0.0
0.0
0.0
0.0
0.0
0.0
0.0
0.0
0.0
0.0
0.0
0.0
0.0
0.0
0.8
0.0
9.7
74.2
0.0
0.0
0.0
22.6
0.0
5.1
3.0
0.0
0.0
0.0
0.0
0.0
0.0
0.0
0.0
0.0
0.0
0.0
0.0
0.0
0.0
0.0
23.1
50.8
3.0
0.0
26.4
0.0
0.0
0.0
51.6
21.6
7.6
0.0
0.0
0.0
0.0
0.0
0.0
0.0
5.8
0.0
0.0
0.0
0.0
0.0
0.0
0.0
0.0
0.0
0.0
0.0
0.0
0.0
9.4
0.0
15.0
0.0
10.2
0.0
0.0
0.0
0.0
0.0
0.0
0.0
0.0
0.0
0.0
0.0
0.0
0.0
0.0
14.5
0.0
0.0
0.0
0.0
0.0
0.0
0.0
3.0
0.0
0.0
0.0
0.0
0.0
11.2
0.0
0.0
0.0
0.0
0.0
0.0
7.6
0.0
0.0
3.8
4.6
0.0
0.0
0.0
0.0
0.0
0.0
14.0
0.0
0.0
0.0
0.0
1.3
0.0
0.0
0.0
0.0
0.0
0.0
0.0
0.0
0.0
0.0
7.1
0.0
0.0
0.0
0.0
0.0
0.0
0.0
0.0
0.0
0.0
0.0
0.0
0.0
0.0
0.0
0.0
0.0
0.0
0.0
0.0
0.0
0.0
0.0
0.0
0.0
0.0
11.5
18.7
0.0
0.0
0.8
0.0
0.0
12.1
0.0
0.0
0.0
0.0
0.0
0.0
0.0
0.8
5.1
0.0
3.5
0.4
0.0
0.0
0.0
0.0
0.0
0.0
0.0
0.0
0.0
2.0
1.9
0.0
0.0
0.0
0.0
0.0
0.0
0.0
0.0
1.6
0.0
0.0
4.9
0.0
0.6
6.2
0.0
0.0
1.4
0.0
0.0
0.0
0.0
0.0
1.3
2.9
0.0
0.0
0.0
15.7
10.2
0.0
0.0
0.0
0.0
0.0
0.0
1.8
3.0
0.0
0.0
0.0
0.0
0.0
1.2
0.0
0.0
7.5
2.4
0.0
0.0
0.0
0.0
0.0
0.0
2.4
0.0
0.0
0.0
0.0
0.0
0.9
18.0
7.3
0.0
0.0
0.0
7.9
0.0
0.0
0.0
8.3
0.0
0.0
0.0
0.0
0.0
0.8
37.3
0.0
13.6
0.0
0.0
0.0
0.0
0.0
0.0
0.0
0.0
0.0
5.2
2.1
0.0
14.4
0.0
0.0
0.0
0.0
10.0
3.2
0.0
0.0
0.5
3.6
19.0
0.0
0.0
0.0
29.4
0.0
0.6
0.0
13.8
16.5
14.9
0.0
0.0
0.0
16.5
0.3
0.0
2.9
0.0
3.6
0.0
0.0
0.0
0.0
0.0
0.0
0.0
0.0
6.0
0.0
0.5
0.0
0.0
7.9
0.6
0.0
0.0
7.6
1.5
0.0
0.4
19.1
8.0
0.0
18.7
0.0
0.0
0.0
0.0
0.8
0.0
0.0
0.0
0.0
0.0
0.0
2.0
3.7
0.0
5.9
1.3
0.0
0.0
0.0
0.0
1.1
0.7
0.5
0.0
34.1
115.6
0.0
0.0
0.0
0.0
0.0
0.0
0.0
23.8
0.4
0.0
18.8
0.0
2.2
0.0
0.0
0.0
0.0
1.5
6.9
0.0
0.0
0.4
0.0
6.4
0.7
0.0
0.0
0.2
0.0
0.0
0.0
0.0
0.0
0.0
0.4
0.0
0.0
0.0
0.0
0.0
0.0
0.0
0.0
0.0
0.0
0.0
0.0
0.0
0.0
72.8
33.2
0.4
59.3
11.5
0.0
0.0
0.0
0.0
0.0
0.0
0.0
0.0
0.0
0.0
1.6
2.2
0.0
0.0
0.0
0.0
0.0
0.0
0.0
2.3
0.0
5.3
0.0
0.0
29.2
0.0
0.6
0.0
0.0
0.0
0.0
2.5
0.0
0.0
0.0
0.0
0.0
0.6
0.0
0.6
0.0
16.1
2.0
0.0
0.0
0.0
0.0
0.0
0.0
0.0
0.0
0.0
7.5
4.3
0.0
1.4
0.0
0.0
0.0
0.0
0.7
0.3
0.0
14.4
0.0
0.0
0.0
0.0
0.0
1.4
0.8
0.0
0.0
1.2
0.7
0.0
54.4
18.5
0.0
0.0
0.0
0.0
21.0
0.0
0.0
0.6
0.0
0.0
0.0
0.0
0.0
0.0
3.0
16.5
1.6
0.0
0.0
0.0
5.5
0.0
0.0
0.0
2.0
0.0
0.5
0.0
3.7
1.5
0.4
0.0
0.0
22.4
0.0
0.0
0.0
0.0
1.1
6.4
0.0
0.0
0.0
0.0
0.0
11.2
9.9
0.0
0.0
0.0
0.0
0.0
0.0
0.0
0.0
0.0
0.0
0.0
3.2
5.7
0.0
0.0
0.0
0.0
0.0
0.0
0.0
3.1
2.4
0.8
0.0
1.5
0.0
0.0
0.6
5.7
0.0
0.0
4.2
1.5
0.0
0.0
0.0
0.0
0.0
0.0
0.0
0.0
0.0
0.0
0.0
0.0
0.7
0.3
0.0
0.0
0.0
0.0
0.0
0.0
0.0
0.0
1.0
0.0
0.0
1.3
30.5
0.0
0.0
0.0
0.4
0.0
0.0
0.0
0.0
3.2
0.0
6.8
2.8
0.0
1.8
1.5
0.0
0.0
0.0
0.9
0.4
31.8
29.4
0.0
13.8
10.4
41.4
1.7
0.0
0.0
0.0
0.0
0.0
0.0
0.0
0.0
0.0
0.0
0.0
0.0
0.0
0.0
0.0
0.0
0.0
0.0
0.0
19.5
0.0
3.9
0.0
12.6
0.0
0.0
0.0
0.0
2.2
3.5
5.1
5.5
0.0
0.9
0.0
0.0
0.0
0.0
0.0
18.1
1.0
6.1
20.2
14.6
0.0
0.0
0.0
20.3
0.0
0.0
0.0
1.0
1.7
56.6
0.0
0.0
0.0
0.0
1.9
37.8
2.1
0.3
3.7
0.0
0.0
0.5
0.0
0.0
0.0
13.5
47.3
0.0
1.3
0.0
11.7
18.5
18.8
0.0
0.0
0.0
0.0
5.6
0.0
0.0
17.3
0.0
0.0
0.0
0.0
0.0
0.0
0.0
4.4
7.7
0.0
3.2
2.4
0.0
1.0
30.2
4.6
1.6
0.0
26.0
0.0
0.0
14.7
0.0
0.0
0.0
0.0
0.0
0.3
0.0
0.3
0.0
0.0
0.0
0.0
8.2
5.4
0.0
0.0
0.0
9.7
0.0
0.0
0.0
0.0
0.0
6.2
0.0
0.0
0.0
0.0
0.0
0.0
0.0
0.1
0.2
4.6
11.9
0.0
0.0
3.2
18.6
39.0
5.0
1.3
14.4
0.0
0.0
0.0
0.0
0.0
0.0
0.0
0.0
0.0
0.0
0.0
0.0
0.0
0.0
0.0
0.0
0.3
9.0
0.0
0.0
0.0
0.0
0.0
0.0
0.0
0.0
0.0
0.0
0.0
0.0
0.0
0.0
0.0
6.2
0.0
0.0
0.0
0.0
0.0
1.3
7.5
0.0
0.0
0.0
19.2
0.9
8.3
0.4
0.0
19.8
13.4
0.5
0.0
0.0
3.0
2.3
0.0
0.0
27.5
0.0
9.5
6.6
0.0
8.3
24.0
0.0
10.9
0.0
0.0
0.0
0.0
0.0
0.0
2.5
2.0
0.0
0.0
0.0
0.0
0.0
0.0
11.6
1.1
0.0
0.1
0.0
6.8
24.2
0.0
5.0
10.7
0.8
8.4
12.5
0.0
0.0
0.0
0.0
10.8
24.1
1.6
0.0
0.6
1.4
0.0
0.0
0.0
0.0
0.0
0.0
0.0
0.0
0.0
0.0
0.0
0.0
0.0
0.0
0.7
0.0
0.0
0.0
0.0
0.0
6.4
0.1
14.9
18.5
20.5
22.5
0.0
3.7
0.0
0.0
3.9
14.2
44.9
6.7
0.0
0.7
0.0
0.0
0.0
0.0
0.2
1.0
1.1
0.0
0.0
0.0
0.0
0.0
0.9
6.6
0.0
0.0
0.0
0.0
0.0
0.0
0.0
5.3
7.7
1.5
0.6
0.0
0.0
2.7
20.1
0.0
1.9
0.0
0.0
0.0
2.9
2.2
0.0
0.0
0.0
0.0
0.0
0.0
2.6
0.4
0.5
0.0
0.0
0.0
0.0
0.0
0.0
0.0
0.0
2.5
0.0
0.0
0.0
0.0
0.0
0.0
0.0
0.3
0.0
0.0
0.0
21.3
3.9
8.3
2.9
0.0
0.0
0.0
0.0
6.5
0.0
7.6
0.0
0.0
0.0
0.0
0.4
0.0
0.0
0.0
0.0
10.9
6.2
0.0
0.0
0.0
0.0
0.0
0.0
0.0
8.9
6.4
3.9
0.0
0.0
1.7
0.4
0.0
0.0
2.5
0.0
0.0
0.0
0.0
0.0
0.0
0.0
0.0
1.0
7.4
0.0
7.8
0.0
0.5
1.7
0.0
0.0
0.0
22.6
3.7
0.0
0.0
0.0
0.0
0.0
0.0
0.0
0.1
0.0
0.6
0.0
0.0
0.0
0.7
0.0
0.0
0.5
0.0
0.0
0.9
0.0
2.8
0.0
0.0
24.4
0.0
0.0
0.0
0.0
0.0
0.0
0.0
0.0
0.0
0.0
0.0
1.1
0.0
0.0
13.7
0.0
0.0
0.0
0.0
0.0
7.7
0.0
0.0
0.9
0.0
0.0
0.0
26.7
21.4
0.2
1.0
1.1
0.0
0.0
22.8
0.0
0.0
1.6
0.0
0.0
0.0
0.0
17.1
0.0
0.0
0.0
0.0
0.0
0.0
0.0
1.6
0.9
0.9
0.0
0.0
0.0
0.0
0.0
7.2
10.4
9.2
6.3
1.1
0.0
0.0
13.2
10.9
0.0
1.3
0.0
0.0
0.0
3.2
0.0
0.0
0.0
0.0
0.0
0.0
0.0
0.0
0.0
0.0
0.0
0.0
0.0
0.1
0.0
0.0
0.0
0.0
8.3
0.0
6.8
0.0
0.0
6.8
19.2
0.0
0.0
0.0
2.8
0.7
14.6
0.0
0.0
17.5
0.0
0.0
0.0
1.4
0.0
0.0
0.0
0.0
0.0
0.0
0.0
0.0
0.0
0.0
0.0
0.0
0.0
0.0
0.0
0.0
9.3
21.7
0.0
0.0
0.1
0.0
0.0
0.0
0.0
0.0
0.0
7.1
24.3
0.0
0.0
0.0
0.0
17.6
0.0
0.0
0.0
0.0
0.0
0.0
2.6
0.0
10.2
12.1
0.0
0.0
0.0
0.0
0.0
0.0
0.0
0.0
0.0
0.0
6.0
28.5
2.5
0.0
1.8
0.9
0.0
2.2
0.0
0.0
0.3
0.0
8.3
0.0
0.0
0.1
0.0
2.8
1.8
0.0
0.0
0.3
0.0
0.0
0.0
0.0
0.0
0.0
4.9
0.5
0.0
0.9
0.4
0.0
5.1
0.0
0.2
4.5
0.0
0.0
0.0
0.0
0.0
0.0
0.0
5.4
0.0
6.1
12.3
0.0
0.0
0.0
0.4
0.0
0.0
7.7
0.0
0.0
0.0
0.0
0.0
0.0
1.2
15.9
0.0
0.1
0.0
0.0
0.5
0.0
0.0
0.0
0.0
0.0
0.0
0.0
0.2
1.0
0.0
0.0
0.0
8.7
8.4
0.0
0.0
0.0
0.0
0.0
0.0
0.0
0.0
0.0
0.0
0.0
0.0
0.0
0.0
0.0
0.0
3.9
0.2
7.6
3.6
14.4
2.6
17.4
39.8
0.0
0.0
0.0
0.0
0.0
0.0
0.0
2.8
1.1
0.0
0.0
0.3
0.0
0.0
7.2
0.0
0.0
6.8
0.0
0.0
17.6
0.6
0.0
11.1
28.4
0.0
0.0
0.0
0.0
1.5
0.0
7.9
0.8
0.7
19.4
0.0
15.4
0.0
0.0
0.0
0.0
0.0
1.5
2.9
0.0
0.0
0.0
13.9
9.5
9.8
0.0
2.2
0.0
0.0
0.0
0.0
0.0
0.0
19.1
0.6
2.2
1.6
2.5
6.2
2.1
13.2
0.0
0.0
0.0
0.0
0.0
0.0
9.7
0.6
0.0
0.0
0.0
0.0
10.9
3.5
7.8
0.0
0.0
0.0
0.0
0.6
0.0
0.0
0.0
4.3
0.0
0.0
0.0
0.0
0.0
0.0
2.8
0.8
0.0
0.0
0.0
0.0
0.0
0.0
0.2
1.2
7.2
0.0
0.0
0.0
0.0
0.8
14.6
2.3
0.0
0.0
0.0
2.2
0.1
17.4
31.7
2.2
10.0
0.0
0.0
0.0
1.4
0.6
2.7
3.9
13.9
0.0
0.0
0.0
0.0
63.0
11.0
0.0
0.0
0.0
0.0
0.0
1.6
0.0
0.0
0.0
0.3
1.0
11.3
12.8
4.6
0.0
0.0
0.4
0.0
0.0
0.0
7.9
2.5
0.3
0.0
0.0
0.0
0.0
0.0
0.0
3.3
26.2
4.7
0.7
1.8
0.6
0.0
0.0
0.0
6.7
6.0
0.0
0.0
0.0
0.0
0.6
23.0
1.1
0.5
0.0
0.0
0.0
14.2
0.0
0.0
0.0
1.2
16.4
0.7
0.2
0.0
0.0
0.0
0.0
0.0
0.0
0.0
4.4
0.0
0.0
0.0
0.0
0.0
0.0
0.0
12.0
3.1
0.0
0.0
0.0
0.0
54.5
0.0
0.5
0.0
0.0
6.2
0.0
0.0
0.0
4.9
4.6
0.0
0.0
0.0
0.0
0.0
0.0
0.0
0.0
0.2
4.7
1.6
0.0
0.0
0.0
20.0
0.0
0.0
0.3
8.1
10.4
0.0
0.0
0.0
0.0
0.0
0.0
0.0
0.0
0.0
0.0
0.0
0.0
1.8
30.0
46.5
3.8
0.0
0.0
0.0
0.0
0.4
0.0
0.0
0.0
3.7
9.9
2.0
0.0
0.0
0.0
0.0
4.2
0.0
0.0
21.5
23.7
3.8
0.0
0.0
0.0
0.0
0.0
0.0
0.0
19.0
4.5
0.0
0.0
0.0
16.5
1.0
0.0
0.3
0.0
0.0
0.0
1.1
23.3
1.8
24.0
1.1
0.0
0.0
0.0
0.0
4.0
0.5
0.0
2.5
0.0
0.0
0.0
0.0
0.0
0.0
0.0
0.0
0.0
0.0
0.0
0.0
0.0
8.6
0.0
0.0
0.0
0.0
0.0
9.1
10.7
0.0
0.0
6.6
1.0
0.0
0.0
0.0
0.0
0.0
0.0
22.6
0.0
0.0
0.0
3.0
7.4
0.0
0.0
0.0
0.0
0.0
0.0
0.0
2.3
0.0
0.0
0.0
0.0
3.2
0.0
0.0
0.0
7.2
2.4
0.5
3.8
32.7
11.4
1.0
0.0
0.0
0.8
6.5
0.0
10.8
14.0
0.0
0.0
6.6
0.0
0.0
0.0
0.0
0.0
0.0
12.7
6.0
0.0
0.0
5.2
0.0
0.0
0.0
0.0
0.0
0.0
0.0
0.0
0.0
37.7
12.2
3.9
0.0
0.0
0.0
0.0
0.0
0.5
0.8
4.1
0.0
0.0
0.0
0.0
0.0
0.0
0.0
0.0
0.0
0.0
4.8
0.3
0.0
0.0
0.0
0.0
0.0
0.0
0.0
7.9
1.5
14.0
0.3
1.0
0.0
0.0
0.5
3.0
0.3
0.0
1.3
0.0
0.0
2.0
0.0
0.0
0.0
0.0
0.0
0.0
0.0
0.0
0.0
0.0
9.1
0.0
0.0
27.2
14.2
19.6
2.5
0.0
7.6
10.2
36.1
0.0
0.0
0.0
0.0
2.5
0.3
0.0
0.0
0.0
0.0
4.3
1.8
0.0
0.8
0.0
0.0
0.0
17.5
12.2
0.3
2.0
0.0
0.0
0.0
0.0
0.0
0.0
0.0
0.0
3.6
15.7
0.0
0.0
0.0
0.0
0.0
0.0
0.0
0.0
0.0
0.0
0.0
0.0
0.0
0.0
0.0
2.5
0.0
3.8
0.0
1.5
9.9
7.9
0.0
0.0
0.0
11.9
0.0
0.0
0.0
0.0
0.0
0.0
0.0
0.0
0.0
0.0
0.0
0.0
7.1
12.2
0.0
0.0
6.9
0.0
0.0
0.0
0.0
0.0
0.0
0.0
0.0
0.0
0.0
0.0
0.0
0.0
0.0
8.4
0.0
0.0
0.0
0.0
3.6
0.0
23.4
0.0
0.0
0.0
0.0
0.0
3.8
0.0
0.0
0.0
0.0
0.0
0.0
28.2
0.0
16.5
18.0
0.0
0.0
0.0
14.5
0.0
0.0
0.8
10.4
0.0
0.0
0.0
0.0
0.0
0.0
0.0
0.0
0.0
0.0
0.0
0.0
0.0
0.0
11.9
0.0
20.3
0.0
0.0
0.0
0.0
0.0
1.0
0.0
20.1
35.6
0.0
0.0
0.0
4.3
0.0
0.0
0.0
0.0
0.0
3.6
7.9
0.0
1.0
0.0
2.0
0.3
17.5
3.3
16.5
9.7
0.0
0.0
0.8
14.5
0.0
0.0
0.0
0.0
3.3
0.5
2.3
0.0
0.0
0.0
1.0
0.0
4.1
0.0
0.0
2.5
1.3
0.0
0.0
3.8
0.0
0.0
91.2
4.1
0.0
3.6
0.0
0.0
0.0
0.0
0.0
0.0
0.8
0.0
0.0
0.0
1.0
0.0
0.3
0.0
0.0
0.0
0.0
0.0
8.4
0.0
16.0
0.0
0.0
11.9
0.0
33.0
1.0
0.5
0.5
0.0
0.3
0.0
0.0
0.0
0.0
0.0
24.4
0.8
0.0
0.5
0.0
2.5
3.3
0.0
0.0
6.6
0.0
0.0
1.8
0.0
0.0
3.8
1.8
7.1
0.0
0.0
0.0
0.0
0.0
0.0
0.0
0.0
0.0
0.0
0.0
0.0
16.3
13.2
0.0
0.0
0.5
0.0
0.0
0.0
0.0
2.0
11.2
0.0
0.0
1.3
4.3
0.0
0.0
0.0
2.5
0.0
0.0
0.0
12.4
2.0
14.0
1.3
1.3
0.0
0.0
0.0
0.0
0.0
1.5
0.0
0.0
0.0
0.0
0.0
1.0
19.3
0.0
1.0
4.3
0.0
0.0
1.5
4.1
0.0
0.0
0.0
0.0
4.1
0.5
0.0
30.2
4.3
0.0
2.5
0.0
11.6
0.0
0.0
0.0
11.2
0.0
0.0
0.0
18.4
0.0
0.5
0.0
0.0
0.0
0.0
30.2
0.0
1.0
51.5
59.9
0.8
0.0
0.0
0.0
1.7
7.2
0.0
0.0
0.0
0.0
0.0
0.5
0.0
0.0
0.0
0.0
0.0
2.0
0.8
0.0
4.3
0.3
0.0
17.8
0.0
0.0
0.0
0.0
4.3
4.3
0.0
0.0
65.5
11.7
7.6
0.0
0.3
33.0
32.5
0.0
0.0
0.0
0.0
0.0
0.3
0.8
4.1
0.0
0.0
0.0
0.5
0.0
0.0
0.5
0.0
7.1
0.8
0.0
0.0
0.0
1.3
0.0
0.8
0.0
0.0
0.0
0.0
0.0
0.0
0.0
0.0
0.0
0.0
0.0
0.0
0.0
0.0
0.3
1.3
2.3
0.0
0.0
0.0
0.0
0.0
7.4
0.0
0.0
0.0
0.0
0.0
7.4
0.0
0.3
11.4
0.5
5.6
0.0
0.0
26.7
10.4
120.4
0.0
0.0
0.0
0.0
0.0
0.0
0.0
0.0
0.0
0.0
0.0
0.0
0.0
0.0
0.5
6.9
0.0
0.0
0.0
0.0
0.0
0.0
0.0
23.4
0.0
0.0
0.0
0.0
0.0
0.0
3.3
3.8
0.0
0.0
0.0
0.0
0.0
0.0
0.0
33.5
2.0
0.0
0.0
0.0
0.0
0.0
0.0
0.0
0.0
0.0
0.0
0.0
0.0
2.0
0.0
0.0
0.0
0.5
6.3
0.8
0.0
0.0
0.0
0.0
0.0
0.0
0.0
0.0
0.0
0.0
1.5
0.0
0.0
0.0
0.0
0.0
10.7
3.8
3.6
0.0
1.3
0.0
0.3
0.0
0.3
12.7
3.0
0.0
0.0
0.0
0.0
6.1
0.0
5.3
0.0
24.6
0.0
0.0
0.0
0.0
18.3
3.8
0.3
1.5
28.4
0.0
0.0
0.0
0.0
0.0
0.0
0.3
0.0
0.3
0.0
0.0
0.0
3.0
0.0
0.0
0.3
0.8
0.3
0.0
0.0
0.0
0.5
0.5
0.0
0.0
0.0
0.0
0.5
1.3
0.0
3.0
0.0
0.0
0.0
0.0
0.0
0.3
0.0
0.0
0.0
0.0
0.0
0.0
3.3
9.4
9.9
0.0
1.3
0.0
0.0
0.0
2.5
2.8
0.0
0.3
0.0
0.0
0.0
0.0
0.0
11.9
0.0
0.0
0.0
0.0
0.0
0.0
0.0
0.0
9.7
1.3
29.5
13.0
0.0
0.0
0.0
0.0
0.0
0.0
0.0
0.0
0.0
0.0
0.0
0.0
0.0
4.3
0.0
0.0
0.0
22.9
0.0
0.0
6.1
0.0
18.0
0.0
0.0
12.4
0.0
0.0
0.0
7.1
0.0
0.0
13.7
4.3
0.3
0.0
0.0
0.0
5.8
21.1
2.3
0.8
0.0
0.0
0.0
3.0
0.0
29.5
1.0
16.3
7.4
0.0
0.0
0.0
0.0
0.0
0.0
8.9
0.0
0.0
0.0
0.0
7.4
45.7
0.0
29.0
0.0
0.0
0.0
0.0
0.0
0.0
0.0
4.1
0.0
6.6
2.0
3.8
0.0
0.0
1.8
0.0
1.3
28.7
7.6
0.0
0.0
0.0
4.1
0.8
1.3
4.3
6.3
0.0
0.0
0.0
4.3
29.5
62.5
0.5
8.4
0.0
0.0
0.0
0.0
0.0
4.6
0.0
3.0
0.0
0.0
0.0
0.0
0.0
1.3
24.4
0.0
0.0
1.5
15.2
0.0
0.0
1.5
0.0
0.0
20.1
0.0
0.0
0.0
0.0
0.0
0.0
0.0
0.0
0.0
32.3
0.0
0.0
0.0
5.8
0.0
0.0
0.0
3.6
0.0
2.3
24.1
0.0
0.0
6.1
0.0
0.0
0.0
0.0
0.0
0.0
0.0
0.0
6.6
33.8
0.0
24.1
0.0
0.0
0.0
0.0
0.0
0.0
0.0
34.8
2.3
0.0
0.0
0.0
0.0
0.0
0.0
0.0
15.0
0.3
0.0
0.0
0.0
0.0
0.0
0.0
0.0
0.0
0.0
0.0
0.0
0.0
0.0
11.7
0.5
5.1
0.3
0.5
0.0
0.8
0.0
0.0
0.0
0.0
21.3
0.8
1.0
0.0
4.8
0.0
0.5
39.9
9.7
0.0
3.0
1.0
13.7
9.9
1.0
1.0
0.0
0.0
0.0
0.0
0.0
73.7
1.3
0.0
2.5
3.0
8.9
0.3
26.9
30.7
0.0
0.0
0.0
0.0
0.0
0.0
0.0
0.0
0.0
0.0
1.5
0.0
0.0
0.0
0.0
24.4
17.5
16.5
5.6
2.3
0.0
0.0
0.0
0.5
20.1
2.3
1.0
0.0
0.0
0.5
0.0
0.0
0.0
0.0
0.0
0.0
0.0
0.0
18.5
0.0
0.0
0.0
4.6
0.0
0.0
0.0
0.0
0.0
0.5
0.0
1.3
0.0
4.8
18.5
40.1
2.2
9.1
0.0
0.0
0.0
1.8
0.0
0.0
0.0
0.0
0.0
0.0
8.1
9.7
0.0
0.0
0.0
0.0
0.0
0.0
0.0
0.0
0.0
0.0
0.3
0.0
1.5
4.1
0.0
8.4
0.0
2.2
0.0
2.0
0.0
0.0
0.0
0.0
0.0
0.0
0.0
2.5
7.6
0.0
0.0
6.1
2.3
0.0
0.0
0.0
0.0
2.1
0.0
0.0
0.0
0.0
5.3
3.8
19.3
0.8
0.3
0.0
0.0
0.0
0.0
0.0
0.0
0.0
0.0
0.0
0.0
0.0
2.5
0.8
2.0
7.4
0.8
16.0
5.3
0.3
0.0
0.0
0.0
0.0
0.0
1.0
2.3
0.0
0.0
3.3
8.4
0.0
0.0
10.5
0.0
0.0
0.0
0.0
4.1
3.8
0.0
4.1
7.4
4.3
0.0
0.0
0.0
0.0
0.0
0.0
0.0
0.0
0.5
0.0
0.0
0.0
0.0
0.5
0.0
14.2
15.5
17.8
0.0
0.0
0.0
0.0
2.0
10.7
0.0
13.5
0.0
0.0
0.0
0.0
0.0
0.0
31.0
1.3
4.3
0.5
0.0
0.1
17.1
8.4
0.0
0.0
8.1
1.0
0.0
0.0
0.5
0.0
20.6
0.0
0.0
0.0
0.0
4.8
18.3
0.0
0.0
37.6
10.9
0.0
0.0
58.4
0.0
0.0
1.3
8.1
15.2
0.3
52.3
0.0
0.0
23.1
0.0
11.4
7.4
8.1
21.1
0.0
0.8
0.0
0.0
0.0
0.0
0.0
0.0
0.0
0.0
0.0
0.0
0.0
4.1
0.0
0.0
0.0
0.0
0.0
3.0
0.0
0.0
0.0
2.6
0.0
33.3
4.4
0.0
0.0
0.0
13.2
0.0
0.0
0.0
2.3
0.0
0.0
0.0
0.0
0.0
0.0
0.0
0.0
0.0
0.0
0.0
2.5
5.8
0.0
0.0
18.0
0.0
0.0
0.0
0.0
0.0
0.0
26.9
0.0
0.0
0.0
0.0
0.0
0.0
0.0
0.0
0.0
0.0
0.3
31.0
30.0
0.0
0.0
0.0
0.0
0.0
0.0
0.0
7.6
0.0
0.0
0.0
0.0
2.3
0.0
0.0
6.9
0.0
0.0
8.4
8.9
2.5
0.0
4.1
0.0
0.0
0.0
0.0
0.0
6.3
0.0
0.0
0.0
0.0
0.0
0.0
0.0
0.0
0.0
0.0
0.0
1.3
0.0
0.0
0.0
0.0
0.0
0.0
0.0
0.0
0.3
3.0
4.3
14.2
0.0
0.0
0.0
0.0
0.0
0.0
0.0
0.0
0.0
3.8
0.0
0.0
0.0
0.0
0.0
0.0
0.0
0.0
1.0
0.0
0.0
0.0
0.0
0.0
0.0
0.0
3.0
13.0
0.0
27.4
2.0
0.0
0.0
0.0
18.3
0.0
0.0
0.0
5.1
1.3
0.0
0.0
0.0
0.0
0.0
0.0
15.7
2.2
0.0
0.0
9.4
0.0
0.0
0.0
0.0
0.8
0.0
0.0
0.0
11.2
0.0
0.0
0.0
0.0
0.3
0.3
6.1
0.0
0.0
0.0
0.0
0.0
0.0
0.8
0.0
0.0
4.5
2.3
0.0
0.0
0.0
0.0
0.0
3.6
0.6
2.5
2.5
0.8
0.0
1.3
0.5
0.0
0.0
0.0
0.0
0.0
0.0
3.8
22.7
0.0
0.0
0.0
1.9
1.3
0.0
0.0
0.0
0.0
0.0
0.0
0.0
0.0
0.0
0.0
0.0
0.0
0.0
8.9
5.3
0.0
1.3
4.3
0.3
0.5
16.5
0.0
0.0
0.0
1.5
30.0
0.8
0.0
0.0
9.4
0.3
0.0
0.0
0.0
0.0
5.8
0.0
0.0
0.0
0.0
2.0
0.3
0.0
1.5
0.3
0.0
0.0
0.0
0.0
0.0
0.0
0.0
0.0
1.3
0.0
10.2
0.3
0.0
0.0
13.5
2.8
0.0
18.5
0.0
0.0
0.0
0.0
13.0
1.0
0.0
26.7
24.6
0.3
4.8
25.9
0.0
1.0
23.6
2.8
2.5
0.0
0.0
0.0
6.8
0.0
0.0
0.0
7.6
1.3
0.3
0.0
0.0
0.0
0.0
0.8
31.2
6.3
5.1
0.0
0.0
0.0
0.0
0.0
5.1
7.9
0.0
7.9
50.3
0.3
0.0
16.6
0.0
0.0
0.0
0.0
3.3
0.0
0.0
5.8
0.0
0.0
0.0
0.0
12.7
0.0
0.0
0.0
32.0
12.7
0.0
0.0
0.0
3.3
0.8
24.4
0.3
0.8
0.0
5.1
34.3
0.0
0.0
0.0
0.0
0.0
0.0
0.0
0.0
0.0
0.0
0.8
0.0
0.0
0.0
0.0
16.3
0.0
0.0
0.0
0.0
0.0
0.8
14.0
0.0
0.0
0.0
0.0
14.0
0.0
0.0
0.0
0.0
0.0
0.0
0.0
0.0
0.0
0.0
0.0
0.0
0.5
0.0
0.8
0.0
0.0
0.0
0.3
15.7
0.0
0.0
0.0
0.0
0.0
0.0
0.3
0.0
0.0
21.1
0.0
0.0
0.0
0.0
0.0
0.0
4.6
0.0
0.0
0.0
2.0
0.0
0.0
0.0
0.0
12.4
0.0
0.0
0.0
0.0
0.0
14.7
0.0
0.3
0.5
4.1
0.0
0.0
0.0
0.0
1.3
0.8
0.0
27.9
1.3
0.0
0.0
0.0
0.0
0.0
0.0
0.0
0.0
0.0
0.0
0.0
0.0
0.0
0.0
18.0
1.8
0.0
0.0
0.0
2.5
2.5
8.6
0.3
0.0
0.0
0.0
0.0
0.0
2.0
0.0
0.0
0.0
3.6
0.0
0.0
12.2
24.4
0.0
0.0
1.3
5.9
7.5
0.5
0.0
0.0
0.0
0.0
0.5
0.0
0.0
0.0
0.0
0.0
4.3
0.5
11.2
0.3
0.0
0.0
11.7
0.0
11.9
0.0
0.0
0.0
0.0
6.1
0.0
0.0
0.0
0.0
0.3
0.0
0.0
0.0
0.8
3.8
32.3
0.0
0.0
0.0
0.0
14.2
3.0
0.6
0.0
0.0
0.0
0.0
11.9
0.0
0.0
0.0
4.1
2.0
0.0
0.3
0.0
0.0
0.0
0.0
0.0
0.0
0.0
0.0
0.0
5.6
0.3
0.0
0.0
13.7
0.5
0.0
0.0
2.5
0.0
12.4
0.0
0.0
2.5
8.4
3.0
0.0
0.0
0.0
0.0
0.0
0.0
8.4
5.6
0.0
0.0
0.3
0.0
0.0
0.0
0.0
0.0
2.0
0.0
1.5
0.0
0.0
0.0
0.0
2.3
0.8
0.0
0.3
0.0
0.0
0.0
0.0
9.7
0.0
0.0
10.7
0.0
1.3
0.0
0.0
5.1
0.0
0.0
0.0
2.5
0.0
0.0
0.0
0.0
0.0
2.0
0.0
0.0
0.0
0.0
0.3
0.8
0.0
0.0
0.0
0.3
0.0
1.3
0.8
12.7
0.0
0.0
0.5
0.0
0.0
0.0
0.0
0.0
0.0
0.0
0.0
0.0
0.0
7.1
21.1
0.0
0.0
0.0
0.0
1.5
0.0
0.0
0.0
0.0
0.0
0.0
3.0
0.3
20.1
1.8
9.4
2.5
0.3
0.8
0.0
29.5
0.0
0.0
0.0
0.0
0.0
0.0
0.0
0.0
0.0
0.0
0.0
0.0
0.0
6.9
0.0
0.0
0.0
0.0
0.0
0.0
0.0
0.0
0.0
0.0
11.9
0.0
5.1
0.3
7.1
0.0
0.0
0.0
0.0
0.0
0.0
0.0
0.0
0.0
0.0
0.0
9.1
0.0
0.0
0.0
0.0
2.0
0.0
0.0
0.3
0.0
0.0
0.0
0.0
0.0
3.8
0.0
0.0
0.0
0.0
0.0
0.0
0.0
16.0
0.0
0.0
0.0
0.0
0.0
0.0
0.0
0.0
2.4
0.0
0.0
0.0
0.0
0.0
0.0
0.0
0.0
3.0
0.0
0.0
0.0
0.0
0.0
0.0
0.0
0.0
19.6
0.0
0.0
0.0
0.3
8.4
0.0
0.0
9.7
2.0
0.0
0.0
67.6
0.0
0.0
0.0
0.0
0.0
0.0
0.0
0.0
0.5
48.8
0.0
0.0
0.0
0.0
35.6
63.0
14.2
0.0
0.0
1.5
0.0
36.1
0.0
0.0
0.0
0.0
0.0
3.3
0.0
0.0
0.0
8.6
0.0
0.0
0.0
12.7
0.0
0.0
1.8
2.5
17.3
0.0
0.0
0.0
0.0
0.0
1.3
0.5
24.6
1.8
0.0
0.0
0.0
0.0
0.0
0.0
0.0
76.2
1.8
0.0
0.0
8.4
2.3
9.4
0.0
17.0
0.3
0.0
0.0
6.9
0.0
0.0
0.0
0.0
0.0
0.0
0.0
8.4
0.0
0.0
0.0
3.6
0.0
0.0
0.0
0.0
18.3
0.0
0.0
0.0
0.0
0.0
0.0
0.0
0.0
0.0
0.0
2.8
0.0
0.0
0.0
0.0
0.0
0.0
0.0
0.0
0.8
0.0
16.0
0.0
0.0
2.5
0.8
2.0
0.0
0.0
0.0
0.0
0.0
6.1
2.0
0.0
4.5
0.0
22.6
2.5
0.0
0.0
0.0
0.0
0.0
0.0
0.0
0.0
0.0
0.0
1.5
0.0
0.0
0.0
0.0
0.5
0.0
0.0
0.0
0.0
11.9
0.0
8.1
0.0
0.0
0.0
0.0
0.0
0.0
0.0
0.0
0.0
0.0
0.0
1.0
0.0
0.0
6.6
0.8
28.2
1.3
0.0
0.8
0.4
0.0
0.0
0.0
0.0
6.3
0.0
3.5
8.0
0.0
0.0
0.0
0.0
0.0
0.0
0.0
6.9
0.0
0.0
6.9
0.0
0.0
0.0
15.5
29.0
1.0
0.8
0.8
0.0
0.0
0.8
3.8
0.0
0.0
0.0
3.6
4.5
0.0
1.3
0.0
0.0
0.0
0.4
0.0
0.0
0.0
0.0
0.0
0.0
1.3
31.5
0.0
0.0
0.0
0.0
0.0
0.0
0.0
0.0
0.0
0.0
0.0
0.0
0.0
1.3
1.3
0.0
49.5
0.5
0.8
0.8
0.3
13.7
6.3
1.5
63.8
0.0
0.0
0.0
0.0
13.1
1.5
0.0
0.0
13.0
0.8
0.0
0.0
0.0
20.3
5.6
1.8
0.8
0.0
0.0
0.0
13.0
0.0
0.0
0.0
0.0
0.0
0.0
0.0
5.6
0.0
0.0
16.5
0.3
1.3
0.5
0.0
8.9
6.3
21.6
3.0
0.0
16.8
33.0
9.4
0.8
0.0
0.0
0.0
0.0
0.0
0.0
0.8
0.0
0.0
0.0
0.0
0.0
6.1
0.0
0.0
0.0
0.0
0.0
5.1
0.8
0.0
15.0
71.4
2.3
0.0
0.0
38.1
0.0
0.0
0.5
0.0
0.0
0.0
0.0
0.0
0.7
0.3
17.8
0.0
0.0
0.0
0.0
0.0
0.0
0.0
0.0
0.0
0.0
6.6
2.3
0.0
0.0
0.0
2.0
0.0
0.0
0.3
8.6
0.5
0.0
0.0
0.0
0.0
0.0
0.0
11.2
0.0
0.0
0.0
0.0
11.2
0.0
0.0
0.0
0.0
0.0
0.0
0.0
0.0
0.0
3.8
0.0
0.0
0.0
0.0
0.0
0.0
0.0
0.0
10.5
0.0
0.0
0.0
0.0
0.0
0.0
0.0
0.0
0.0
0.0
1.5
0.0
0.0
0.0
2.3
0.0
0.0
1.0
6.3
0.8
0.0
0.0
0.0
0.0
0.0
0.0
0.0
3.3
0.0
0.0
0.0
1.0
10.9
0.0
1.5
0.8
0.0
0.0
0.0
0.0
0.0
0.8
0.0
0.0
6.6
0.0
0.0
5.6
0.0
0.0
0.0
12.4
0.8
0.0
0.0
0.0
0.0
0.0
1.5
26.7
16.8
0.0
0.0
0.0
0.0
6.1
4.1
0.0
0.0
0.0
0.0
1.3
0.0
0.0
0.0
0.0
1.5
7.9
0.0
0.0
10.2
6.6
0.8
0.0
0.0
0.0
0.0
0.0
0.0
0.0
0.0
0.0
0.5
0.3
0.5
0.0
0.0
0.3
2.0
0.0
0.0
0.0
0.0
8.9
2.2
1.9
0.0
0.0
0.0
3.8
3.8
19.6
0.0
0.0
0.0
0.0
0.0
0.0
0.0
0.8
0.0
0.0
9.1
2.0
0.0
2.5
9.4
0.0
0.0
0.0
0.8
21.1
0.0
0.0
0.0
0.0
0.0
0.5
0.3
2.0
0.0
4.3
0.0
0.8
0.0
1.8
0.0
0.3
0.0
0.0
0.0
0.0
14.0
8.6
0.0
0.0
12.2
1.0
0.0
0.3
0.3
0.0
0.0
0.0
0.0
0.0
6.3
0.8
0.0
7.6
0.0
6.6
3.0
0.0
1.3
0.0
0.3
0.0
0.0
0.0
0.0
7.6
0.0
0.0
0.0
0.0
0.0
0.0
0.0
0.0
0.0
17.5
0.3
0.0
0.0
0.0
0.0
0.0
1.3
0.0
0.0
0.0
0.0
0.0
0.3
0.0
3.8
10.9
0.0
0.0
0.0
0.0
0.8
25.4
15.0
0.0
0.0
0.0
3.6
0.0
0.0
0.3
0.0
0.0
12.7
1.0
0.0
0.0
0.0
0.0
0.0
0.0
0.3
0.0
0.3
4.3
0.0
0.0
19.0
11.2
1.8
0.3
0.3
0.0
0.5
0.0
0.0
0.0
0.0
11.2
4.1
4.3
0.0
28.2
2.0
11.2
4.6
2.1
0.0
0.5
0.5
0.0
13.2
0.0
0.0
0.0
0.0
0.0
0.0
25.1
0.5
0.0
0.0
4.6
0.0
40.4
0.0
0.0
0.0
31.8
0.0
5.8
13.5
0.8
0.0
0.0
0.0
0.0
0.0
0.0
0.0
11.4
0.0
22.9
12.2
23.9
2.5
0.0
0.0
0.0
0.0
0.8
61.0
0.0
0.5
0.0
0.0
5.0
1.3
10.2
0.0
0.0
0.0
57.1
34.8
0.0
4.1
0.0
0.0
0.0
0.0
0.0
0.0
0.0
0.0
0.0
0.0
2.5
14.0
0.0
0.0
0.0
0.0
0.0
0.1
0.0
0.0
16.8
0.0
0.0
2.6
1.5
0.0
1.8
0.0
0.0
0.0
0.0
0.0
1.2
0.3
0.0
0.0
3.8
0.3
9.7
2.3
0.0
1.5
30.0
1.4
12.4
2.8
9.9
0.0
0.7
0.0
0.0
0.0
17.3
0.0
0.0
3.3
28.7
37.8
0.0
0.0
0.0
0.0
22.9
0.0
0.0
0.0
0.0
15.2
0.0
0.0
0.0
0.0
0.0
0.0
0.0
0.0
0.0
0.0
17.0
27.4
1.5
0.0
0.8
1.5
0.0
0.3
0.0
0.0
0.0
0.8
29.5
2.0
8.2
0.0
0.0
0.0
0.0
0.0
0.0
0.0
0.0
0.0
0.0
0.0
12.2
0.0
0.0
2.5
0.0
0.0
0.0
6.6
3.0
0.8
0.0
0.0
0.0
0.0
0.0
1.8
0.0
0.0
0.0
0.0
0.8
0.0
0.0
0.0
0.0
0.0
1.3
34.2
0.8
0.0
0.0
0.8
0.0
0.0
0.0
0.0
0.0
0.0
1.0
8.6
0.0
0.8
2.3
0.0
0.0
0.0
0.0
0.0
0.0
4.8
0.0
0.0
0.0
0.0
0.0
0.0
17.3
1.3
1.5
0.0
2.5
0.8
0.0
0.0
0.0
0.0
0.0
3.6
9.1
1.3
6.3
0.0
0.0
0.0
0.0
0.0
5.8
0.0
0.0
0.0
0.0
0.0
0.0
0.0
0.3
0.0
0.8
0.0
0.0
0.6
2.8
1.3
0.0
0.8
0.0
0.0
11.2
3.6
0.0
0.0
0.8
0.0
0.0
0.0
0.0
0.0
0.0
0.0
0.0
0.0
0.0
0.0
0.0
0.8
0.3
0.0
4.3
0.3
0.0
0.0
0.0
2.5
0.0
0.0
8.4
2.5
0.5
0.5
0.0
0.0
0.0
0.0
0.0
0.8
0.5
0.0
1.0
0.5
0.0
0.0
0.0
0.0
0.0
2.8
0.5
0.0
0.0
0.0
17.8
8.9
0.0
0.0
0.0
0.8
0.0
0.0
0.0
4.8
0.0
0.0
0.0
2.0
12.7
6.1
3.8
0.0
0.0
1.3
0.0
0.0
0.0
0.0
0.0
0.0
8.9
0.0
2.8
0.0
0.0
4.6
16.0
0.0
0.0
0.0
0.8
0.0
0.0
0.0
3.3
9.9
0.0
0.0
3.8
9.4
3.8
14.7
14.7
0.0
0.0
13.5
1.6
7.6
0.0
0.0
0.0
1.6
0.0
0.0
0.0
0.6
0.0
9.8
0.3
0.0
21.2
18.8
0.0
0.0
0.0
0.0
0.0
0.0
0.0
51.7
0.0
0.0
0.0
6.3
31.6
3.2
9.5
13.3
0.6
1.3
6.1
0.5
8.4
0.0
0.0
0.3
37.8
0.4
47.6
0.0
9.1
4.0
0.0
0.0
0.0
0.0
0.0
0.0
14.7
1.1
58.1
0.4
0.0
15.8
0.0
0.3
0.0
0.0
27.4
0.0
0.6
1.9
2.0
0.0
0.0
0.0
0.0
0.0
0.6
0.0
20.1
0.0
0.0
0.0
0.0
0.0
0.0
0.0
0.0
0.0
0.0
4.0
20.5
0.0
0.0
0.0
0.0
0.0
0.0
0.0
1.7
9.6
0.0
0.0
0.0
0.0
0.3
0.0
0.0
0.0
0.0
0.3
2.0
0.0
0.0
1.5
0.0
0.0
33.1
0.0
0.0
0.0
24.4
0.0
13.3
1.8
0.0
0.0
0.0
0.0
0.0
15.6
45.3
0.0
0.0
0.0
0.0
0.0
0.0
0.0
0.0
0.0
0.0
0.0
0.0
0.0
0.1
0.0
0.0
0.0
0.0
0.0
4.9
0.0
0.0
0.0
0.0
0.0
0.0
0.0
0.0
0.0
0.0
0.0
0.0
0.0
0.0
0.7
0.0
0.0
5.0
18.9
1.0
0.0
2.7
12.4
0.0
0.0
0.0
0.0
7.1
0.0
0.0
0.0
0.0
0.0
8.7
0.0
0.0
0.0
0.0
19.9
23.5
0.0
0.0
9.2
7.0
0.0
0.0
0.0
0.8
21.2
6.6
0.0
0.8
9.0
0.7
1.0
0.0
0.0
0.0
1.2
0.0
0.0
0.0
0.0
0.0
0.9
15.3
2.4
1.9
0.0
0.0
0.0
0.0
11.0
0.8
0.6
26.4
0.0
0.0
55.2
21.3
38.8
0.0
0.0
0.0
0.0
0.0
0.0
0.0
0.0
0.0
2.0
1.5
8.1
0.0
0.4
0.0
0.0
0.0
6.6
0.5
0.0
0.0
4.6
0.0
0.0
0.0
0.0
0.0
0.0
0.0
0.0
0.0
0.0
0.0
0.0
0.0
8.6
0.0
0.0
0.0
0.0
0.0
0.4
0.3
0.0
0.4
0.0
0.6
2.8
0.0
0.0
0.0
0.0
0.0
0.0
0.0
0.0
1.1
12.8
0.0
0.0
0.0
0.0
1.4
0.1
0.0
1.9
0.0
0.0
1.0
0.4
0.0
2.0
0.4
0.0
11.5
14.2
0.0
5.5
0.0
0.0
0.0
0.9
0.0
0.0
0.0
11.9
8.8
0.0
0.0
7.0
0.0
0.0
27.0
3.7
0.4
0.0
0.0
0.0
0.0
22.1
0.0
0.5
0.0
7.9
0.0
0.0
0.0
0.0
0.0
0.0
0.0
0.0
0.0
17.3
6.3
0.0
0.0
0.0
0.0
0.0
6.4
0.0
5.6
17.1
1.4
0.0
5.0
0.0
0.0
0.0
3.3
13.9
33.4
3.1
9.0
0.0
9.0
0.0
0.0
2.3
0.6
0.0
0.0
0.5
0.0
0.0
0.0
0.0
0.0
11.9
16.4
1.5
0.0
6.5
5.2
3.7
0.0
4.6
4.5
0.0
0.0
0.0
0.0
1.2
0.0
0.0
0.0
0.1
4.8
0.0
0.0
0.0
0.0
0.0
17.4
32.1
7.8
0.0
0.0
0.0
0.0
0.0
0.0
0.0
5.2
0.0
5.6
7.0
0.0
23.4
5.0
2.7
0.0
0.0
0.0
0.0
0.0
35.8
0.0
0.0
0.0
12.0
2.7
0.8
0.0
24.4
0.0
0.0
34.6
0.0
0.0
32.0
3.7
0.0
0.0
0.0
0.0
0.0
0.0
0.3
0.0
0.0
0.0
0.0
0.0
0.0
0.0
17.1
0.0
26.2
50.2
0.0
0.0
3.7
0.8
9.5
0.0
0.0
1.2
31.6
23.5
17.4
0.7
0.0
0.0
2.5
0.0
0.0
0.0
0.0
0.0
0.0
0.0
44.0
19.8
7.6
0.1
0.0
0.0
11.9
0.0
0.0
2.7
0.0
0.0
0.0
0.0
0.0
0.0
0.0
0.0
3.3
0.0
0.0
0.5
6.8
1.4
0.4
0.0
0.0
0.0
3.1
10.3
0.0
0.0
0.0
0.0
1.7
3.6
0.0
0.0
0.9
3.0
0.0
0.0
9.6
1.0
0.0
0.0
0.0
0.0
6.7
4.1
0.0
0.0
0.0
0.0
0.0
0.0
14.0
0.0
0.0
0.0
0.0
0.0
2.6
0.0
0.0
0.0
0.0
0.0
0.0
0.0
0.0
0.0
10.0
0.0
0.0
0.0
21.2
27.7
0.0
0.0
0.0
10.1
14.7
0.0
0.0
0.0
0.0
0.0
10.3
0.0
0.0
0.0
0.0
0.0
1.0
1.8
0.0
0.0
0.0
0.0
1.5
0.6
0.0
0.0
0.0
0.0
0.0
1.4
0.0
11.8
0.3
0.0
0.0
0.0
0.0
0.0
0.0
13.7
6.8
1.1
0.0
0.0
0.0
0.0
0.0
1.0
6.1
0.4
1.5
1.6
0.4
5.8
0.0
0.0
13.6
0.0
0.0
0.0
0.0
0.0
0.0
0.0
0.0
0.0
1.0
0.0
0.0
0.0
0.0
0.0
0.0
0.0
4.4
0.0
5.8
0.0
0.0
1.0
0.0
0.0
0.0
0.0
0.0
0.0
0.0
0.0
0.5
2.5
0.0
0.6
0.8
0.0
0.0
1.2
12.0
0.0
0.0
0.0
0.0
0.0
11.1
0.0
0.0
0.0
0.0
0.0
5.8
1.6
0.0
0.0
2.0
1.1
0.0
1.9
0.0
0.0
0.0
0.0
6.4
1.9
0.7
2.5
0.0
18.3
20.6
0.5
0.0
0.5
11.1
14.3
13.5
0.0
0.0
0.0
0.0
0.8
0.0
0.0
0.0
2.8
6.6
0.3
0.0
0.0
0.0
1.5
0.0
0.0
0.0
0.0
0.0
15.5
0.0
5.4
37.8
11.0
0.6
0.0
20.3
10.0
1.4
0.0
0.0
0.2
0.0
11.8
0.0
0.0
0.0
0.0
0.0
0.0
0.0
4.1
10.8
12.2
0.0
0.6
5.5
0.8
0.0
1.2
0.0
0.0
0.0
1.8
0.0
0.0
0.0
0.0
0.0
0.0
0.0
0.0
0.0
0.0
0.0
0.0
0.0
0.0
4.1
0.0
0.0
4.1
0.4
1.4
8.2
0.4
2.2
14.2
0.0
0.0
1.3
0.0
0.0
0.0
0.0
0.0
0.0
0.0
16.6
0.0
0.0
0.0
0.0
0.0
3.7
6.5
0.0
0.0
0.0
0.0
0.0
0.0
4.2
0.0
1.4
0.8
8.6
3.1
0.0
0.0
13.0
1.3
0.0
0.0
0.0
0.0
18.4
0.0
20.8
0.0
0.0
0.8
0.4
0.0
0.0
3.2
0.0
0.0
0.0
0.0
0.0
0.0
0.0
6.7
0.0
0.0
45.6
0.5
0.0
0.0
0.0
0.0
1.6
15.7
0.0
0.0
0.0
0.0
0.0
0.0
0.0
0.0
0.0
0.0
0.0
0.0
0.0
0.0
0.0
0.0
0.0
0.0
0.0
0.0
24.5
0.0
0.0
0.0
0.8
0.0
0.0
0.0
0.0
0.0
0.0
0.0
0.0
0.0
0.0
0.0
2.8
13.7
7.3
7.9
0.0
6.3
15.1
1.2
0.3
0.0
3.6
0.0
0.0
0.0
0.0
0.0
0.0
0.0
28.3
5.1
3.3
0.0
0.0
0.0
0.1
0.0
0.0
0.0
1.7
0.7
0.0
1.7
4.1
0.0
0.0
0.0
0.0
0.0
1.1
2.5
0.0
8.4
4.4
0.0
8.8
33.9
0.0
0.0
0.0
0.0
0.0
0.0
0.0
0.0
0.0
0.0
2.7
0.0
0.0
0.0
0.0
1.8
0.0
0.0
0.0
0.0
0.0
0.0
0.0
0.0
0.0
0.0
0.0
0.0
0.0
0.0
0.0
0.0
0.0
0.7
2.0
4.0
0.0
0.0
0.0
0.0
3.5
0.6
0.0
0.0
0.0
0.0
0.0
0.0
0.0
1.7
0.0
0.2
0.6
3.9
0.0
0.0
4.0
0.0
0.6
0.0
0.0
0.0
0.0
8.3
3.4
0.0
0.0
0.0
0.0
0.0
0.0
0.0
0.0
0.0
0.0
0.0
0.7
0.7
2.3
0.0
0.0
0.0
0.0
6.3
0.0
0.0
0.0
0.0
0.2
0.0
1.7
11.7
41.1
51.3
1.0
2.1
4.4
3.2
0.0
0.0
1.5
13.1
5.4
0.0
0.0
0.0
5.0
0.7
0.0
0.0
0.0
0.0
0.0
0.0
0.0
0.0
0.0
10.0
1.0
0.0
0.0
0.0
0.0
0.0
15.4
19.1
0.0
14.9
2.9
3.1
0.1
0.3
0.4
6.5
4.8
3.1
0.0
0.3
0.0
0.0
3.8
0.0
0.0
0.0
0.0
21.2
8.3
1.0
0.0
0.0
0.1
0.0
0.0
0.0
0.0
4.5
0.0
0.0
0.0
0.0
0.0
0.0
0.0
0.0
11.5
2.1
0.0
0.0
0.0
0.0
0.0
9.2
0.0
0.0
0.0
0.0
0.0
2.3
0.0
0.0
0.0
0.0
0.8
0.2
0.0
0.0
0.0
13.5
6.1
0.0
0.3
7.0
8.8
25.1
0.0
1.6
0.0
0.0
0.0
0.0
0.0
0.0
29.0
24.6
17.4
3.8
0.0
0.0
0.0
0.0
0.0
0.0
13.5
15.8
19.7
7.3
0.0
0.0
6.5
0.8
0.0
0.0
0.0
0.0
2.3
0.0
0.0
3.9
31.7
0.0
0.0
0.0
0.0
0.6
0.0
0.0
0.0
12.9
0.4
0.4
0.0
0.0
0.0
0.0
2.3
1.8
0.0
0.0
0.0
0.0
0.0
1.9
26.4
2.4
1.0
0.0
0.0
0.0
0.0
0.0
9.7
0.4
0.0
0.0
0.0
0.0
0.0
0.0
0.0
0.9
12.5
1.1
0.0
1.8
7.3
0.4
0.0
5.1
10.6
0.0
0.0
0.0
14.5
0.7
0.0
0.0
0.0
0.0
0.0
0.0
0.0
62.8
50.2
6.1
0.0
0.0
0.0
0.0
0.0
0.0
0.0
0.0
0.0
0.0
0.0
3.6
0.0
0.0
0.0
4.6
6.7
0.0
0.0
0.0
0.0
0.0
0.0
0.0
0.0
45.5
8.2
27.5
36.0
0.0
0.0
4.4
0.0
5.5
0.0
2.1
0.0
0.0
0.0
0.0
0.1
0.0
0.0
0.0
0.0
0.0
5.1
8.2
1.0
0.0
0.0
11.5
4.5
6.5
0.0
0.7
7.4
4.3
0.0
0.0
4.4
0.0
0.0
0.0
1.3
0.0
4.3
0.0
0.0
0.2
0.0
0.0
0.0
0.0
0.0
12.8
0.0
19.5
0.0
0.0
0.0
0.0
16.7
9.3
1.7
0.0
0.5
0.0
0.9
0.0
0.0
0.0
0.0
0.0
0.0
12.2
0.0
0.0
0.0
0.0
0.0
0.7
2.3
0.0
0.0
0.0
0.0
0.0
6.5
14.0
0.0
0.0
18.1
