20000101
0.0
0.0
1.7
5.6
0.0
0.0
0.0
0.3
1.1
0.5
0.0
0.0
0.0
0.0
0.0
0.0
0.0
0.0
1.7
8.9
0.0
0.6
2.2
0.0
0.0
0.0
0.0
0.0
1.2
5.7
0.0
0.0
0.2
0.4
0.3
0.0
0.0
0.0
0.0
0.3
1.9
0.0
0.0
0.5
1.2
0.0
0.0
5.4
19.2
1.1
0.0
1.6
0.3
0.6
1.8
0.0
2.6
6.8
0.0
0.7
1.3
0.0
0.0
0.0
0.0
0.0
0.0
0.0
0.0
0.0
0.9
0.7
0.4
0.2
1.3
4.8
0.0
2.0
10.0
14.5
0.7
0.0
0.0
0.0
0.0
0.8
1.6
0.6
0.0
0.0
0.0
0.2
0.3
0.0
0.0
0.0
0.0
0.8
4.6
0.0
1.1
5.2
0.0
0.0
0.0
0.0
3.0
20.5
0.0
2.0
8.3
10.3
0.4
1.9
6.1
0.0
0.0
0.0
0.0
0.7
0.0
8.0
4.3
0.0
0.5
0.0
0.0
0.3
1.5
7.4
9.6
0.0
0.9
6.6
0.0
0.0
0.0
1.3
7.4
11.4
0.0
1.0
4.1
1.5
0.0
0.0
7.8
22.6
9.2
0.0
0.0
0.3
2.1
0.0
0.0
1.6
5.2
0.0
0.0
0.0
0.0
0.0
1.2
6.8
6.9
3.8
6.4
0.0
0.0
0.0
0.0
8.3
33.0
0.0
2.8
14.4
4.8
1.2
0.0
0.2
1.7
0.0
0.0
0.1
9.2
3.5
18.1
0.0
0.0
0.0
0.0
2.3
5.9
0.0
0.0
0.0
0.0
0.0
0.0
0.4
3.7
0.0
0.0
0.0
0.0
0.0
0.0
0.0
0.0
0.0
1.5
1.4
2.2
1.0
0.5
1.4
0.0
0.6
5.0
1.1
0.0
0.8
0.0
0.0
0.0
0.0
0.0
0.0
0.0
7.3
7.5
0.0
0.0
0.0
3.7
17.7
2.7
0.0
0.0
0.7
6.2
2.7
0.0
0.0
0.0
0.0
0.0
0.0
0.0
0.0
0.0
0.0
0.0
7.3
25.6
19.9
0.0
1.4
1.8
0.0
0.0
0.0
0.0
0.6
5.2
0.7
12.4
8.9
8.9
6.8
0.0
0.0
0.0
0.0
0.0
0.0
0.7
15.0
13.2
7.4
0.0
0.0
0.0
0.0
0.0
0.0
0.1
4.8
8.8
0.6
2.7
0.0
0.0
0.0
0.0
0.0
0.0
0.0
0.0
0.0
0.0
0.0
0.0
0.0
0.0
0.0
0.3
0.6
0.0
0.0
12.1
7.8
3.7
21.5
14.3
0.0
6.3
4.7
0.0
0.0
0.0
0.0
0.0
0.0
0.0
0.0
0.0
0.0
0.2
3.4
8.4
0.3
0.2
2.1
0.0
0.7
1.8
0.0
0.0
0.0
0.0
0.0
0.0
0.0
0.5
9.1
11.9
1.1
7.2
0.0
0.3
1.1
0.4
2.3
0.4
0.7
0.0
0.0
0.0
0.0
0.3
1.0
0.1
1.7
1.0
0.0
0.0
0.0
0.0
0.0
0.0
0.0
0.0
0.0
0.0
0.0
0.4
0.5
0.3
0.8
0.5
0.0
0.0
0.0
0.0
0.0
0.0
0.0
0.0
0.0
0.0
1.9
2.3
1.4
12.4
9.9
0.6
0.0
0.0
0.0
0.0
0.0
1.6
0.0
0.5
7.6
11.1
0.0
0.0
1.7
12.3
1.6
0.0
0.0
0.0
0.0
0.0
0.3
2.1
0.3
15.5
41.3
0.0
0.0
0.0
0.0
0.0
0.0
0.0
0.0
0.0
0.0
0.0
0.0
0.0
0.0
0.8
1.2
0.0
3.4
10.0
1.7
0.0
0.0
0.0
0.0
0.0
0.0
0.0
0.0
0.0
0.0
0.0
0.3
0.0
0.2
1.8
0.0
0.0
0.0
2.0
8.6
23.4
0.0
1.4
9.8
18.3
0.4
0.0
7.2
1.6
0.0
0.8
0.0
0.5
2.7
2.7
1.5
1.4
0.7
12.1
2.3
0.0
0.0
0.0
0.0
0.0
1.3
0.5
0.0
1.7
0.1
0.5
6.0
0.0
0.9
2.5
2.8
0.0
0.4
0.0
1.1
14.9
11.2
0.3
0.3
0.9
2.3
1.7
6.6
6.7
8.2
8.8
0.0
0.0
0.0
2.3
10.8
8.1
3.4
6.8
12.7
22.2
0.0
0.0
0.0
0.0
0.0
0.0
0.0
0.8
2.1
0.0
0.0
0.0
0.0
1.0
13.3
7.4
1.6
0.0
0.0
0.0
0.0
0.0
0.0
0.0
0.5
1.6
15.0
23.1
0.0
0.0
0.0
0.8
9.8
0.0
0.0
0.0
0.0
0.0
0.0
0.0
0.0
1.7
3.6
0.0
1.2
0.4
1.8
1.3
0.0
0.0
0.0
2.9
8.4
0.0
0.0
0.0
0.0
15.3
0.0
0.0
0.0
0.0
0.0
0.0
0.0
0.0
0.0
0.0
0.0
0.0
8.1
0.0
0.0
31.9
0.0
0.0
0.0
41.8
0.1
22.5
5.6
0.0
0.0
0.0
0.0
16.2
0.0
0.0
0.0
0.0
0.0
0.8
9.4
7.9
15.8
2.8
0.0
0.0
0.0
0.0
0.0
0.0
0.0
3.1
10.3
0.8
1.2
0.0
0.0
0.0
0.0
0.0
0.0
0.0
0.0
0.0
0.0
0.0
0.0
4.4
20.8
8.1
0.0
0.0
0.8
3.4
13.8
15.6
10.2
30.3
6.3
11.4
0.0
0.0
0.0
0.0
1.2
11.8
6.2
7.6
19.8
0.0
0.0
0.0
0.0
0.0
0.0
1.6
5.0
0.0
0.0
0.0
0.0
0.0
0.0
0.9
0.0
0.0
0.0
0.0
0.0
0.0
0.0
0.0
0.1
0.7
0.0
0.0
0.0
0.0
3.6
4.4
0.4
1.8
3.8
12.0
12.9
0.0
0.0
0.0
0.0
0.6
1.9
0.0
0.0
0.0
0.0
0.0
3.7
7.9
6.0
2.5
4.6
11.6
1.6
0.0
0.0
0.0
1.6
6.1
0.0
0.0
0.0
0.0
0.0
0.0
0.0
0.0
0.0
0.0
0.0
0.0
0.0
0.0
0.0
0.0
0.0
0.0
0.0
0.0
0.0
0.0
0.0
0.0
0.0
0.0
0.0
0.0
0.4
0.0
0.1
1.1
0.0
0.0
0.0
0.0
0.0
23.3
34.5
9.3
0.0
0.0
0.0
0.0
0.0
0.0
0.0
0.0
0.4
4.4
0.0
0.0
0.0
0.0
0.0
0.0
0.0
10.0
35.3
0.7
0.0
0.0
0.0
0.0
10.3
0.5
0.0
0.0
5.1
12.6
0.0
0.0
0.0
0.0
0.5
13.8
4.2
0.0
0.0
0.0
0.0
0.5
9.2
1.5
0.0
0.0
2.3
0.0
0.0
0.0
0.0
24.1
3.3
0.4
0.0
0.0
5.7
0.0
0.0
0.5
3.1
0.0
0.0
0.0
0.0
1.7
15.4
0.0
0.0
0.0
0.3
0.0
0.0
0.0
0.0
0.0
0.0
2.5
20.7
1.5
0.0
0.0
11.5
0.0
0.0
41.3
0.0
0.0
0.4
5.5
0.0
0.0
0.0
7.6
5.2
1.9
12.4
0.0
0.5
41.4
11.4
2.3
0.0
2.3
11.8
6.7
0.0
0.0
0.0
0.0
0.0
4.4
1.4
0.0
0.0
0.9
9.1
0.0
0.0
0.0
0.0
0.0
0.0
21.8
2.8
0.0
0.0
0.0
12.8
5.5
16.7
0.0
9.8
11.4
4.0
0.0
0.0
0.0
0.0
0.0
0.0
0.0
0.0
0.0
24.4
15.7
0.0
0.0
0.0
0.0
0.0
0.0
0.0
0.0
0.0
0.0
0.0
1.7
16.1
0.0
0.0
0.0
0.0
0.0
0.0
0.0
0.0
8.5
6.2
0.0
4.4
9.1
0.0
0.0
0.0
6.8
0.0
11.2
7.0
0.0
0.0
0.0
0.0
0.0
0.0
0.0
0.0
0.0
0.0
0.0
0.0
0.0
0.0
1.9
13.2
3.2
0.4
0.0
48.0
7.5
0.0
0.0
69.7
8.2
0.0
0.0
0.0
0.0
0.0
0.0
0.0
0.0
0.0
0.0
0.0
0.0
0.0
0.0
0.0
0.0
0.0
0.0
0.0
0.0
0.0
0.8
3.7
0.0
9.3
2.7
10.3
8.3
0.0
0.6
0.0
0.0
0.0
0.2
0.0
0.0
0.0
0.0
0.0
0.0
0.0
15.6
0.0
0.0
0.0
0.0
0.0
0.0
0.0
4.2
0.0
0.0
0.0
0.0
0.0
7.6
0.0
0.0
0.0
0.4
0.0
3.9
3.8
0.0
0.0
9.4
5.3
0.7
0.0
0.0
0.0
3.2
2.3
8.4
0.0
0.0
0.0
10.6
0.0
0.0
0.0
0.0
4.6
0.0
0.0
0.0
1.1
0.0
0.0
3.8
0.0
0.0
1.0
0.0
0.0
0.0
0.0
0.0
0.0
0.0
0.0
0.0
0.0
0.0
0.0
0.0
0.0
0.0
0.0
0.0
0.0
0.0
0.0
0.0
0.0
9.0
19.0
2.0
0.0
0.0
0.0
0.0
9.0
0.0
0.0
0.0
0.0
0.0
0.0
0.0
0.0
3.3
0.0
1.5
0.0
0.0
0.0
0.0
0.0
0.0
0.0
0.0
0.4
0.0
0.9
1.2
0.0
0.0
0.0
0.0
0.0
0.0
0.0
0.0
2.0
0.0
0.0
2.8
0.0
0.2
4.0
0.0
0.0
1.6
0.0
0.0
0.0
0.0
0.0
1.4
1.1
0.0
0.0
0.0
14.0
3.6
0.0
0.0
0.0
0.0
0.0
0.0
3.1
1.8
0.0
0.0
0.0
0.0
0.0
0.8
0.3
0.0
5.2
0.6
0.0
0.0
0.0
0.0
0.0
0.0
0.2
0.0
0.0
0.0
0.0
0.0
1.4
2.4
10.3
0.0
0.0
0.0
6.0
0.0
0.0
0.0
4.7
0.0
0.0
0.1
0.0
0.0
0.4
39.7
0.0
14.3
0.0
0.0
0.0
0.0
0.0
0.0
0.0
0.0
0.0
1.8
0.5
0.0
16.8
0.0
0.0
0.0
0.0
15.5
4.0
0.0
0.0
0.3
0.2
6.8
0.0
0.0
0.0
26.0
0.0
1.1
0.0
20.5
7.8
17.2
0.0
0.0
0.0
12.2
0.0
0.0
0.0
0.0
0.7
0.0
0.0
0.0
0.5
0.0
0.0
0.0
0.0
8.7
0.0
8.0
0.0
0.0
7.2
0.3
0.0
0.0
5.2
0.1
1.8
0.0
15.5
24.8
0.0
15.7
0.0
0.0
0.0
0.0
7.1
0.0
0.0
0.0
0.0
0.0
0.0
0.0
3.0
0.3
2.2
0.0
0.0
4.4
0.0
0.0
1.1
57.8
4.2
0.0
29.2
50.8
0.0
1.4
0.0
0.0
0.0
3.2
0.7
40.1
0.0
0.0
9.0
0.0
0.6
0.0
0.0
0.0
0.0
0.6
4.4
0.0
0.0
0.0
0.0
15.9
15.2
0.0
0.0
0.8
0.0
3.1
0.0
0.0
0.0
0.0
11.3
0.0
0.0
0.0
0.0
0.0
0.0
0.0
0.0
0.0
0.0
0.0
0.0
0.0
0.0
83.7
16.8
0.0
57.4
14.0
0.0
0.0
0.0
0.0
0.0
0.0
0.0
0.0
0.0
0.0
5.2
5.1
0.0
0.0
0.0
0.0
0.0
0.0
0.0
10.1
0.0
12.1
0.2
0.0
37.8
0.0
1.5
0.0
0.0
0.0
0.0
1.6
0.0
0.0
0.0
0.0
0.0
0.0
0.0
0.5
0.0
16.0
2.5
0.0
0.5
0.0
0.0
0.0
0.0
0.0
0.0
0.0
11.5
5.4
0.0
3.0
0.0
0.0
0.0
0.0
0.7
0.9
0.0
13.1
0.0
0.0
0.0
0.0
0.0
2.4
6.6
0.0
0.0
0.8
0.8
0.0
40.0
17.2
0.0
0.0
0.0
0.0
23.3
0.0
0.0
3.0
0.0
0.0
0.0
0.0
0.0
0.0
2.3
8.1
1.3
0.0
0.0
0.0
7.1
0.0
0.0
0.0
2.0
0.0
0.0
0.0
1.8
0.6
0.0
0.0
0.0
23.6
0.8
0.0
0.0
0.0
0.0
17.3
0.0
0.0
0.0
0.0
0.0
12.7
15.5
0.0
0.0
0.0
0.0
0.0
0.0
0.0
0.0
0.0
0.0
0.0
3.4
4.4
0.0
0.0
0.0
0.0
0.0
0.0
0.0
2.9
2.8
0.7
0.0
0.8
0.0
0.0
0.8
4.8
0.0
0.4
3.8
1.5
0.9
0.0
0.0
0.0
0.0
0.0
0.0
0.0
0.0
0.0
0.0
0.0
1.2
0.3
0.0
0.0
0.1
0.0
0.0
0.0
0.0
0.2
2.7
0.0
0.0
1.0
29.5
0.0
0.0
0.0
0.0
0.0
0.0
0.0
0.0
3.1
0.0
2.2
1.0
0.0
1.6
1.4
0.0
0.0
0.0
1.7
0.5
44.8
44.1
0.0
12.2
2.8
11.8
0.0
0.0
0.0
0.0
0.0
0.0
0.0
0.0
0.0
0.0
0.0
0.0
0.0
0.0
0.0
0.0
0.0
0.0
0.0
0.0
22.5
0.0
7.9
0.0
6.9
0.0
0.0
0.0
0.0
0.0
1.2
5.7
5.6
0.0
0.8
0.0
0.0
2.3
0.0
0.0
12.3
0.0
5.6
15.9
9.4
0.0
0.0
0.0
6.8
0.0
0.0
0.0
4.4
3.1
24.5
0.0
0.0
0.0
0.0
0.0
36.3
2.0
0.5
6.3
0.0
0.0
0.0
0.0
0.0
0.5
22.0
59.8
13.5
0.0
0.4
1.4
12.7
36.6
0.0
0.0
0.0
0.0
9.4
0.0
0.0
12.2
0.0
0.0
0.0
0.0
0.0
0.0
0.0
3.6
18.1
0.0
1.6
0.6
0.0
0.0
50.0
0.0
1.3
0.0
4.9
0.0
0.0
19.0
0.0
0.0
0.0
0.0
0.0
1.4
0.0
0.0
0.0
0.0
0.0
0.0
9.1
6.0
0.0
0.0
0.0
28.6
0.0
0.0
0.0
0.0
0.0
13.1
0.0
0.0
0.0
0.0
0.0
0.0
1.3
2.6
0.0
2.9
10.2
0.0
0.0
0.0
29.9
33.5
0.0
4.0
15.3
0.0
0.0
0.0
0.0
0.0
0.0
0.0
0.0
0.0
0.0
0.0
0.0
0.0
0.0
0.0
0.0
2.6
4.2
0.0
0.0
0.0
0.0
0.0
0.0
0.0
0.0
0.0
0.0
0.0
0.0
0.0
0.0
0.0
2.6
0.0
0.0
0.0
0.0
0.0
0.0
6.7
0.0
0.0
0.0
11.3
1.7
6.3
0.0
0.0
18.2
8.4
0.5
0.0
0.0
2.9
2.9
0.0
0.0
13.1
0.0
12.5
5.7
0.0
5.3
24.6
0.0
7.9
0.0
0.0
0.0
0.0
0.0
0.0
1.7
1.5
0.0
0.0
0.0
0.0
0.0
0.0
14.4
2.3
0.0
0.2
2.5
5.9
20.0
0.0
7.2
10.2
0.1
8.1
15.5
0.0
0.0
0.0
0.0
11.4
23.3
1.6
0.0
0.0
0.8
0.0
0.0
0.0
0.0
0.0
0.0
0.0
0.0
0.0
0.0
0.0
0.0
0.0
0.0
1.7
0.0
0.0
0.0
0.0
0.2
3.1
4.5
11.5
19.7
18.5
21.6
0.0
3.5
0.0
0.0
4.5
15.3
30.3
5.1
0.0
0.3
0.0
0.0
0.0
0.2
0.2
1.6
4.0
0.0
0.0
0.0
0.0
0.0
1.1
5.4
0.0
0.0
0.0
0.0
0.0
0.0
0.0
4.8
8.9
0.9
0.3
0.0
0.0
3.1
19.2
0.0
4.8
0.0
0.0
0.0
2.3
2.8
0.0
0.0
0.0
0.0
0.0
0.0
0.8
0.7
0.0
0.0
0.0
0.0
0.0
0.1
0.0
0.0
0.0
0.8
0.3
0.0
0.0
0.0
0.0
0.0
0.0
0.6
0.0
0.0
0.0
9.2
3.3
11.2
3.2
0.0
0.0
0.0
0.0
3.3
0.0
6.3
0.0
0.0
0.0
0.0
0.0
0.0
0.0
0.0
0.0
5.7
12.4
0.0
0.0
0.0
0.0
0.0
0.0
0.0
24.9
17.9
2.4
0.0
0.0
2.3
0.0
0.0
0.0
2.9
0.0
0.0
0.0
0.0
0.0
0.0
0.0
0.3
0.0
3.5
0.0
2.2
0.0
0.0
0.0
0.0
0.0
0.0
33.8
2.7
0.0
0.0
0.0
0.0
0.0
0.0
0.0
0.0
0.0
0.5
0.0
0.0
0.0
1.4
0.0
0.0
0.9
0.0
0.2
32.7
0.0
4.1
3.7
0.0
25.2
0.0
0.3
0.0
0.0
0.0
0.0
0.0
0.0
0.0
0.0
0.0
1.5
0.0
0.0
29.8
1.9
0.0
0.0
0.0
0.0
4.9
0.0
0.0
0.0
0.0
0.0
0.0
19.5
21.2
2.1
0.8
1.1
0.0
0.0
24.7
0.0
8.6
34.0
0.0
0.0
0.0
0.0
29.8
0.0
0.0
0.0
0.0
0.0
0.0
0.0
21.1
8.6
0.0
0.0
0.0
0.0
0.0
0.8
8.5
7.8
5.7
6.5
0.0
0.0
0.0
7.9
8.6
0.0
0.2
0.0
0.0
0.0
0.0
0.0
0.0
0.0
0.0
0.0
0.0
0.0
0.0
0.0
0.0
0.0
0.0
0.0
0.0
0.0
0.0
0.0
0.0
5.7
0.0
19.1
0.0
0.0
1.1
16.6
0.0
0.0
0.0
1.2
1.8
18.8
0.0
0.0
18.2
0.0
0.0
0.0
1.7
0.0
0.0
0.0
0.0
0.0
0.0
0.0
0.0
0.0
0.0
0.0
0.0
0.0
0.0
0.0
0.0
4.9
16.0
0.0
0.0
0.5
1.6
0.0
0.0
0.0
0.0
0.0
3.3
29.8
0.0
0.0
0.0
0.0
16.8
0.0
0.0
0.0
0.0
0.0
0.0
0.5
0.0
9.4
16.7
0.0
0.0
0.0
0.0
0.0
0.0
0.0
0.0
0.0
0.0
7.3
16.7
8.2
0.0
1.5
0.5
0.1
2.6
0.0
0.0
0.0
0.0
8.7
0.0
0.6
0.0
0.0
0.9
1.5
0.0
0.0
0.0
0.0
0.0
0.0
0.0
0.0
0.0
3.8
0.9
0.0
0.0
2.5
0.0
6.5
0.0
0.0
2.7
0.0
0.0
0.0
0.0
0.0
0.0
0.0
4.1
0.0
0.6
6.0
0.0
0.0
4.4
2.2
0.0
0.0
8.8
0.0
0.0
0.0
0.0
0.0
0.0
0.6
15.3
0.4
0.0
0.0
0.0
0.8
1.0
0.0
0.0
0.0
0.0
0.0
0.0
0.0
0.0
0.0
0.0
0.0
16.1
4.5
0.0
0.0
0.0
0.0
0.0
0.0
0.0
0.0
0.0
0.0
0.0
0.0
0.0
0.0
0.0
0.0
6.5
0.0
5.1
6.6
14.3
0.0
23.0
18.5
0.0
0.0
0.0
0.9
0.0
0.0
0.0
1.6
1.4
0.0
0.0
0.2
0.0
0.0
7.8
0.0
0.0
9.7
0.0
0.0
21.8
1.0
0.0
1.6
19.9
0.2
0.0
0.0
0.0
2.4
0.0
27.3
0.3
1.2
32.0
0.0
9.3
0.1
0.0
0.0
0.0
0.0
0.0
3.2
0.0
0.0
0.0
12.2
4.7
8.7
0.0
0.4
0.0
0.0
0.0
0.0
0.0
0.0
16.1
3.6
2.7
2.6
4.4
8.2
0.4
3.9
0.0
0.0
0.0
0.0
0.0
0.0
15.4
0.7
0.0
0.0
0.0
0.0
0.0
4.9
3.4
0.0
0.0
0.0
0.0
1.2
0.0
0.0
0.0
9.6
0.2
0.0
0.0
0.0
0.0
0.0
2.2
4.1
5.8
0.0
0.0
1.3
9.6
0.0
2.3
20.0
0.0
0.0
0.0
1.0
0.0
1.2
37.1
2.6
0.0
0.0
0.0
2.9
0.3
36.4
25.8
3.6
0.0
0.0
0.0
0.0
0.0
0.0
6.4
4.7
5.8
0.0
0.0
0.0
0.0
32.9
11.9
0.0
5.5
0.0
0.0
0.0
1.7
0.0
0.0
0.0
2.7
1.2
1.4
3.8
22.6
0.0
0.0
3.4
0.6
0.0
0.0
9.6
5.4
0.0
0.0
0.0
0.0
0.0
0.0
0.0
8.3
11.0
3.3
0.9
0.4
5.0
0.0
0.0
0.1
3.6
13.1
0.2
0.0
0.0
0.6
0.0
24.3
1.8
0.4
0.0
0.0
0.0
13.2
0.0
0.0
0.0
5.6
1.8
1.5
0.0
0.0
0.0
0.0
0.0
0.0
0.0
0.0
21.7
0.0
0.0
0.0
0.0
0.0
0.0
0.0
7.9
1.9
0.0
0.0
0.0
0.0
48.7
0.0
0.2
0.0
0.0
4.7
0.0
0.0
0.0
4.5
7.1
0.8
0.0
0.0
0.0
0.0
0.0
0.0
0.0
0.5
1.1
3.5
0.0
0.0
0.0
15.6
0.0
0.0
0.0
8.1
8.4
6.2
0.0
0.0
0.7
0.0
0.0
0.0
0.0
0.0
0.0
0.0
0.0
0.0
22.7
37.1
0.8
0.0
0.0
0.0
0.0
0.0
0.0
0.0
0.0
2.1
13.9
0.9
0.0
0.0
0.0
0.0
1.9
0.0
0.0
22.5
22.1
2.5
0.0
0.0
1.0
0.0
0.0
0.0
0.0
20.6
4.4
0.0
0.0
0.0
14.8
0.7
0.0
1.7
0.0
0.0
0.0
1.7
23.8
1.8
22.5
0.0
0.0
0.0
0.0
0.0
3.6
0.0
0.0
1.6
0.0
0.0
0.0
0.0
0.0
0.2
0.0
0.3
0.0
0.0
0.0
0.0
0.0
9.0
0.0
0.0
0.0
0.0
0.0
6.6
7.5
0.0
0.0
3.1
1.0
0.0
0.0
0.0
0.0
0.0
0.0
24.6
0.0
0.0
0.0
3.8
1.3
0.0
0.0
0.0
0.0
0.0
0.0
0.0
0.6
0.0
0.0
0.0
0.0
5.0
0.0
0.0
0.0
8.4
1.7
0.6
1.7
33.1
10.1
9.2
0.0
0.1
1.3
2.0
0.0
2.9
6.5
0.0
0.0
7.1
0.0
0.0
0.0
0.0
0.0
0.0
10.5
8.2
0.0
0.0
5.2
0.0
0.0
0.0
0.0
0.0
0.0
0.0
0.0
0.0
37.2
8.3
2.8
0.0
0.0
0.0
0.0
0.0
0.0
0.0
0.8
0.0
0.0
0.0
0.0
0.0
0.0
0.0
0.0
0.0
0.0
11.5
0.0
0.0
0.0
0.0
0.0
0.0
0.0
0.0
0.9
0.7
31.0
0.3
0.0
0.0
0.0
0.7
2.4
3.4
3.1
9.6
0.0
0.0
0.6
0.0
0.0
0.0
0.0
0.0
0.0
0.0
0.0
0.0
0.0
22.6
0.0
0.0
15.6
16.0
14.7
1.3
0.0
24.5
1.1
14.2
0.0
0.0
0.0
0.0
2.3
0.7
0.0
0.0
0.0
0.0
1.8
0.3
0.0
4.1
0.0
0.0
0.0
13.9
45.1
16.5
1.7
0.0
0.0
0.0
0.0
0.0
0.0
0.1
5.5
4.9
0.0
0.0
0.0
0.0
0.0
0.1
1.9
0.0
0.0
0.0
0.0
0.0
0.0
0.0
0.0
9.8
12.1
0.0
1.7
0.0
0.7
11.2
12.8
0.0
0.4
0.1
8.2
2.4
0.0
0.0
0.0
0.0
0.0
0.0
0.0
0.0
0.0
0.0
0.0
12.8
2.5
10.8
0.0
0.0
0.0
0.0
0.0
0.0
0.0
0.0
0.0
0.0
0.0
0.0
0.0
0.0
0.0
0.0
16.8
0.0
0.0
0.0
0.0
5.6
0.0
18.3
0.0
0.0
0.0
0.0
0.0
1.0
0.0
0.0
0.0
0.0
0.0
0.0
7.6
0.0
20.6
8.1
0.0
0.0
0.0
9.7
0.0
0.0
0.5
15.2
0.0
0.0
0.0
0.0
0.0
0.0
0.0
0.0
0.0
0.0
0.0
0.0
0.0
0.0
7.1
0.5
22.4
0.0
0.0
0.0
0.0
0.0
1.0
0.0
18.0
35.3
0.0
0.0
0.0
8.1
0.0
0.0
0.0
0.0
0.0
3.8
7.4
0.0
2.8
0.0
1.3
0.0
3.3
0.0
38.1
11.7
0.0
0.0
0.0
15.2
0.0
0.0
0.0
0.0
8.4
0.3
0.0
0.0
0.0
0.0
5.6
0.0
4.8
0.0
0.0
5.1
0.0
0.0
0.0
3.3
0.0
0.0
88.4
0.0
0.0
6.1
0.0
0.0
0.0
0.0
0.0
0.0
0.0
0.0
0.0
0.0
0.0
0.0
0.0
0.0
0.0
0.0
0.0
0.0
6.1
0.0
18.3
0.0
0.0
11.7
44.4
46.7
0.0
0.0
2.5
0.0
0.0
0.0
0.0
0.0
0.0
0.0
20.6
1.3
0.0
0.0
0.0
2.8
3.8
0.0
0.0
8.6
0.0
0.0
3.8
0.0
0.0
7.1
3.6
11.4
0.0
0.0
0.0
0.0
0.0
0.0
0.0
0.0
0.0
0.0
1.0
0.0
18.5
10.7
0.0
0.0
0.0
0.0
0.0
0.0
0.0
6.3
12.2
0.0
0.0
1.5
8.4
0.0
0.0
0.0
0.0
0.0
0.0
0.0
6.3
4.6
25.1
1.0
1.0
0.3
0.0
0.0
0.0
0.0
8.9
0.0
0.0
0.0
0.0
0.0
2.3
20.3
0.0
1.3
4.1
0.0
0.0
9.9
10.2
0.0
0.0
0.0
0.0
29.0
1.0
0.0
19.6
3.8
0.0
10.9
0.8
14.7
0.0
0.3
0.0
3.6
0.0
0.0
1.5
15.2
0.0
1.0
0.0
7.4
0.0
0.0
10.2
0.0
0.0
4.6
56.4
0.0
0.0
10.2
20.6
0.0
3.8
0.0
0.0
0.0
0.0
0.0
4.8
0.0
0.0
0.0
0.0
0.0
1.8
0.0
0.0
10.2
1.3
0.0
21.8
0.0
0.0
0.0
0.0
2.5
0.0
0.0
0.0
74.2
1.0
14.5
0.0
0.5
19.0
12.7
0.0
0.0
0.0
0.0
0.0
9.2
1.4
7.9
4.8
0.0
0.0
0.0
0.0
0.0
0.1
0.0
10.7
0.0
0.0
4.6
0.0
0.3
0.5
3.3
0.0
0.0
0.0
0.3
0.0
0.0
0.0
0.5
0.0
0.0
0.0
0.0
0.0
0.0
0.0
3.3
2.5
0.0
0.0
0.0
0.0
0.0
10.3
0.0
0.0
0.0
0.0
0.0
26.2
64.8
0.5
14.7
0.0
4.3
0.0
0.0
18.8
7.6
11.4
111.5
1.0
0.0
0.0
0.0
0.0
0.0
0.5
0.0
0.0
0.0
0.0
0.0
0.0
0.0
0.8
0.0
0.0
0.0
0.0
0.0
0.0
0.0
15.0
0.0
0.0
0.0
0.0
0.0
0.0
0.0
8.6
0.0
4.8
0.0
0.0
0.8
0.0
0.0
21.1
6.3
0.0
0.0
0.0
0.0
0.0
0.0
0.0
0.0
0.0
0.0
0.0
0.0
2.8
0.0
0.0
0.0
0.0
2.5
0.8
2.5
3.8
0.0
0.0
0.0
0.0
0.0
0.0
0.0
0.0
1.8
0.0
0.0
0.0
0.0
0.0
7.6
2.8
0.0
0.0
0.0
0.0
0.0
0.0
0.0
12.4
1.5
0.0
0.0
0.0
0.0
3.6
0.0
2.5
0.0
35.6
0.0
0.0
0.0
0.0
30.5
4.8
0.0
1.0
48.0
0.0
0.0
0.0
0.0
0.0
0.0
0.0
0.0
0.0
0.5
0.0
0.0
0.0
0.0
0.3
0.0
6.3
0.0
0.0
0.0
0.0
0.5
0.0
0.0
0.0
0.0
0.0
0.5
1.5
0.0
3.8
0.0
0.0
0.0
0.0
0.0
1.3
0.0
0.0
0.0
0.0
0.0
0.0
3.0
10.2
11.9
0.0
0.0
0.0
0.0
0.0
2.0
0.0
0.0
0.0
0.0
0.0
0.0
0.0
0.0
8.1
0.0
0.0
0.0
0.0
0.0
0.0
0.0
20.1
20.8
1.0
21.8
25.9
0.0
0.0
0.0
0.0
0.0
0.0
0.0
0.0
0.0
0.0
0.0
0.0
0.0
3.0
0.0
0.0
0.0
19.6
0.0
1.8
8.9
0.0
20.1
0.0
1.8
11.4
0.0
0.0
0.0
9.9
0.0
0.0
14.0
12.7
0.0
0.0
0.0
0.0
4.6
20.1
3.8
2.5
0.0
0.0
1.0
0.0
0.0
34.8
0.8
10.2
11.9
2.8
0.0
0.0
0.0
0.0
0.0
10.4
3.3
0.0
0.0
0.0
16.5
24.9
0.0
30.0
0.0
0.0
0.0
0.0
0.0
0.0
0.0
0.0
0.0
1.3
2.0
1.5
0.8
0.0
3.0
0.0
6.3
10.7
10.7
0.0
0.0
0.0
3.8
0.3
0.5
4.1
3.3
0.0
1.3
0.0
0.0
3.0
7.4
1.8
21.6
0.0
16.8
0.0
0.0
0.0
0.0
0.0
3.4
0.0
0.0
0.0
0.8
0.0
0.8
21.8
0.0
0.0
26.2
6.3
0.0
0.0
11.9
0.0
0.0
8.9
0.0
0.0
0.0
0.0
0.0
0.0
0.0
0.0
0.0
20.9
0.0
0.0
0.0
38.4
0.0
0.0
0.0
1.5
0.0
0.0
23.9
0.0
0.0
3.0
0.0
0.0
0.0
1.3
0.0
0.0
0.0
0.0
3.3
5.8
0.0
8.9
0.0
8.4
0.0
0.0
0.0
0.0
0.0
30.7
17.0
0.0
0.0
0.0
0.0
0.0
0.0
0.0
0.4
0.0
0.0
0.0
0.0
0.0
0.0
0.0
0.0
0.0
0.0
0.0
0.0
0.0
0.0
2.8
0.0
10.7
0.5
1.0
3.8
3.3
0.0
0.0
0.0
0.0
17.5
1.3
0.8
0.0
6.3
1.8
2.3
38.6
10.9
0.0
3.8
0.0
8.9
8.1
1.8
0.8
0.0
0.0
0.0
0.0
0.0
68.6
2.8
0.0
1.0
3.6
7.4
0.0
20.8
18.3
0.0
0.0
0.0
0.0
0.0
0.0
0.0
0.0
0.0
0.0
1.0
0.0
0.0
0.0
0.0
18.3
19.8
10.7
2.5
1.8
0.0
0.0
0.0
0.0
13.5
1.8
0.5
0.0
0.0
1.0
0.0
0.0
0.0
0.0
0.0
0.0
0.3
0.0
22.1
0.0
0.0
0.0
8.1
0.0
0.0
0.0
0.0
0.0
0.3
0.3
1.0
0.0
6.1
15.7
30.7
1.0
1.8
3.3
0.0
0.0
2.3
0.0
0.0
0.0
0.0
0.0
0.0
8.9
1.0
0.0
0.0
0.0
0.0
0.0
0.0
0.0
0.0
0.0
0.0
0.3
0.0
4.1
8.9
0.0
10.7
0.0
2.0
0.0
1.8
0.0
0.0
0.0
0.0
0.0
0.0
0.0
3.0
4.6
0.0
0.0
7.4
0.8
0.0
0.0
0.0
0.0
1.8
0.5
0.0
0.0
0.0
4.3
2.3
19.0
0.0
0.3
0.0
0.0
0.0
0.0
0.0
0.0
0.0
0.0
0.0
0.0
0.0
4.6
0.0
0.5
6.9
4.3
15.0
7.4
0.0
0.0
0.0
0.0
0.0
0.0
0.0
3.0
0.0
0.0
4.1
11.9
0.0
10.7
14.5
0.0
0.0
0.0
0.0
5.1
9.4
1.5
3.0
6.3
3.0
0.0
0.0
0.0
0.0
0.0
0.0
0.0
0.0
0.3
0.0
0.0
0.0
0.0
1.3
0.0
8.1
18.5
14.0
0.0
0.0
0.0
0.0
1.5
18.5
0.0
18.8
0.0
0.0
0.0
0.0
0.0
0.0
39.4
1.0
4.8
2.8
0.0
0.0
14.0
17.5
0.0
0.0
8.9
5.8
0.0
0.0
0.0
0.0
0.0
0.0
0.0
0.0
0.0
3.8
19.3
0.3
0.0
6.3
11.9
0.0
0.0
23.9
0.0
0.0
0.0
11.9
23.9
8.9
45.5
0.0
0.5
36.3
0.0
0.0
8.9
4.8
15.7
0.0
0.0
0.0
1.5
0.0
0.0
0.0
0.0
0.0
0.0
0.5
0.0
0.0
0.0
0.0
0.0
0.0
0.9
0.0
0.0
0.0
0.3
0.0
0.0
0.0
15.7
2.3
1.1
0.3
0.9
32.7
0.0
0.0
0.0
0.0
0.5
2.0
0.0
0.0
0.0
0.0
1.5
0.0
0.0
0.0
0.0
0.0
10.2
0.0
0.0
9.9
0.0
0.0
0.0
0.0
0.0
0.0
15.2
0.0
0.0
0.0
0.0
0.0
0.0
0.0
0.0
0.0
0.0
0.0
40.4
38.9
0.0
0.0
0.0
0.0
0.0
0.0
0.0
3.8
0.0
0.0
0.0
0.0
2.0
0.0
0.0
3.0
0.0
0.0
9.9
4.6
1.0
0.0
2.5
0.0
0.0
0.0
0.0
0.0
5.8
0.0
0.0
0.0
0.0
0.0
0.0
0.0
0.0
0.0
0.0
0.0
6.6
0.0
0.0
0.0
0.0
0.0
0.0
0.0
0.0
0.0
1.0
9.4
6.1
2.3
0.0
0.0
0.0
0.0
0.0
0.0
0.0
0.0
0.0
0.0
0.0
0.0
0.0
0.0
0.0
0.0
0.0
0.0
0.0
0.3
0.0
0.0
0.0
0.0
0.0
0.8
23.1
0.0
46.2
8.1
0.0
0.0
0.0
19.6
0.5
0.0
0.0
13.7
1.3
0.0
0.0
0.0
0.0
0.0
0.0
24.9
2.8
0.0
0.0
7.6
0.0
0.0
0.0
0.0
5.3
0.0
0.0
0.0
10.4
0.0
0.0
0.0
0.0
0.5
7.4
3.6
0.0
0.0
0.0
0.0
0.0
0.0
0.3
0.0
0.0
4.8
2.3
0.0
0.0
0.0
0.0
0.0
3.8
1.0
4.1
1.5
0.0
0.0
1.8
0.0
0.0
0.0
0.0
0.0
0.0
0.0
8.9
25.7
0.0
0.0
0.0
5.1
0.0
0.0
0.0
0.0
0.0
0.0
0.0
0.0
0.0
0.0
0.0
0.0
0.0
3.8
6.9
7.9
0.5
1.5
3.6
0.3
0.0
14.0
0.0
0.0
0.0
0.5
30.0
2.0
0.0
0.0
14.0
0.3
0.0
0.0
0.0
0.0
7.1
0.0
0.0
0.0
0.3
0.0
3.3
0.0
5.8
1.0
0.0
0.0
0.0
0.0
0.0
0.0
0.0
0.0
0.8
0.0
7.1
0.0
0.0
0.0
8.4
2.3
0.0
15.5
0.0
0.0
0.0
0.0
8.1
1.8
0.0
33.8
25.4
0.0
2.3
39.4
0.0
0.5
34.3
3.8
7.1
0.0
0.0
0.0
4.8
0.0
0.0
8.9
0.0
0.0
3.0
0.0
0.0
0.0
0.0
0.0
15.5
5.1
11.4
0.0
0.0
0.0
0.0
0.0
2.0
1.8
0.0
2.2
49.4
1.1
0.0
22.3
0.0
0.0
0.0
0.0
0.6
0.0
1.1
21.0
0.0
0.0
0.0
4.0
8.7
0.0
0.0
0.0
16.5
7.9
0.0
0.0
0.7
9.2
0.6
5.3
0.0
0.7
0.0
6.8
15.7
0.0
0.0
0.0
0.3
0.8
0.0
0.0
0.0
0.0
0.0
9.1
0.0
0.0
0.0
0.0
0.0
0.4
0.0
0.0
0.0
0.0
0.0
0.0
0.0
0.0
0.0
0.0
17.9
0.0
6.3
0.0
0.0
4.9
0.0
0.0
0.0
0.0
0.0
0.0
0.0
0.0
0.0
0.4
0.0
0.0
0.0
0.0
10.4
0.0
0.0
0.0
0.0
0.0
0.0
17.1
0.0
0.0
30.9
0.0
0.0
0.0
0.0
0.0
0.0
0.0
0.0
0.0
0.0
4.6
0.0
0.0
0.0
0.0
10.3
0.0
0.0
0.0
0.0
0.0
13.7
0.0
0.0
0.9
8.7
0.5
0.0
0.0
0.0
0.2
0.0
11.0
20.3
3.3
0.0
0.0
0.0
0.0
0.0
0.0
0.0
0.0
0.0
0.0
0.0
0.0
0.0
0.0
13.2
4.3
0.0
0.0
0.0
0.0
6.3
23.9
0.0
0.0
0.0
0.0
0.0
0.0
1.0
0.5
0.0
0.0
2.5
0.0
0.0
0.0
20.3
0.0
0.0
1.3
6.3
9.7
0.4
0.0
0.0
0.0
0.0
3.8
0.0
0.0
0.0
0.0
0.0
3.0
4.8
16.5
0.0
0.0
0.0
14.7
0.3
18.3
0.0
0.0
0.0
0.0
4.4
0.0
0.0
0.0
0.0
1.0
0.0
0.0
0.0
0.3
3.8
33.0
0.0
0.0
0.0
0.0
12.4
3.3
0.5
0.0
0.0
0.0
0.0
15.7
0.0
0.0
0.3
3.0
0.8
0.0
0.0
0.0
0.0
0.0
0.0
0.0
0.0
0.0
0.0
0.0
6.1
0.0
0.0
0.0
18.5
0.0
0.0
0.0
4.6
0.0
18.3
0.0
0.0
5.1
7.1
1.3
0.0
0.0
0.0
0.0
0.0
0.0
6.6
5.3
0.0
0.0
0.8
0.0
0.0
0.5
0.0
0.0
3.3
0.0
2.0
0.0
0.0
0.0
0.0
1.3
0.0
0.0
1.3
0.0
0.0
0.0
0.0
5.8
0.0
0.0
2.0
0.0
0.5
0.0
0.0
4.1
0.8
0.0
0.0
1.5
0.0
0.0
0.0
0.0
0.0
5.3
0.0
0.0
0.0
0.0
0.0
5.8
0.0
0.0
0.0
10.9
0.0
1.3
0.0
7.1
0.0
0.0
0.0
0.0
0.0
0.0
0.0
0.0
0.0
0.0
0.0
0.0
0.0
6.3
14.0
0.0
0.0
0.0
0.0
4.3
0.0
0.0
0.0
0.0
0.0
0.0
7.1
0.0
19.8
3.7
9.9
2.9
0.0
0.0
0.0
24.0
2.7
0.0
0.0
0.0
0.0
0.0
0.0
0.0
0.0
0.0
0.0
0.0
0.0
19.2
0.0
0.0
0.0
0.0
0.0
0.0
0.0
0.0
0.0
0.0
14.1
0.0
0.2
0.6
0.0
0.0
0.0
0.0
0.0
0.0
0.0
0.0
0.0
0.0
0.0
0.0
24.1
0.0
0.0
0.0
0.0
11.9
0.0
0.0
0.0
5.1
0.0
0.0
0.0
0.0
1.1
0.0
0.0
0.0
0.0
0.0
0.0
0.0
17.8
0.0
0.0
0.0
0.0
0.0
0.3
0.0
0.0
0.0
0.0
12.2
0.0
0.0
0.0
0.0
5.6
0.0
0.3
0.1
0.0
0.0
0.0
12.7
0.0
0.0
0.0
16.3
0.0
0.0
0.0
5.2
1.2
0.0
0.0
7.7
1.4
0.0
0.0
42.9
0.0
0.0
0.0
0.6
0.0
0.0
0.0
0.0
0.0
52.5
0.0
0.0
0.0
0.0
21.4
76.8
3.4
0.0
0.0
0.3
0.0
20.4
0.0
0.0
0.0
0.0
0.0
1.7
0.0
0.0
0.0
9.7
0.0
0.0
0.0
6.3
0.0
0.0
2.0
2.3
7.5
0.0
0.0
0.0
0.0
0.0
3.8
1.3
22.6
1.8
0.0
0.0
0.0
0.8
0.0
0.0
0.0
57.1
1.0
0.0
0.0
12.4
3.6
6.9
0.0
0.0
14.7
0.8
0.0
9.7
0.0
0.0
0.0
0.0
0.0
0.0
0.0
3.0
0.0
0.0
0.0
2.8
0.0
0.0
0.0
0.0
15.7
0.0
0.0
0.0
0.0
0.0
0.0
0.0
0.0
0.0
0.0
0.0
0.0
0.0
0.0
0.0
0.0
0.0
0.0
0.0
0.0
0.0
11.4
0.0
0.0
1.5
2.0
2.8
3.0
0.0
0.0
0.0
0.0
5.8
2.8
0.0
3.0
0.0
21.1
2.3
0.0
0.0
0.0
0.0
0.0
0.0
0.0
0.0
0.0
0.0
4.6
0.0
0.0
0.0
0.0
0.0
0.0
0.0
0.0
0.0
14.7
0.0
14.2
0.5
0.0
0.0
0.0
0.0
0.0
0.0
0.0
0.0
0.0
0.0
0.8
0.0
0.0
3.0
0.3
28.4
0.3
0.0
1.3
0.0
0.0
0.0
0.0
0.0
5.8
0.0
3.6
7.1
0.0
0.0
0.0
0.0
0.0
0.0
0.0
8.6
0.0
0.0
7.4
0.0
0.0
0.0
17.0
13.7
1.3
0.5
0.3
0.0
0.0
0.0
10.2
0.0
0.0
0.0
2.5
2.0
0.0
0.0
0.0
0.3
0.0
0.0
1.8
0.5
0.0
0.0
0.0
0.0
0.8
18.3
0.3
0.0
0.0
0.0
0.0
0.0
0.3
0.0
0.0
0.0
0.0
0.0
0.0
0.0
0.0
0.0
64.8
0.8
0.0
0.0
0.0
18.3
11.4
0.0
55.1
0.5
0.0
0.0
0.0
15.2
1.0
0.0
0.0
12.2
0.0
0.0
0.0
0.0
12.3
3.1
1.7
0.0
0.0
0.0
0.0
14.6
0.0
0.0
0.0
0.0
0.0
7.7
0.0
1.6
0.0
0.0
15.5
0.0
1.5
0.7
0.0
5.7
10.5
23.1
1.3
0.0
12.0
28.9
4.3
0.0
0.0
0.0
0.0
0.0
0.0
0.0
0.7
0.0
0.0
0.8
0.0
0.0
3.2
0.0
0.0
0.0
0.0
0.0
1.1
30.8
1.1
6.9
17.1
0.0
0.0
7.3
16.1
0.6
0.0
3.6
1.6
0.0
0.0
0.0
0.0
0.4
0.0
39.0
0.0
0.0
0.0
0.1
0.0
0.0
0.0
0.0
2.0
0.0
7.6
1.6
0.0
0.0
0.0
0.6
0.0
0.0
0.0
6.9
0.4
0.0
10.7
0.0
0.0
0.0
0.0
0.0
0.0
0.0
0.0
0.0
0.1
0.0
0.0
0.0
0.0
0.0
0.0
0.0
0.0
0.3
0.0
0.0
0.0
0.0
0.0
0.0
0.0
0.0
1.9
3.9
0.0
0.0
0.0
0.0
0.0
0.0
0.5
1.5
0.0
0.0
8.7
0.0
0.0
0.0
2.2
0.0
0.0
1.1
7.5
0.4
0.0
0.0
0.0
0.0
0.0
0.0
0.0
1.9
0.0
0.0
0.0
0.4
7.7
0.0
15.3
0.5
0.0
0.0
0.0
0.0
0.0
0.0
0.0
0.0
1.0
0.8
0.9
6.2
0.0
0.0
0.0
15.2
0.7
0.0
0.0
0.0
0.0
0.0
1.1
27.6
10.8
0.0
0.0
0.0
0.0
3.2
3.3
0.0
0.0
0.0
0.0
2.3
0.0
0.0
0.0
0.0
1.2
10.6
0.0
0.0
1.0
10.5
0.0
0.0
0.0
0.0
0.0
0.0
0.0
0.0
0.0
0.0
0.4
0.0
0.0
0.0
0.0
0.0
1.9
0.0
0.0
0.0
0.0
12.1
1.6
2.3
0.0
0.0
0.0
1.3
4.7
13.8
0.0
0.0
0.0
0.0
0.0
0.0
0.0
0.0
0.0
0.0
4.1
0.0
0.0
0.4
9.6
0.0
0.0
0.0
0.7
18.6
0.0
0.0
0.0
0.5
0.2
0.9
0.0
2.0
0.0
1.3
0.0
0.0
0.0
0.7
0.4
0.0
0.0
0.0
0.0
0.0
8.4
24.9
0.0
0.0
9.9
0.0
0.0
0.0
1.1
0.0
0.0
0.0
0.0
0.0
3.9
1.1
0.0
16.0
0.0
3.8
5.2
0.0
5.7
0.0
0.0
0.0
0.0
0.0
0.0
4.2
0.0
0.0
0.0
0.0
0.0
0.0
0.0
0.0
0.0
19.4
0.1
0.0
0.0
0.0
0.0
0.0
2.5
0.0
0.2
0.0
0.0
0.0
0.0
0.0
5.3
9.0
0.0
0.0
0.0
0.0
0.0
27.7
7.3
0.0
0.0
0.0
10.8
0.0
0.0
0.0
0.0
0.0
8.7
3.2
0.0
0.0
0.0
0.0
0.0
0.0
0.0
0.0
0.0
5.7
0.0
0.0
15.9
13.1
1.5
0.0
0.0
0.0
0.0
0.0
0.0
0.0
0.0
5.0
1.9
1.5
2.9
36.6
0.8
12.3
8.8
5.7
0.0
0.0
0.0
0.0
4.8
0.0
0.0
0.0
0.0
0.0
0.0
0.9
0.1
0.0
0.0
12.8
1.4
29.9
1.9
0.0
0.0
36.3
0.0
4.5
16.6
0.0
0.4
0.0
0.0
0.0
0.0
0.0
3.5
9.3
0.0
5.8
4.0
39.6
1.5
1.2
0.0
0.0
0.0
43.2
25.4
0.1
0.3
0.0
0.0
6.2
0.0
24.0
0.0
0.0
0.0
26.6
65.0
0.0
9.2
0.0
0.0
0.0
0.0
0.0
0.0
0.0
0.0
0.0
0.0
1.0
1.4
1.5
0.0
0.0
0.0
0.0
3.2
0.0
0.0
2.3
0.0
0.0
0.0
0.0
0.0
0.0
3.0
0.0
0.0
0.0
0.0
1.6
0.0
0.0
0.0
0.4
11.0
6.7
23.4
0.0
9.3
0.9
0.2
4.8
4.0
4.3
0.0
0.6
0.0
0.4
0.0
18.9
0.0
0.0
9.0
21.8
29.1
0.0
2.0
0.0
0.0
14.6
0.0
0.0
0.0
0.0
17.1
0.0
0.0
0.0
0.0
0.0
0.0
0.0
0.0
0.0
0.0
11.6
40.5
2.7
0.0
0.4
2.0
0.0
0.6
1.6
0.0
0.0
4.1
16.0
2.2
2.9
0.0
0.0
0.0
0.0
0.0
0.0
0.0
0.0
0.0
0.0
0.0
8.2
0.0
0.0
1.4
0.0
0.0
0.0
4.6
6.4
0.9
0.0
0.0
0.0
0.0
0.0
3.3
0.0
0.0
0.0
0.3
1.1
0.0
0.0
0.0
0.0
2.7
2.7
32.6
0.3
0.0
0.0
0.0
0.0
0.0
0.0
0.0
0.0
0.0
1.8
9.6
0.0
0.5
2.1
0.0
0.0
0.0
0.0
0.0
0.0
3.4
0.5
0.0
0.0
0.0
0.0
0.0
14.0
2.9
3.7
0.0
1.0
1.0
0.0
0.0
0.0
0.0
0.0
5.7
9.8
0.8
6.9
0.0
0.0
0.0
0.0
0.0
6.9
0.0
0.0
0.0
0.0
0.0
0.0
0.0
0.3
0.0
0.0
0.0
0.0
0.3
3.2
0.4
0.0
0.0
0.0
0.0
11.2
7.2
0.0
0.0
2.3
0.0
0.0
0.0
0.0
0.0
0.0
0.0
0.0
0.0
0.0
0.0
0.0
0.0
0.0
0.0
3.3
0.0
0.0
0.0
0.0
4.0
0.0
0.0
9.5
2.9
2.2
0.5
0.0
0.0
0.0
0.0
0.0
0.5
0.9
0.0
0.4
0.1
0.0
0.0
0.0
0.0
0.0
2.7
0.0
0.0
0.0
0.9
9.8
9.0
0.0
0.0
0.0
0.4
0.0
0.0
0.0
2.3
0.7
0.0
0.0
1.4
7.7
6.2
9.8
0.0
0.0
1.0
0.9
0.0
0.6
0.0
0.0
0.0
13.3
0.0
2.7
0.0
0.0
3.6
11.8
0.0
0.0
0.0
0.5
0.0
0.0
0.0
4.6
6.6
0.0
0.0
1.7
15.0
2.8
9.0
8.6
0.0
0.0
13.5
0.1
7.7
0.0
0.0
0.0
0.8
0.0
0.0
0.0
0.2
0.0
7.3
3.1
0.0
12.7
37.5
0.0
0.0
0.0
0.0
0.0
0.0
0.0
96.9
1.7
0.0
1.1
1.8
34.5
3.2
6.9
12.6
3.2
4.4
8.0
0.5
9.2
0.0
0.0
0.0
10.5
0.5
41.7
0.0
7.4
15.0
0.0
0.0
0.0
0.0
0.0
0.0
15.8
0.8
49.4
0.6
0.0
8.3
0.0
1.4
0.0
0.0
0.9
0.0
0.0
4.0
7.5
0.0
0.0
0.0
0.0
0.8
5.6
0.0
13.0
0.9
0.0
0.0
0.0
0.0
0.0
0.0
0.0
0.0
0.0
3.6
7.3
0.2
0.0
0.0
0.0
0.0
0.0
0.0
30.4
8.2
0.2
0.0
0.0
0.1
0.0
0.0
0.0
0.0
0.0
0.0
7.6
0.0
0.0
5.3
0.0
0.0
0.1
0.0
0.0
0.0
20.2
0.0
8.1
2.1
0.0
0.0
0.0
0.0
0.0
10.0
41.4
0.0
0.0
0.0
0.0
0.0
0.0
0.0
0.0
0.0
0.0
0.0
0.0
0.0
0.0
0.0
0.0
0.0
0.0
0.0
0.4
0.0
0.0
0.0
0.0
0.0
0.0
0.0
0.0
0.0
0.0
0.0
0.2
0.0
0.0
0.0
0.0
0.0
4.5
19.0
1.6
0.0
1.9
8.0
0.0
0.0
0.0
0.0
4.4
0.0
0.0
0.0
0.0
0.0
7.1
0.0
0.0
0.0
0.0
18.3
27.0
0.1
0.0
6.1
8.1
0.0
0.0
0.0
2.1
17.3
8.2
0.0
0.0
8.8
0.2
0.8
0.0
0.0
0.0
1.2
0.0
0.0
0.0
0.0
0.0
0.3
18.5
2.0
0.8
0.0
0.0
0.0
0.0
16.4
0.9
0.0
14.8
0.0
0.0
63.3
19.8
35.4
0.0
0.0
0.0
0.0
0.0
0.0
0.0
0.0
0.0
2.4
2.4
9.8
0.0
0.9
0.0
0.0
0.0
4.2
0.5
0.0
0.0
4.9
0.0
0.0
0.0
0.0
0.0
0.0
0.0
0.0
0.0
0.0
0.0
0.0
0.0
16.8
0.0
0.0
0.0
0.0
0.0
0.5
0.5
0.0
0.0
0.0
0.0
3.1
0.0
0.0
0.0
0.0
0.0
0.0
0.0
0.0
3.0
7.1
0.0
0.0
0.0
0.0
0.5
0.3
1.0
2.7
0.0
0.0
0.0
0.7
0.0
2.7
0.0
0.0
9.2
9.6
0.0
0.0
0.0
0.0
0.0
0.9
0.0
0.0
0.0
7.8
7.2
0.0
0.0
8.4
0.0
0.0
21.7
1.8
0.7
0.0
0.0
0.0
0.0
30.3
0.0
0.9
0.4
8.2
0.0
0.0
0.0
0.0
0.0
0.0
0.0
0.0
0.0
8.3
3.2
0.0
0.0
0.0
3.1
0.0
14.1
3.5
5.9
17.4
2.0
0.0
3.8
0.0
0.0
0.0
2.1
21.3
13.5
2.5
2.2
0.1
10.4
0.0
0.0
0.7
0.7
0.0
0.0
1.5
0.0
0.0
0.0
0.0
0.0
5.2
9.3
0.9
0.0
0.0
13.1
2.3
0.0
4.6
7.6
0.0
0.0
0.0
0.0
0.2
0.0
0.0
0.0
7.9
17.8
0.0
0.0
0.0
0.0
0.0
13.7
34.3
11.4
0.0
0.0
0.0
1.1
0.0
0.0
0.0
1.1
0.0
1.4
9.3
0.0
19.6
5.6
0.5
0.0
0.0
0.0
0.0
0.0
39.5
0.0
0.0
0.0
16.3
3.2
0.1
0.0
16.6
0.0
0.0
40.0
0.0
0.0
0.1
2.3
0.2
0.0
0.0
0.0
0.0
0.0
0.0
0.0
0.0
0.0
0.0
0.0
0.0
0.0
43.5
0.0
11.8
51.0
1.7
0.0
13.4
0.0
8.6
0.0
0.0
0.0
31.7
4.9
17.1
2.4
2.9
0.0
0.0
0.0
0.0
0.0
0.0
0.0
0.0
0.3
31.6
18.9
11.7
0.4
0.0
0.0
5.8
0.0
0.0
2.5
0.0
0.0
0.0
0.0
0.0
0.0
0.0
0.0
2.6
0.0
0.0
1.0
5.0
5.4
0.0
0.0
0.0
0.0
0.4
1.8
0.0
0.0
0.0
0.0
1.3
7.2
0.0
0.0
0.6
1.7
0.0
0.0
10.4
1.3
0.0
0.0
0.0
0.0
4.1
3.6
0.0
0.0
0.0
0.0
0.0
0.0
17.5
0.0
0.0
0.0
0.0
0.0
3.6
0.0
0.0
0.0
0.0
0.0
0.0
0.0
0.0
0.0
9.8
0.0
0.0
0.0
16.6
12.5
0.0
0.0
0.0
7.2
14.3
0.0
0.0
0.0
0.0
0.0
10.6
0.0
0.0
0.0
0.0
0.0
0.9
2.6
0.3
0.4
0.0
0.0
1.2
0.6
0.0
0.0
0.0
0.0
0.0
1.3
0.0
11.3
2.7
0.0
0.0
0.0
0.0
0.0
0.0
11.6
7.7
0.8
0.0
0.0
0.0
0.0
0.0
2.9
7.4
0.5
0.2
2.1
0.7
8.1
0.0
0.0
32.4
0.0
0.0
0.0
0.0
0.0
0.1
0.0
0.0
0.0
0.0
0.0
0.0
0.0
0.0
0.0
0.0
0.0
11.2
1.0
5.2
0.0
0.0
1.1
0.0
0.0
0.0
0.0
0.0
0.0
0.0
0.0
0.0
4.0
0.0
0.1
0.8
0.0
0.0
3.1
11.4
0.0
0.0
0.0
0.0
0.0
10.1
0.0
0.0
0.0
0.0
0.3
3.4
0.9
0.0
0.0
1.0
0.3
0.0
18.5
0.7
0.0
0.0
0.0
1.5
0.7
0.0
0.8
0.0
11.6
20.9
0.0
0.0
0.0
5.8
15.1
19.3
0.4
0.0
0.0
2.7
0.4
0.0
0.0
1.1
16.7
7.8
0.0
0.0
0.0
0.0
0.0
0.0
0.0
0.0
0.0
0.0
16.5
0.1
4.6
33.5
15.6
0.3
0.0
20.1
11.5
6.7
0.0
0.0
0.0
0.3
9.8
0.0
0.0
0.0
0.0
0.0
0.0
0.0
6.9
10.8
27.1
0.0
0.0
4.6
2.7
0.0
7.6
0.0
0.0
0.0
0.0
0.0
0.0
0.0
0.0
0.0
0.0
0.0
0.0
0.0
0.0
0.0
0.0
0.0
11.9
4.4
0.0
0.0
30.5
0.7
1.1
0.4
0.0
8.1
11.7
0.0
0.0
0.7
0.0
0.0
10.9
1.2
0.0
2.2
0.0
8.2
0.0
0.0
0.0
0.0
0.0
2.3
12.7
2.8
0.3
0.0
0.0
0.0
0.0
10.8
0.7
4.0
0.9
6.5
6.2
0.0
0.0
10.7
0.5
0.0
0.0
0.0
0.0
6.4
0.0
27.4
0.0
0.0
1.6
0.0
0.0
0.0
2.3
0.0
0.0
0.0
0.0
0.6
1.9
0.0
6.1
0.0
2.9
87.5
0.3
0.0
0.0
0.0
0.0
1.2
13.4
0.0
0.0
0.0
0.0
0.0
0.0
0.0
0.0
0.0
0.0
0.0
0.0
0.0
0.0
0.0
0.8
0.0
0.0
0.0
0.4
34.0
0.0
0.0
0.0
0.0
0.0
0.0
0.0
0.0
0.0
0.0
0.0
0.0
0.0
0.0
0.5
1.6
5.0
8.3
9.8
0.0
7.4
24.5
1.0
0.5
0.0
3.5
0.4
0.0
0.0
0.0
0.0
0.0
0.3
34.2
7.2
2.1
0.0
0.0
0.0
0.0
0.3
0.0
0.0
3.5
1.4
0.0
1.4
6.2
0.0
0.0
0.0
0.0
0.0
0.6
1.6
0.0
9.1
3.7
0.0
12.5
46.5
0.0
0.0
0.0
0.0
0.0
0.0
0.0
0.0
0.0
0.0
2.6
0.0
0.0
0.0
0.0
2.1
0.0
0.0
0.0
0.0
0.0
0.0
0.0
0.0
0.0
0.0
0.0
0.0
0.3
0.0
0.0
0.0
0.0
1.4
2.0
5.2
0.0
0.0
0.0
0.0
4.1
0.5
0.0
0.0
0.0
0.0
0.0
0.0
0.0
1.8
0.0
0.6
0.8
5.2
0.0
0.0
4.6
0.0
0.0
0.0
0.0
0.0
0.0
8.2
1.6
0.0
0.0
0.0
0.0
0.0
0.1
0.0
0.0
0.0
0.0
0.0
0.7
0.7
4.2
0.0
0.0
0.0
0.0
5.5
0.0
0.0
0.0
0.0
0.8
0.0
1.5
13.8
37.3
63.4
1.3
2.8
4.3
2.5
0.0
0.0
2.0
15.7
8.8
0.0
0.0
0.0
4.1
0.7
0.0
0.0
0.0
0.0
0.0
0.0
0.0
0.0
0.0
6.8
0.8
0.0
0.0
0.0
0.0
0.0
15.2
13.8
0.0
15.8
3.0
1.2
0.9
0.0
0.0
7.5
4.4
4.4
0.0
0.0
0.0
0.0
3.2
0.0
0.0
0.0
0.0
18.0
15.0
1.9
0.2
0.0
0.0
0.0
0.0
0.0
0.0
3.9
0.0
0.0
0.0
0.0
0.0
0.0
0.0
0.0
13.0
3.2
0.0
0.0
0.0
0.0
0.0
10.6
0.0
0.0
0.0
0.0
1.7
7.8
0.0
0.0
4.8
0.0
0.4
1.2
0.0
0.0
0.0
11.7
0.0
0.0
5.1
10.8
14.1
4.0
0.0
2.7
0.0
0.0
0.0
0.0
1.1
0.0
16.4
49.8
1.4
3.6
0.0
4.7
0.1
0.0
0.0
0.0
33.7
13.1
26.3
6.1
0.9
0.0
1.9
0.4
0.0
0.0
0.0
0.0
11.5
0.0
0.0
3.9
35.7
0.0
0.0
0.0
0.0
12.0
0.0
0.0
0.0
38.9
0.0
1.3
0.0
0.0
0.0
1.8
3.6
5.9
0.0
0.0
0.0
0.0
0.0
0.0
24.7
1.8
20.2
0.0
0.8
0.0
0.0
0.0
64.6
0.0
0.0
0.0
0.0
0.0
0.0
0.0
0.0
4.2
22.7
0.1
0.0
0.0
29.2
0.1
0.0
0.0
8.3
0.0
0.0
0.0
10.0
0.9
0.0
0.4
0.0
0.0
0.3
0.0
0.6
28.3
63.1
8.6
0.0
0.0
0.0
0.0
0.0
0.0
0.0
0.0
0.0
0.0
9.1
2.1
0.0
0.0
0.0
4.1
12.7
0.0
0.0
0.0
0.1
0.0
0.0
0.0
0.0
26.9
5.2
35.1
7.8
0.0
0.0
4.9
0.0
5.3
0.0
2.5
0.0
0.0
0.0
0.0
0.0
0.0
0.0
0.0
0.0
0.0
3.1
5.2
2.1
0.8
0.0
12.8
13.5
16.1
0.0
0.6
7.4
3.2
0.0
0.0
4.7
0.0
0.0
0.0
0.9
0.0
7.1
0.0
0.0
1.2
0.0
0.0
0.0
0.0
0.0
9.8
0.0
26.8
0.0
0.0
0.0
0.0
16.9
6.9
0.9
0.5
0.5
0.0
0.7
0.0
0.0
0.0
0.0
0.0
0.0
10.8
0.5
0.0
0.0
0.0
0.0
0.0
1.6
0.0
0.0
0.0
0.0
0.0
5.4
15.4
0.0
0.0
14.1
