20000101
0.0
0.0
0.0
9.5
0.0
0.0
0.0
0.0
1.3
0.0
0.0
0.0
0.0
0.0
0.0
0.0
0.0
0.0
0.0
11.1
0.0
0.0
3.3
0.0
0.2
0.0
0.0
0.0
0.0
4.6
0.3
0.0
0.0
0.0
0.0
0.4
0.0
0.0
0.0
0.0
1.8
1.2
0.0
0.0
2.1
0.0
0.0
0.0
24.4
0.6
0.0
0.0
1.6
0.0
2.7
0.0
1.0
8.9
0.0
0.0
0.2
1.8
0.0
0.0
0.0
0.0
0.0
0.0
0.0
0.0
0.6
4.6
0.0
0.0
0.8
3.4
0.0
0.0
8.2
17.8
0.8
0.0
0.0
0.0
0.0
0.0
5.0
0.0
0.0
0.0
0.0
0.0
0.2
0.0
0.0
0.0
0.0
0.0
4.3
0.0
0.0
10.6
0.0
0.0
0.0
0.0
0.0
19.7
0.2
0.0
3.2
7.7
0.4
0.0
9.4
0.0
0.0
0.0
0.0
0.5
0.0
0.0
4.8
0.0
1.0
0.0
0.0
0.0
1.0
13.7
12.4
0.0
0.0
10.7
0.0
0.0
0.0
0.0
3.5
8.6
0.0
0.0
3.3
0.1
0.0
0.0
0.0
31.6
13.8
0.0
0.0
0.0
0.9
0.0
0.0
0.0
8.8
0.0
0.0
0.0
0.0
0.0
0.2
5.2
30.2
0.6
7.2
0.0
0.0
0.5
0.0
0.9
36.5
2.8
0.0
19.4
0.8
2.8
0.0
0.0
0.5
0.0
0.0
0.0
5.1
0.0
17.5
0.0
0.0
0.0
0.0
0.0
16.1
0.4
0.0
0.0
0.0
0.0
0.0
0.0
2.9
0.0
0.0
0.0
0.0
0.0
0.0
0.0
0.0
0.0
0.0
1.4
1.3
0.0
0.0
4.3
0.0
0.0
5.8
0.9
0.3
0.3
0.0
0.0
0.0
0.0
0.0
0.0
0.0
14.3
0.3
0.0
0.0
0.0
0.5
63.0
5.4
0.0
0.0
4.4
1.5
2.7
0.0
0.0
0.0
0.0
0.0
0.0
0.0
0.0
0.0
0.0
0.0
0.5
26.7
23.1
0.0
0.0
2.6
0.0
0.0
0.0
0.0
0.0
5.9
0.8
0.9
9.6
12.8
10.8
0.0
0.0
0.0
0.0
0.0
0.0
0.0
12.9
17.2
7.4
0.0
0.0
0.0
0.0
0.0
0.0
0.0
2.7
11.3
0.0
1.7
0.0
0.0
0.0
0.0
0.0
0.0
0.0
0.0
0.0
0.0
0.0
0.0
0.4
0.0
0.0
0.0
0.5
0.0
0.0
0.0
19.4
0.0
6.4
30.8
0.0
0.0
9.5
0.1
0.0
0.1
0.0
0.0
0.0
0.0
0.0
0.0
0.0
0.0
3.0
8.1
0.1
0.0
1.7
0.0
1.8
1.0
0.0
0.0
0.0
0.0
0.0
0.0
0.0
0.0
6.1
15.6
0.0
8.0
0.0
0.7
0.6
0.0
2.3
0.0
1.5
0.0
0.0
0.0
0.0
0.0
0.9
0.0
1.1
2.0
0.0
0.4
0.0
0.0
0.0
0.0
0.0
0.0
0.0
0.0
0.0
1.5
0.0
0.0
0.9
0.2
0.0
0.0
0.0
0.0
0.1
0.0
0.0
0.0
0.0
0.0
0.1
7.4
0.0
12.2
13.3
1.2
0.0
0.0
0.6
0.0
0.2
0.3
0.0
0.0
3.4
12.1
0.0
0.0
0.0
17.4
1.6
0.0
0.0
0.0
0.0
0.0
0.0
2.2
0.0
9.9
53.2
0.0
0.0
0.0
0.0
0.0
0.0
0.0
0.0
0.0
0.0
0.0
0.0
0.0
0.0
0.6
2.6
0.3
2.3
6.7
3.6
0.0
0.0
0.0
0.0
0.0
0.0
0.0
0.0
0.0
0.0
0.0
0.0
0.0
0.0
1.5
0.0
0.0
0.0
4.4
3.8
4.9
0.0
2.7
12.4
11.3
0.0
0.0
5.1
2.5
0.2
0.0
0.0
0.7
3.1
1.3
0.6
1.4
1.2
20.6
0.8
0.0
0.0
0.0
0.0
1.3
0.3
0.9
0.0
3.4
0.3
1.0
2.5
0.0
2.3
4.5
0.5
0.0
0.9
0.0
2.4
13.8
8.4
0.5
0.3
1.1
2.0
2.6
5.5
3.4
7.0
5.1
0.0
0.0
0.3
5.3
8.3
4.1
3.5
8.2
13.1
17.2
0.0
0.0
0.0
0.0
0.0
0.0
0.0
2.4
1.5
0.0
0.0
0.0
0.0
2.0
15.2
4.4
0.0
0.0
0.0
0.0
0.0
0.0
0.0
0.0
0.9
0.4
14.3
17.5
4.1
0.0
0.0
0.4
6.3
0.0
0.0
0.0
0.0
0.0
0.0
0.0
0.0
6.2
3.8
0.0
2.6
0.0
1.7
5.7
0.0
0.7
0.0
5.7
7.7
0.0
0.0
0.0
0.0
16.2
0.0
0.0
0.0
0.0
0.0
0.0
0.0
0.0
0.0
0.0
0.0
0.1
4.2
0.0
0.1
16.1
0.0
0.0
3.8
27.3
0.6
10.6
2.8
0.0
0.0
0.0
0.0
20.8
0.0
0.0
0.0
0.0
0.0
2.1
5.6
12.6
13.4
3.2
0.0
0.0
0.0
0.0
0.0
0.0
0.0
8.1
8.7
1.6
1.3
0.0
0.0
0.0
0.0
0.0
0.0
0.0
0.0
0.0
0.0
0.0
0.0
8.6
16.3
5.9
0.0
0.0
2.2
6.2
14.3
15.7
17.1
22.3
9.4
8.1
0.0
0.0
0.0
0.0
3.1
5.3
6.0
11.0
13.5
0.0
0.0
0.0
0.0
0.0
0.0
3.6
3.0
0.3
0.0
0.0
0.0
0.0
0.0
0.6
0.0
0.0
0.0
0.0
0.0
0.0
0.0
0.0
0.5
0.6
0.0
0.0
0.0
0.0
5.4
3.2
0.5
1.8
7.4
11.7
10.2
0.0
0.0
0.0
0.0
1.6
1.4
0.0
0.0
0.0
0.0
0.2
5.7
8.3
5.0
2.9
7.6
11.1
1.7
0.0
0.0
0.0
3.8
3.8
0.0
0.0
0.0
0.0
0.0
0.0
0.0
0.0
0.0
0.0
0.0
0.0
0.0
0.4
0.0
0.0
0.0
0.0
0.0
0.0
0.0
0.0
0.0
0.0
0.0
0.0
0.0
0.0
0.0
0.1
0.0
0.7
0.0
0.0
0.0
0.0
0.0
27.9
27.1
12.6
0.0
0.0
0.0
0.0
0.0
0.0
0.0
0.0
0.4
4.7
0.0
0.0
0.0
0.0
0.0
0.0
0.0
7.0
36.4
1.3
0.0
0.0
0.0
0.0
10.3
0.7
0.0
0.0
4.6
12.1
0.0
0.0
0.0
0.0
0.0
15.0
4.1
0.0
0.5
0.0
0.0
0.0
6.3
1.5
0.0
0.5
2.7
0.0
0.0
0.0
0.0
32.5
8.2
0.5
0.0
0.3
4.4
0.0
0.0
0.5
4.4
0.0
0.0
0.0
0.0
2.3
14.5
0.0
0.0
0.0
1.6
0.0
0.0
0.0
0.0
0.0
0.0
6.4
24.1
3.8
0.0
0.0
13.8
0.0
0.0
41.2
0.0
0.0
0.0
5.9
0.0
0.0
0.0
11.1
15.0
2.6
14.4
0.0
3.1
37.1
13.3
1.4
0.0
0.7
15.3
6.5
0.0
0.0
0.0
0.0
0.0
3.1
3.9
0.0
0.0
1.2
7.7
0.0
0.0
0.0
0.4
0.0
0.0
16.0
4.0
0.0
0.0
0.0
0.7
2.3
28.1
4.7
12.4
8.0
0.9
0.0
0.0
0.0
0.0
0.0
0.0
0.0
0.0
0.7
0.4
0.9
0.0
0.0
0.0
0.0
0.0
0.0
0.0
0.0
0.0
0.0
0.0
0.1
1.2
0.0
0.0
0.0
0.0
0.0
0.0
0.0
0.0
3.9
2.1
0.0
2.1
19.2
0.0
0.0
0.0
12.3
0.0
17.2
0.6
0.0
0.0
0.3
0.0
0.0
0.0
0.0
0.0
0.0
0.0
0.0
0.0
0.0
0.0
3.8
12.6
18.5
3.7
0.0
40.1
11.8
0.0
0.0
97.0
15.3
5.1
0.0
0.0
0.0
0.0
0.0
0.0
0.0
0.0
0.0
0.0
0.0
0.0
0.0
0.0
0.0
0.0
0.0
0.0
0.0
0.0
1.1
3.4
0.0
7.5
2.3
11.5
8.9
0.0
0.0
0.0
0.0
0.0
0.0
0.0
0.0
0.0
0.0
0.0
0.0
0.2
13.5
0.0
0.0
0.0
0.0
0.0
0.0
2.0
1.3
0.0
0.0
0.0
0.0
0.0
16.5
0.0
0.0
0.0
0.0
0.0
3.8
5.4
0.0
0.0
5.8
8.5
0.8
0.0
0.0
0.0
2.4
0.3
9.4
0.0
0.0
0.0
0.3
0.0
0.0
0.0
0.0
3.7
0.0
0.0
0.0
0.1
0.0
0.0
3.2
0.0
0.0
0.4
0.0
0.0
0.0
0.0
0.0
0.0
0.0
0.0
0.0
0.0
0.0
0.0
0.0
0.0
0.0
0.0
0.0
0.0
0.0
0.0
0.0
0.0
10.8
17.4
2.9
0.0
0.1
0.0
0.0
12.3
0.0
0.0
0.0
0.0
0.0
0.6
0.0
0.5
4.4
0.0
2.8
0.0
0.0
0.0
0.0
0.0
0.0
0.0
0.0
0.0
0.0
1.3
2.0
0.0
0.0
0.0
0.0
0.0
0.0
0.0
0.0
1.5
0.0
0.0
3.3
0.0
0.0
4.9
0.0
0.0
1.8
0.0
0.2
0.0
0.0
0.0
1.4
2.3
0.0
0.0
0.0
17.8
7.3
0.0
0.0
0.0
0.0
0.0
0.0
3.8
2.6
0.0
0.0
0.0
0.0
0.0
1.2
0.0
0.0
6.3
0.9
0.0
0.0
0.0
0.0
0.0
0.0
6.8
0.0
0.0
0.0
0.0
0.0
1.2
3.7
2.5
0.0
0.0
0.0
3.7
0.0
0.0
0.0
6.8
0.0
0.0
0.0
0.0
0.0
0.0
12.4
0.0
13.1
0.0
0.0
0.0
0.0
0.0
0.0
0.0
0.0
0.0
6.2
0.5
0.0
14.1
0.0
0.0
0.0
0.0
12.7
3.9
0.0
0.0
0.1
0.0
6.4
0.0
0.0
0.0
38.3
0.0
1.8
0.0
17.2
23.3
19.2
0.0
0.0
0.0
9.7
0.5
0.0
4.1
0.0
2.8
0.0
0.0
0.0
0.0
0.0
0.0
0.0
0.0
3.1
0.0
4.8
0.0
0.0
8.4
0.6
0.0
0.0
5.6
0.2
0.0
0.0
15.1
52.8
0.0
16.4
0.0
0.0
0.0
0.0
2.6
0.0
0.0
0.0
0.0
0.0
0.0
0.3
2.0
0.0
8.8
1.4
0.0
0.0
0.0
0.0
5.4
7.3
2.7
0.0
33.6
86.4
0.0
0.3
0.0
0.0
0.0
0.0
0.0
25.0
0.0
0.0
20.0
0.0
0.7
0.0
0.0
0.0
0.0
0.3
5.8
0.0
0.0
0.1
0.0
12.2
9.8
0.0
0.0
0.0
0.0
1.9
0.0
0.0
0.0
0.0
1.8
0.0
0.0
0.0
0.0
0.0
0.0
0.0
0.0
0.0
0.0
0.0
0.0
0.3
0.0
41.7
15.4
0.0
104.6
9.3
0.0
0.0
0.0
0.0
0.0
0.0
0.0
0.0
0.0
0.0
1.3
3.2
0.0
0.0
0.0
0.0
0.0
0.0
0.0
7.1
0.0
7.5
0.7
0.0
36.3
0.0
0.6
0.0
0.0
0.0
0.0
5.6
0.0
0.0
0.0
0.0
0.0
0.0
0.0
0.4
0.0
11.7
4.3
0.0
0.0
0.0
0.0
0.0
0.0
0.0
0.0
0.0
10.5
4.5
0.0
2.1
0.0
0.0
0.0
0.0
1.9
0.2
0.0
11.3
0.5
0.0
0.0
0.0
0.0
2.0
2.3
0.0
0.0
1.1
1.0
0.0
40.1
22.9
0.0
0.0
0.0
0.0
22.7
0.0
0.0
1.1
0.0
0.0
0.0
0.0
0.0
0.0
0.9
8.3
1.5
0.0
0.0
0.1
4.9
0.1
0.0
0.0
1.7
0.0
0.0
0.0
2.8
1.4
0.4
0.0
0.0
25.1
1.0
0.0
0.0
0.0
0.0
22.3
0.0
0.0
0.0
0.0
0.0
22.2
4.3
0.3
0.0
0.0
0.0
0.0
0.0
0.0
0.0
0.0
0.0
0.0
4.8
6.4
0.0
0.0
0.0
0.0
0.0
0.0
0.0
4.0
3.0
0.8
0.0
1.5
0.0
0.0
1.3
5.3
0.0
0.0
3.5
1.4
0.0
0.0
0.0
0.0
0.0
0.0
0.0
0.0
0.0
0.0
0.0
0.0
1.1
0.0
0.0
0.0
1.0
0.0
0.0
0.0
0.0
0.0
3.0
0.0
0.0
1.9
32.9
0.0
0.0
0.0
0.9
0.0
0.0
0.0
0.0
3.1
0.0
4.0
1.4
0.0
2.1
0.2
0.0
0.0
0.0
0.6
1.1
34.4
41.1
0.0
13.0
6.3
20.5
0.7
0.0
0.0
0.0
0.0
0.0
0.0
0.0
0.0
0.0
0.0
0.0
0.0
0.0
0.0
0.0
0.0
0.0
0.0
0.0
20.2
0.0
11.5
0.0
14.6
0.0
0.0
0.0
0.1
0.0
2.7
7.8
4.3
0.0
1.4
0.0
0.0
0.0
0.0
0.0
12.1
0.0
9.8
22.0
9.6
0.0
0.4
0.0
20.2
0.0
0.0
0.0
0.8
1.0
26.1
0.0
0.0
0.0
0.0
0.6
17.0
2.9
0.8
2.1
0.0
0.0
0.0
0.0
0.0
0.0
7.3
63.8
1.5
0.6
0.0
2.5
17.8
9.7
0.0
0.0
0.0
0.0
4.5
0.0
0.0
16.7
0.0
0.0
0.0
0.0
0.0
0.0
0.0
4.0
8.8
0.0
3.0
3.5
0.0
0.0
34.8
0.0
4.5
0.0
18.8
0.0
0.0
14.7
0.0
0.0
0.0
0.0
0.0
0.5
0.0
0.0
0.0
0.0
0.0
0.0
7.1
7.2
0.0
0.0
0.2
12.9
0.0
0.0
0.0
0.0
0.0
5.6
0.0
0.0
0.0
0.0
0.0
0.0
0.0
0.0
0.4
3.3
13.6
0.0
0.0
0.7
10.0
57.1
2.7
4.9
18.9
0.0
0.0
0.0
0.0
0.0
0.0
0.0
0.0
0.0
0.0
0.0
0.0
0.0
0.0
0.0
0.0
1.7
3.2
0.0
0.0
0.0
0.0
0.0
0.0
0.0
0.0
0.0
0.0
0.0
0.0
0.0
0.0
0.0
2.7
0.0
0.0
0.0
0.0
0.0
0.0
5.8
0.0
0.0
0.0
3.0
2.0
5.3
0.0
0.0
18.6
10.9
0.4
0.0
0.0
6.4
3.9
0.0
0.0
16.0
0.0
9.7
9.4
0.0
6.7
22.5
0.0
6.0
0.0
0.0
0.0
0.0
0.0
0.0
2.7
4.2
0.0
0.0
0.0
0.4
0.0
0.0
12.1
1.5
0.0
0.7
0.0
6.9
25.5
0.0
7.0
9.0
0.9
8.8
16.0
0.0
0.0
0.0
0.0
7.9
25.0
1.4
0.0
0.4
0.8
0.0
0.0
0.0
0.0
0.0
0.0
0.0
0.0
0.0
0.0
0.0
0.0
0.0
0.0
2.0
0.0
0.0
0.0
0.0
0.0
2.1
1.7
11.9
19.3
14.8
25.2
0.0
5.1
0.0
0.0
4.9
19.8
43.4
8.2
0.0
0.5
0.0
0.0
0.0
0.0
1.0
1.7
0.9
0.0
0.0
0.0
0.0
0.0
0.0
7.9
0.0
0.0
0.0
0.0
0.0
0.0
0.0
4.9
8.8
2.2
0.5
0.0
0.0
1.9
23.1
0.0
3.8
0.0
0.0
0.0
2.6
2.2
0.0
0.0
0.0
0.0
0.0
0.0
1.4
0.5
0.0
0.0
0.2
0.0
0.0
0.7
0.0
0.0
0.0
0.9
0.0
0.0
0.0
0.0
0.0
0.0
0.0
0.0
0.0
0.0
0.0
20.5
9.4
10.8
5.0
0.6
0.0
0.0
0.4
3.9
0.0
6.7
0.0
0.0
0.0
0.0
0.6
0.0
0.0
0.0
0.0
11.8
8.1
0.0
0.0
0.0
0.0
0.0
0.0
0.0
41.2
8.4
5.7
0.0
0.0
4.0
0.0
0.0
0.0
2.8
0.0
0.0
0.0
0.0
0.0
0.0
0.0
0.0
0.0
11.4
0.0
5.4
0.0
0.9
0.6
0.0
0.0
0.0
16.0
6.3
0.0
0.0
0.0
0.0
0.0
0.0
0.0
0.0
0.0
0.7
0.0
0.0
0.0
0.7
0.0
0.0
1.2
0.0
0.0
5.1
0.0
9.1
1.8
0.0
34.1
0.0
0.0
0.0
0.0
0.0
0.0
0.0
0.0
0.0
0.0
0.0
0.0
0.0
0.0
36.0
0.0
0.0
0.0
0.0
0.0
12.7
0.0
0.0
0.6
0.0
0.0
0.0
33.3
14.0
2.0
1.1
6.4
0.0
1.7
40.7
0.2
4.0
10.9
0.0
0.0
0.0
0.0
21.5
0.0
0.0
0.0
0.0
0.0
0.0
0.0
5.4
0.9
1.0
0.0
0.0
0.0
0.0
0.0
0.2
16.5
5.3
5.7
1.7
0.0
0.0
11.4
8.3
0.0
1.5
0.0
0.0
0.0
0.9
0.0
0.0
0.0
0.0
0.0
0.0
0.0
0.0
0.0
0.0
0.0
0.0
0.0
0.0
0.0
0.0
0.0
0.0
6.8
0.0
30.8
0.0
0.0
6.6
19.3
0.0
0.0
0.0
2.3
0.4
26.7
0.2
0.0
13.4
0.0
0.0
0.0
0.0
0.0
0.0
0.0
0.0
0.0
0.0
0.0
0.0
0.0
0.0
0.0
0.0
0.0
0.0
0.0
1.4
18.7
17.7
0.0
0.0
0.0
0.2
0.0
0.0
0.0
0.0
0.0
2.3
32.3
0.0
0.0
0.0
0.0
16.6
0.0
0.0
0.0
0.0
0.0
0.0
0.6
0.0
9.4
14.5
0.0
0.0
0.0
0.0
0.0
0.0
0.0
0.0
0.0
0.0
8.0
18.8
2.5
0.0
2.1
0.9
0.0
2.6
0.0
0.0
0.5
0.0
9.7
0.0
0.0
0.0
0.0
1.7
2.6
0.0
0.0
0.0
0.0
0.0
0.0
0.0
0.0
0.0
3.6
0.1
0.0
0.6
2.7
0.0
6.7
0.0
0.0
0.6
0.0
0.0
0.0
0.0
0.0
0.0
0.0
4.7
0.0
0.5
5.3
0.0
3.8
4.6
1.7
0.0
0.0
8.5
0.0
0.0
0.0
0.0
0.0
0.0
0.0
17.3
0.0
0.0
0.0
0.0
0.7
2.3
0.0
0.0
0.0
0.0
0.0
0.0
0.0
0.7
0.0
0.0
0.0
16.3
7.3
0.0
0.0
0.0
0.0
0.0
0.0
0.0
0.0
0.0
0.0
0.0
0.0
0.0
0.0
0.0
0.0
3.8
0.3
4.2
20.9
17.4
0.0
22.6
3.6
0.0
0.0
0.0
0.0
0.0
0.0
0.0
1.9
1.3
0.0
0.0
1.2
0.0
0.0
6.7
0.4
0.0
12.9
0.0
0.0
13.5
0.6
0.0
2.3
26.7
0.4
0.0
0.0
0.0
1.7
0.0
6.1
0.6
0.8
13.1
0.0
12.8
0.4
0.0
0.0
0.0
0.0
0.7
3.3
0.0
0.0
0.0
10.6
3.2
8.7
0.0
0.7
0.0
0.0
0.0
0.0
0.0
0.0
15.6
1.5
2.4
2.5
2.5
5.4
0.6
4.6
0.0
0.0
0.0
0.0
0.0
0.0
6.3
2.8
0.0
0.0
0.3
0.0
0.0
9.0
1.7
0.0
0.0
0.0
0.0
0.0
0.0
0.0
0.0
3.8
0.0
0.0
0.0
0.0
0.0
0.0
2.6
5.6
0.3
0.0
0.0
0.0
0.0
0.0
0.8
0.8
0.0
0.0
0.0
1.3
0.0
0.4
9.6
3.7
0.0
0.0
0.0
2.8
0.0
36.2
17.2
18.2
0.0
0.0
0.0
0.0
0.0
0.0
1.4
8.4
8.5
0.0
0.0
0.0
0.0
73.0
28.9
0.0
0.0
0.0
0.0
0.0
0.0
0.0
0.0
0.0
5.2
0.3
13.5
11.5
11.6
0.0
0.0
8.8
1.0
0.0
0.0
3.4
5.6
0.0
0.0
0.0
0.0
0.0
0.0
0.0
12.4
25.0
2.4
0.8
0.6
2.3
0.0
0.0
0.0
1.4
5.9
2.3
1.9
0.0
0.0
0.0
18.6
0.9
0.0
0.0
0.0
0.0
12.7
0.3
0.0
0.0
3.9
0.5
1.9
0.8
0.0
0.0
0.0
0.0
0.0
0.0
0.0
10.1
0.0
0.0
0.0
0.0
0.0
0.0
0.0
7.2
1.2
0.0
0.0
0.0
0.0
53.4
0.0
0.3
0.0
0.0
7.8
0.0
0.0
0.0
5.1
7.4
2.3
0.0
0.0
0.0
0.0
0.0
0.0
0.0
0.0
0.0
2.8
0.0
0.0
0.0
19.6
0.0
0.0
0.0
8.3
11.0
5.2
0.0
0.0
0.1
0.0
0.0
0.0
0.0
0.0
0.0
0.0
0.0
0.0
18.1
39.0
2.9
0.0
0.0
0.0
0.0
0.0
0.0
0.0
0.0
2.5
13.7
2.8
0.0
0.0
0.0
0.0
3.2
0.0
0.0
21.0
23.8
1.6
0.0
0.0
0.0
0.0
0.0
0.0
0.0
18.7
4.0
0.6
0.0
0.0
18.7
1.2
0.0
2.4
0.0
0.0
0.0
1.2
24.0
1.6
24.3
0.2
0.0
0.2
0.0
0.0
3.8
0.0
0.0
2.5
0.0
0.0
0.0
0.0
0.0
0.0
0.0
0.3
0.0
0.0
0.0
0.0
0.0
10.1
0.0
0.0
0.0
0.0
0.0
9.8
11.9
0.0
0.0
5.0
0.7
0.0
0.0
0.0
0.0
0.0
0.0
23.3
0.0
0.0
0.0
3.6
1.7
0.0
0.0
0.0
0.0
0.0
0.0
0.0
1.0
0.0
0.0
0.0
0.0
7.8
0.0
0.0
0.0
6.8
2.6
0.5
6.5
16.8
8.9
0.7
0.0
0.0
0.0
3.5
0.0
6.6
2.3
0.0
0.0
11.9
0.0
0.0
0.0
0.0
0.0
0.0
11.6
6.1
0.0
0.0
5.4
0.0
0.0
0.0
0.0
0.0
0.0
0.0
0.0
0.0
25.1
14.4
5.6
0.0
0.0
0.0
0.0
0.0
0.0
0.0
1.3
0.0
0.0
0.0
0.0
0.0
0.0
0.0
0.0
0.0
0.0
17.5
0.0
0.0
0.0
0.0
0.0
0.0
0.0
0.0
0.9
0.1
42.9
0.7
0.0
0.0
0.0
2.8
4.0
3.3
0.0
3.6
0.3
0.0
0.0
0.0
0.0
0.0
0.0
0.0
0.0
0.0
0.0
0.0
0.0
25.8
0.0
0.0
13.9
48.1
15.4
10.9
0.0
19.0
12.6
35.0
0.0
0.0
0.0
0.0
0.1
0.0
0.0
0.0
0.0
0.0
1.6
0.0
0.0
13.8
0.0
0.6
0.0
16.3
25.8
3.2
1.3
0.0
0.0
0.0
0.0
0.0
0.0
0.0
15.3
0.5
0.0
0.0
0.0
0.0
0.0
0.0
11.4
0.0
0.0
0.0
0.0
0.0
0.0
0.0
0.0
1.2
9.1
0.0
3.6
0.0
1.1
1.6
20.7
0.0
0.8
0.0
10.3
0.0
0.0
0.0
0.0
0.1
0.0
0.0
0.0
0.0
0.0
0.0
0.0
10.5
3.1
8.9
0.0
5.4
0.0
0.0
0.0
0.0
0.0
0.0
0.0
0.0
0.0
0.0
0.0
0.0
0.0
3.4
1.8
0.0
0.0
0.0
0.0
3.2
0.0
21.5
0.0
0.0
0.0
0.0
0.0
3.3
0.0
0.0
0.0
0.0
0.0
0.0
14.2
0.0
25.0
3.4
0.0
0.0
0.0
10.2
0.0
0.0
0.9
10.5
0.0
0.0
0.0
0.0
0.0
0.0
0.0
0.0
0.0
0.0
0.0
0.0
0.0
0.0
12.4
0.0
16.4
0.0
0.0
0.0
0.0
0.0
1.0
0.6
13.9
41.7
0.0
0.0
0.0
8.8
1.7
0.0
0.0
0.0
0.0
7.0
8.0
0.0
2.0
0.0
3.6
0.0
8.0
3.8
7.4
11.0
0.0
0.0
1.1
16.1
0.0
0.0
0.0
0.0
4.5
0.4
2.7
0.0
0.0
0.0
3.0
0.0
4.6
0.0
0.0
1.4
1.6
0.0
0.0
5.3
1.9
0.0
57.3
4.4
2.2
4.9
0.0
0.0
0.0
0.0
0.0
0.0
0.2
0.0
0.0
0.0
0.7
0.0
0.0
0.0
0.0
0.0
0.0
0.0
8.5
0.0
18.2
0.3
0.0
11.7
27.5
59.3
2.2
0.3
1.1
0.0
0.5
0.0
0.0
0.0
0.0
0.0
21.3
1.5
0.0
0.4
0.0
3.2
5.7
0.0
0.0
6.9
0.0
0.0
2.2
0.0
0.0
3.5
4.9
9.7
0.0
0.0
0.0
0.0
0.0
0.0
0.0
0.0
1.4
0.3
0.8
0.0
20.6
14.0
0.0
0.0
0.0
0.0
0.0
0.0
0.0
6.0
14.2
0.0
0.0
1.4
9.0
0.0
0.9
2.0
0.0
0.0
0.0
0.0
5.8
0.9
26.3
0.7
1.5
0.4
0.0
0.0
0.0
0.0
2.8
0.0
0.0
0.0
0.0
0.0
0.2
22.5
0.0
1.1
4.5
0.0
0.0
16.1
12.9
0.0
0.0
0.0
0.0
25.7
5.9
0.0
24.4
2.0
0.0
12.2
0.0
18.2
0.0
0.0
0.0
14.6
0.0
0.0
0.2
17.3
0.0
0.5
0.0
11.8
0.0
0.0
46.6
0.0
0.0
30.6
87.0
0.8
0.0
8.6
11.9
1.4
2.5
0.0
0.0
0.0
0.0
0.0
3.4
0.0
0.0
0.0
0.0
0.0
3.2
0.9
0.0
14.1
0.0
0.3
11.6
0.0
0.0
0.8
0.0
1.9
14.8
0.0
0.0
17.4
2.4
56.1
0.0
1.4
24.4
32.7
0.0
0.0
0.0
0.0
0.0
14.0
0.2
2.8
20.9
0.0
0.0
0.0
0.0
0.0
2.4
0.0
20.0
0.1
0.0
0.1
0.0
0.2
0.0
2.3
0.0
0.0
0.0
0.6
0.0
0.0
0.0
0.2
0.0
0.0
0.0
0.0
0.0
0.0
0.0
0.5
5.7
0.0
0.0
0.0
0.0
0.0
13.4
0.0
0.0
0.0
0.0
0.0
3.2
70.8
0.0
4.9
0.3
4.5
0.0
0.0
17.5
8.5
11.6
106.6
0.4
0.0
0.0
0.0
0.0
2.4
0.0
0.0
0.0
0.0
0.0
0.0
0.0
0.0
3.0
0.0
0.0
0.0
0.0
0.0
0.0
0.0
29.6
0.0
0.0
0.0
0.0
0.0
0.0
0.0
3.9
0.0
5.3
0.0
0.0
0.0
0.0
0.0
26.6
5.2
0.0
0.0
0.0
0.0
0.0
0.0
0.0
0.0
0.0
0.0
0.0
0.0
2.1
0.0
0.0
0.0
0.0
3.3
1.1
2.1
6.3
0.0
0.0
0.0
0.0
0.0
0.0
0.0
0.0
0.8
0.0
0.0
0.0
0.0
0.0
6.7
3.5
0.3
0.0
0.2
0.0
0.7
0.2
0.0
13.6
2.2
0.0
0.0
0.0
0.2
4.7
0.0
3.9
0.0
33.8
0.0
0.0
0.0
0.0
28.7
4.1
0.0
1.8
44.1
0.0
0.0
0.0
0.0
0.0
0.0
0.0
0.2
0.0
0.7
0.0
0.0
1.0
0.0
0.6
0.1
5.4
0.0
0.0
0.0
0.0
0.4
0.0
0.0
0.0
0.0
0.0
0.0
1.3
0.0
4.5
0.0
0.0
0.0
0.0
0.0
1.0
0.0
0.0
0.0
0.0
0.0
0.0
3.4
11.6
11.8
0.0
0.4
0.0
0.0
0.0
2.2
1.0
0.0
0.0
0.0
0.0
0.0
0.0
0.0
7.0
0.0
0.0
0.0
0.0
0.0
0.0
0.0
0.0
9.3
0.7
18.0
34.3
0.0
0.0
0.0
0.0
0.0
0.0
0.0
0.0
0.0
0.0
0.0
0.0
0.0
4.3
0.0
0.0
0.0
14.3
0.0
1.5
10.7
0.0
18.8
0.0
0.8
14.5
1.0
0.0
0.0
9.4
0.0
0.0
14.5
9.9
0.3
0.0
0.0
0.0
2.5
18.5
3.6
0.8
0.0
0.0
0.0
0.0
0.0
36.1
2.0
12.2
8.9
3.1
0.0
0.0
0.0
0.0
0.0
6.1
3.0
0.0
0.3
0.0
10.2
45.0
0.0
42.3
0.0
0.0
0.0
0.0
0.0
0.0
0.0
0.4
0.0
6.3
0.5
0.3
1.0
0.0
0.0
0.0
0.3
5.1
8.6
0.0
0.0
0.0
3.6
2.3
0.5
11.7
1.8
0.0
0.0
0.0
0.0
3.3
48.5
1.8
22.4
0.0
0.3
0.0
0.0
0.0
1.3
0.0
3.6
0.0
0.0
0.0
0.0
0.0
2.6
28.6
0.0
0.0
20.6
17.3
0.0
0.0
6.3
0.0
0.0
18.3
0.0
0.0
0.0
0.3
0.0
0.0
0.0
0.0
0.0
23.1
0.0
0.0
0.0
9.9
0.0
0.0
0.0
1.0
0.0
2.5
22.1
0.0
0.0
3.3
0.0
0.0
0.0
0.0
0.0
0.0
0.0
0.0
5.3
4.3
0.0
13.5
0.0
5.8
0.0
0.0
0.0
0.0
0.0
132.6
3.4
0.0
0.0
0.0
0.0
0.0
0.0
0.0
1.3
0.0
0.0
0.0
0.0
0.0
0.0
0.0
0.0
0.0
0.0
0.0
0.0
0.0
0.0
5.0
0.0
11.6
0.0
1.0
4.8
0.5
0.0
0.0
0.0
0.0
16.3
1.5
0.8
0.0
4.3
2.3
0.0
47.8
9.9
0.0
3.6
0.3
10.0
10.2
1.8
0.5
0.0
0.0
0.0
0.0
0.0
51.4
1.8
0.0
1.2
3.2
7.1
0.3
21.6
24.6
0.0
0.0
0.0
0.3
0.0
0.0
0.0
0.0
0.0
0.0
0.0
0.0
0.0
0.0
0.0
26.2
22.9
17.0
3.0
2.8
0.0
0.0
0.0
0.0
13.0
1.0
0.7
0.0
0.0
1.0
0.0
0.0
0.8
0.0
0.0
0.0
0.3
0.0
24.6
0.0
0.0
0.0
7.6
0.0
0.0
0.0
0.0
0.0
0.3
0.0
1.0
0.0
5.8
15.5
35.1
0.7
13.4
3.6
0.0
0.0
2.0
0.0
0.0
0.0
0.0
0.0
0.0
8.1
1.3
0.0
0.0
0.0
0.0
0.0
0.0
0.0
0.0
0.0
0.0
0.3
0.0
4.1
9.7
0.0
10.3
0.0
1.3
0.0
1.8
0.0
0.0
0.0
0.0
0.0
0.0
0.0
3.3
5.1
0.0
0.0
7.4
0.5
0.0
0.0
0.0
0.0
2.0
0.4
0.0
0.0
0.0
3.2
3.7
18.1
0.0
0.0
0.0
0.0
0.0
0.0
0.0
0.0
0.0
0.0
0.0
0.0
0.0
4.3
0.3
0.5
6.3
1.0
14.2
6.2
0.3
0.3
0.0
0.0
0.0
0.0
0.3
3.0
0.0
0.0
2.5
12.4
0.0
7.9
15.0
0.0
0.0
0.0
0.0
3.3
5.4
0.0
3.0
2.3
1.3
0.0
0.0
0.0
0.0
0.0
0.0
0.0
0.0
0.0
0.0
0.0
0.0
0.0
1.0
0.0
7.6
7.7
12.2
0.0
0.0
0.0
0.0
1.5
17.0
0.3
20.6
0.0
0.0
0.0
0.0
0.0
0.0
35.8
0.8
6.9
3.0
0.3
0.0
14.5
18.5
0.0
0.0
8.4
3.0
0.0
0.0
0.0
0.0
0.0
0.0
0.0
0.0
0.0
4.3
17.8
0.3
0.0
7.9
18.8
0.0
0.0
48.5
0.0
0.0
0.3
13.0
16.8
5.8
48.8
0.0
0.0
41.9
0.0
0.3
10.2
15.0
18.3
0.0
0.3
0.0
0.3
0.0
0.0
0.0
0.0
0.0
0.0
0.0
0.0
0.0
0.8
0.0
0.0
0.0
0.3
0.0
0.0
0.0
0.0
0.0
0.5
0.0
28.7
2.3
3.8
3.6
0.0
18.8
0.0
0.0
0.0
0.3
0.0
0.0
0.0
0.0
0.0
0.0
0.0
0.0
0.0
0.0
0.0
0.3
0.0
0.0
0.0
10.2
0.0
0.0
0.0
0.3
0.0
0.0
15.2
0.0
0.0
0.0
0.0
0.0
0.0
0.0
0.0
0.0
0.0
0.0
30.7
25.7
0.0
0.0
0.0
0.0
0.0
0.0
0.0
3.8
0.0
0.0
0.0
0.0
1.8
0.0
0.0
1.5
0.3
0.0
7.9
5.8
1.3
0.3
3.8
0.0
0.0
0.0
0.0
0.0
5.6
0.3
0.0
0.0
0.0
0.0
0.0
0.0
0.0
0.0
0.0
0.0
5.3
0.0
0.0
0.0
0.0
0.0
0.0
0.0
0.0
0.0
0.8
33.3
4.6
0.3
0.0
0.0
0.0
0.0
0.0
0.0
0.0
0.0
1.2
0.0
0.0
0.0
0.0
0.0
0.0
0.0
0.0
0.8
0.0
0.5
0.0
0.0
0.0
0.0
0.0
1.3
19.8
0.0
32.3
6.3
0.0
0.0
0.0
22.4
0.3
0.0
0.0
13.5
2.0
0.0
0.0
0.0
0.0
0.5
0.0
18.3
1.0
0.0
0.0
9.1
0.3
0.0
0.0
0.0
2.8
0.0
0.0
0.0
10.4
0.0
0.0
0.0
0.0
0.5
0.0
3.8
0.0
0.0
0.0
0.0
0.0
0.0
0.5
0.0
0.0
4.3
2.3
0.0
0.0
0.0
0.0
0.0
3.6
1.0
2.3
1.8
0.0
0.0
2.3
0.0
0.0
0.0
0.0
0.0
0.0
0.0
8.6
27.4
0.0
0.0
0.0
3.9
0.0
0.0
0.0
0.0
0.0
0.0
0.0
0.0
0.0
0.0
0.0
0.0
0.0
7.9
1.9
6.9
0.0
2.4
3.2
0.0
0.1
8.9
0.0
0.0
0.0
0.2
31.0
0.5
0.0
0.0
9.9
0.3
0.0
0.0
0.0
0.0
8.4
0.3
0.0
0.0
0.3
1.0
2.3
0.0
5.3
1.0
0.0
0.0
0.0
0.0
0.0
0.0
0.0
0.0
0.8
0.0
10.4
0.3
0.0
0.0
18.3
3.0
0.0
14.0
0.0
0.0
0.0
0.0
10.2
1.3
0.0
20.6
34.3
0.0
3.0
25.7
0.0
0.4
34.0
3.8
9.9
0.3
0.0
0.0
4.0
0.0
0.0
0.0
6.1
0.8
0.0
0.0
0.0
0.0
0.0
0.0
18.2
6.9
3.6
0.0
0.0
0.0
0.0
0.0
3.3
5.6
0.0
0.3
55.4
3.0
0.0
32.8
0.0
0.0
0.0
0.0
2.0
0.0
0.0
31.8
0.0
0.0
0.0
0.0
10.7
0.0
0.0
0.0
13.5
7.9
0.0
0.0
0.0
4.1
5.1
9.9
0.5
0.5
0.3
2.3
17.3
0.0
0.0
0.0
0.3
0.0
0.0
2.0
0.0
0.0
0.0
1.0
0.0
0.0
0.0
0.0
7.4
0.3
0.0
0.0
0.0
0.0
0.0
0.0
0.0
0.0
0.0
0.0
28.3
0.0
0.0
0.0
0.0
0.0
0.0
0.0
0.0
0.0
0.0
0.0
0.0
0.0
0.0
2.3
0.0
0.0
0.0
0.0
7.7
0.0
0.0
0.0
0.0
0.0
0.0
1.0
0.0
0.0
21.0
0.1
0.0
0.0
0.0
0.0
0.0
1.8
0.0
0.0
0.0
1.8
1.3
0.0
0.0
0.0
14.7
0.3
0.0
0.0
0.0
0.0
13.7
0.0
0.0
0.5
9.1
0.5
0.0
0.0
0.0
0.0
0.0
9.1
20.1
1.8
0.0
0.3
0.0
0.0
0.0
0.0
0.0
0.0
0.0
0.0
0.0
0.0
0.0
0.0
17.0
4.1
0.0
0.0
0.0
3.3
4.6
19.0
0.3
0.0
0.0
0.5
0.0
0.0
1.8
0.3
0.3
0.0
1.7
0.0
0.0
7.9
21.9
0.0
0.0
1.8
6.1
8.6
0.3
0.0
0.0
0.3
0.0
21.1
0.3
0.0
0.0
0.0
0.0
0.0
0.8
21.1
0.0
0.0
0.0
14.7
0.8
16.3
0.0
0.0
0.0
0.0
5.6
0.5
0.3
0.0
0.0
0.0
0.0
0.0
0.0
0.5
4.3
21.8
0.3
0.0
0.0
0.0
17.0
2.8
0.5
0.0
0.0
0.0
0.0
6.6
0.0
0.0
0.3
2.8
0.8
0.5
0.0
0.0
0.0
0.0
0.0
0.0
0.0
0.0
0.0
0.0
1.8
0.0
0.0
0.0
32.3
0.3
0.0
0.0
2.0
0.0
16.8
0.3
0.0
5.6
6.3
1.5
0.0
0.0
0.0
0.8
0.0
0.0
7.9
8.4
0.0
0.0
0.8
0.0
0.0
1.0
0.0
0.0
2.5
0.0
4.6
0.0
0.0
0.0
0.0
2.4
0.0
0.0
0.7
0.0
0.0
0.0
0.0
4.8
0.0
0.0
4.6
0.0
0.8
0.0
0.0
4.8
1.5
0.0
0.0
2.5
0.0
0.0
0.0
0.0
0.0
6.9
0.0
0.0
0.0
0.0
0.0
1.5
0.0
0.0
0.0
0.0
0.0
1.3
0.0
14.2
0.0
0.0
0.0
0.0
0.0
0.0
0.0
0.0
0.0
0.0
0.0
0.0
0.0
7.1
16.5
0.0
0.0
0.0
0.0
1.0
0.0
0.0
0.0
0.0
0.3
0.0
4.3
0.3
24.4
3.3
8.9
3.6
0.0
0.3
0.0
28.8
1.8
0.0
0.0
0.0
0.0
0.0
0.0
0.0
0.0
0.0
0.0
0.0
0.0
3.3
0.0
0.0
0.0
0.0
0.0
0.0
0.0
0.0
0.0
0.0
10.7
0.3
1.0
0.8
2.0
0.0
0.0
0.0
0.0
0.0
0.0
0.3
0.0
0.0
0.0
0.0
20.0
0.0
0.0
0.0
0.0
6.4
0.0
0.0
1.5
0.0
0.0
0.0
0.0
0.0
1.3
0.0
0.0
0.0
0.0
0.0
0.0
0.0
36.1
0.0
0.0
0.0
0.0
0.0
2.5
0.0
0.0
0.0
0.0
0.0
0.0
0.0
0.0
0.0
0.0
0.0
0.7
0.8
0.0
0.0
0.0
0.0
0.0
0.0
0.0
30.2
0.0
0.0
0.0
0.3
9.7
0.0
0.0
9.7
3.3
0.0
0.0
55.9
0.0
0.0
0.0
0.0
0.0
0.0
0.0
0.0
0.0
68.8
0.0
0.0
0.0
0.0
17.8
75.6
3.1
0.0
0.0
0.5
0.0
25.9
0.0
0.0
0.0
0.0
0.0
3.6
0.0
0.0
0.0
5.1
0.0
0.0
0.0
12.9
0.0
0.0
2.8
5.8
2.5
0.0
0.0
0.0
0.0
0.0
3.0
1.3
18.3
5.0
0.0
0.0
0.0
1.0
0.0
0.0
0.0
42.4
1.0
0.0
0.0
12.4
4.1
8.6
0.0
0.0
29.2
1.8
0.0
9.7
0.0
0.0
0.0
0.0
0.0
0.0
0.0
0.0
1.0
0.0
0.0
3.2
0.0
0.0
0.0
0.0
16.5
0.0
0.0
0.0
0.0
0.0
0.0
0.0
0.0
0.0
0.0
2.3
0.0
0.0
0.0
0.0
0.0
0.0
0.0
0.0
2.8
0.0
7.9
0.3
0.0
2.8
3.0
3.3
2.8
0.0
0.0
0.0
0.0
3.3
3.3
0.3
1.8
0.0
22.6
1.3
0.0
0.0
0.0
0.0
0.0
0.0
0.0
0.0
0.0
0.0
3.3
0.0
0.0
0.0
0.0
0.3
0.0
0.0
0.0
0.0
14.2
0.0
16.0
0.5
0.0
0.0
0.0
0.0
0.0
0.0
0.0
0.0
0.0
0.0
1.0
0.0
0.0
3.3
0.3
28.7
1.0
0.0
1.8
0.5
0.0
0.0
0.0
0.0
6.9
0.0
4.1
7.6
0.0
0.0
0.0
0.0
0.0
0.0
0.0
9.1
0.0
0.0
14.2
0.0
0.0
0.0
17.0
19.8
1.0
0.5
0.3
0.0
0.0
0.0
7.1
0.0
0.0
0.0
1.5
2.8
0.3
0.5
0.0
0.0
0.0
0.0
1.0
0.3
0.0
0.0
0.0
0.0
0.5
15.0
0.0
0.0
0.0
0.0
0.0
0.0
0.6
0.0
0.0
0.0
0.0
0.0
0.3
1.1
0.4
0.0
66.8
0.5
0.0
0.4
0.0
21.6
13.7
0.3
64.5
0.5
0.0
0.0
0.0
10.9
2.0
0.0
0.0
14.5
0.0
0.0
0.0
0.0
11.7
2.8
3.3
0.4
0.0
0.0
0.0
18.5
0.0
0.0
0.0
0.0
0.0
0.0
0.0
0.0
0.0
0.0
20.3
0.3
1.3
0.8
0.0
6.9
11.2
19.3
0.5
0.0
16.3
40.4
9.9
0.8
0.0
0.0
0.0
0.0
0.0
0.0
0.7
0.0
0.0
0.4
0.0
0.0
6.4
0.0
0.0
0.0
0.0
0.0
1.8
45.8
11.4
2.8
53.6
0.8
0.0
1.0
9.9
0.3
0.0
5.6
0.3
0.0
0.0
0.3
0.0
0.3
0.3
41.7
0.0
0.0
0.0
0.0
0.0
0.0
0.0
0.0
0.8
0.0
13.5
0.3
0.0
0.0
0.0
1.6
0.0
0.0
0.3
6.9
0.5
0.0
5.3
0.0
0.0
0.0
0.0
1.0
0.0
0.0
0.0
0.0
1.5
0.0
0.0
0.0
0.0
0.0
0.0
0.0
0.0
0.8
0.0
0.0
0.0
0.0
0.0
0.0
0.0
0.0
0.0
1.5
0.0
0.0
0.0
0.0
0.0
0.0
0.5
0.0
0.0
0.0
2.5
0.3
0.0
0.0
1.8
0.0
0.0
0.8
10.2
4.3
0.0
0.0
0.0
0.0
0.0
0.0
0.0
2.0
0.0
0.0
0.0
0.3
8.9
0.0
6.6
0.8
0.0
0.0
0.0
0.0
0.0
0.5
0.0
0.0
1.2
1.0
0.5
6.1
0.0
0.0
0.0
14.5
0.5
0.3
0.0
0.0
0.0
0.0
1.5
28.7
15.0
0.2
0.0
0.0
0.0
4.8
3.8
0.0
0.0
0.0
0.0
1.8
0.0
0.0
0.0
0.0
0.5
10.7
0.0
0.0
1.0
10.7
0.3
0.0
0.0
0.0
0.0
0.0
0.0
0.0
0.0
0.0
0.3
0.0
0.3
0.0
0.0
0.0
2.8
0.0
0.0
0.0
0.0
16.5
2.5
1.8
0.0
0.0
0.0
1.5
4.8
20.8
0.3
0.0
0.0
0.0
0.0
0.0
0.0
0.0
0.0
0.0
4.6
0.0
0.0
0.8
5.8
0.0
0.0
0.0
0.8
20.6
0.0
0.0
0.0
1.0
0.3
1.0
0.0
2.0
0.0
1.8
0.0
0.0
0.0
1.0
0.0
0.0
0.0
0.0
0.0
0.0
12.4
9.9
0.0
0.0
15.2
0.0
0.0
0.3
0.8
0.0
0.0
0.0
0.0
0.0
5.3
1.0
0.0
16.0
0.0
1.8
3.6
0.0
6.1
0.0
0.0
0.0
0.0
0.0
0.0
3.6
0.0
0.0
0.0
0.0
0.0
0.0
0.0
0.0
0.0
16.0
0.0
0.0
0.0
0.0
0.0
0.0
3.0
0.0
0.0
0.0
0.0
0.0
0.5
0.0
6.3
7.5
0.0
0.0
0.0
0.0
0.5
33.3
4.1
0.3
0.0
0.0
14.2
0.0
0.0
0.0
0.0
0.0
12.2
2.8
0.0
0.0
0.0
0.0
0.0
0.0
0.0
0.0
0.3
6.9
0.0
0.0
22.4
11.9
3.3
0.3
0.0
0.0
0.0
0.0
0.0
0.0
0.0
5.3
0.3
8.9
0.0
34.8
0.8
14.7
8.9
1.8
0.0
0.0
0.0
0.0
18.8
0.0
0.0
0.0
0.0
0.0
0.0
0.8
0.0
0.0
0.0
13.2
0.8
35.1
1.0
0.0
0.0
44.2
0.0
5.8
11.6
0.0
0.0
0.0
0.0
0.3
0.0
0.0
0.0
9.7
0.0
6.2
15.4
46.6
4.1
0.0
0.0
0.0
0.0
21.3
48.5
0.0
0.3
0.0
0.0
4.1
0.0
15.7
0.0
0.0
0.0
162.8
11.2
0.0
7.9
0.0
0.0
0.0
0.0
0.0
0.0
0.0
0.0
0.0
0.0
1.5
6.6
0.5
0.0
0.0
0.0
0.0
0.0
0.0
0.0
9.7
0.0
0.0
0.0
0.0
0.0
0.0
2.9
0.0
0.0
0.0
0.0
3.8
0.0
0.0
0.0
23.9
0.8
9.1
6.9
0.0
7.1
0.0
2.0
3.3
19.0
0.6
0.0
1.0
0.0
0.0
0.3
15.5
0.0
0.0
0.0
32.8
72.1
0.0
2.0
0.0
0.0
13.7
0.0
0.0
0.0
0.0
19.3
0.0
0.0
0.0
0.0
0.0
0.0
0.0
0.0
0.0
0.0
15.4
14.8
2.3
0.3
1.3
1.6
0.5
0.0
2.5
0.0
0.0
4.3
21.8
2.1
6.1
0.0
0.0
0.0
0.0
0.0
0.0
0.0
0.0
0.0
0.0
0.0
10.2
0.0
0.0
2.0
0.0
0.0
0.0
5.3
6.3
0.8
0.0
0.0
0.0
0.0
0.0
3.6
0.0
0.3
0.0
0.0
1.5
0.0
0.0
0.0
0.0
2.8
3.0
32.5
0.0
0.0
0.0
0.0
0.0
0.0
0.0
0.0
0.0
0.0
1.5
9.1
0.0
0.3
2.3
0.0
0.0
0.0
0.0
0.0
0.0
4.6
0.0
0.0
0.3
0.0
0.0
0.0
14.2
3.0
2.5
0.0
2.0
1.0
0.0
0.0
0.0
0.0
0.0
5.6
10.2
0.9
6.7
0.0
0.0
0.3
0.0
0.0
7.6
0.0
0.0
0.0
0.0
0.0
0.0
0.0
0.0
0.0
0.0
0.0
0.0
0.0
3.0
1.3
0.0
0.0
0.0
0.0
11.2
8.4
0.0
0.0
2.5
0.0
0.0
0.0
0.0
0.0
0.0
0.0
0.0
0.0
0.0
0.0
0.0
0.0
0.0
0.0
5.8
0.0
0.0
0.0
0.0
2.8
0.0
0.0
16.8
2.5
0.5
0.5
0.0
0.0
0.0
0.0
0.0
0.3
1.3
0.0
0.5
0.3
0.0
0.0
0.0
0.0
0.0
3.3
0.0
0.0
0.0
1.3
13.0
13.5
0.3
0.0
0.0
1.8
0.0
0.0
0.0
2.3
1.8
0.0
0.0
1.5
18.8
1.5
8.1
0.0
0.0
0.8
1.3
0.0
0.5
0.0
0.0
0.0
12.4
0.3
3.3
0.0
0.0
5.3
11.4
0.0
0.0
0.0
1.0
0.0
0.0
0.0
7.9
2.5
0.0
0.0
0.8
7.6
3.3
12.9
9.5
0.0
0.0
6.1
1.5
3.0
0.0
0.0
0.0
1.0
0.0
0.0
0.0
0.0
0.8
4.6
0.0
0.0
20.1
32.3
0.3
0.0
0.0
0.0
0.0
0.0
0.0
53.8
0.3
0.0
0.0
5.6
19.8
36.6
7.1
13.7
2.0
4.3
1.0
0.3
5.4
0.0
0.0
0.5
51.6
0.3
47.0
0.0
12.2
0.3
0.0
0.0
0.0
0.0
0.0
0.0
16.5
0.3
48.5
0.8
0.0
15.0
0.0
0.0
0.0
0.0
2.3
0.0
0.0
3.8
22.4
0.0
0.0
0.0
0.0
0.5
0.0
0.0
15.3
0.0
0.0
0.0
0.0
0.0
0.0
0.0
0.3
0.0
0.0
5.1
19.3
0.0
0.0
0.0
0.0
0.0
0.0
0.0
10.9
14.0
0.8
0.0
0.0
0.0
0.3
0.0
0.0
0.0
0.0
0.8
5.3
0.0
9.9
7.9
0.0
0.0
14.0
0.0
0.0
0.0
22.6
0.0
9.4
1.3
0.0
0.0
0.0
0.0
0.0
27.7
56.9
0.0
0.0
0.0
0.0
0.0
0.0
0.0
0.0
0.5
0.0
0.0
0.0
0.0
0.0
0.0
0.0
0.0
0.0
0.0
1.3
0.0
0.0
0.0
0.3
0.0
0.0
0.0
0.0
0.0
0.0
0.0
0.0
0.0
0.0
0.3
0.0
0.0
5.8
19.3
2.0
0.0
1.8
10.2
0.0
0.0
0.0
0.0
3.3
0.0
0.0
0.0
0.0
0.0
7.6
0.0
0.0
0.0
0.0
19.6
29.2
0.3
0.0
8.1
8.1
0.0
0.0
0.0
2.8
18.0
12.5
0.0
0.3
13.0
0.8
1.3
0.0
0.0
0.0
1.5
0.0
0.0
0.0
0.0
0.0
0.5
21.8
2.5
1.0
0.8
0.0
0.0
0.0
19.8
0.0
0.3
16.5
0.3
0.0
65.0
22.9
37.1
0.0
0.0
0.0
0.0
0.0
0.0
0.0
0.0
0.0
1.5
5.6
10.7
0.0
0.0
0.0
0.0
0.0
5.3
0.5
0.0
0.0
5.8
0.0
0.0
0.0
0.0
0.0
0.0
0.0
0.0
0.0
0.0
0.0
0.0
0.0
17.5
0.0
0.0
0.0
0.0
0.0
0.3
0.5
0.0
0.0
0.0
0.0
3.3
0.0
0.0
0.0
0.0
0.0
0.0
0.0
0.0
2.5
4.1
0.0
0.0
0.0
0.0
0.0
0.0
0.0
3.3
0.0
0.0
0.5
2.0
0.0
2.3
0.3
0.0
13.2
14.5
0.3
0.3
0.0
0.0
0.0
1.7
0.0
0.0
0.0
18.3
8.4
0.0
0.0
6.9
0.0
0.0
40.9
4.8
0.3
0.0
0.0
0.0
0.0
30.0
0.3
0.5
0.5
9.1
0.0
0.0
0.0
0.0
0.0
0.0
0.0
0.0
0.0
14.2
0.8
0.0
0.0
0.0
0.0
0.0
10.7
0.0
10.9
15.0
3.8
0.0
3.6
0.0
0.0
0.0
4.2
11.0
19.0
4.7
15.0
0.3
7.9
0.0
0.0
1.5
0.8
0.0
0.0
0.8
0.0
0.0
0.0
0.0
0.0
8.6
6.4
0.0
0.0
0.8
10.9
4.6
0.0
10.2
9.1
0.0
0.0
0.0
0.0
0.5
0.0
0.0
0.0
2.6
12.5
0.4
0.0
0.0
0.0
0.0
37.2
38.5
7.5
0.0
0.0
0.0
0.1
0.0
0.0
0.0
13.7
0.0
1.0
13.0
0.3
15.0
4.8
0.8
0.0
0.0
0.0
0.0
0.0
27.9
0.0
0.0
0.0
16.0
1.5
1.3
0.0
9.9
0.0
0.0
40.9
0.0
0.0
16.8
0.0
0.0
0.0
0.0
0.0
0.0
0.0
1.3
0.0
0.0
0.0
0.0
0.0
0.0
0.0
31.5
0.0
11.9
46.7
0.0
0.0
4.3
0.0
11.4
0.0
0.0
0.0
32.8
5.8
19.0
1.3
0.0
0.0
0.3
0.0
0.0
0.0
0.0
0.0
0.0
0.0
26.4
22.9
11.7
0.0
0.0
0.0
10.9
0.0
0.0
5.3
0.0
0.0
0.0
0.0
0.0
0.0
0.0
0.0
2.5
0.0
0.0
0.5
4.3
3.6
3.3
0.0
0.0
0.0
0.5
0.0
0.0
0.0
0.0
0.0
1.5
6.6
0.0
0.0
0.6
2.4
0.0
0.0
11.3
3.2
0.0
0.0
0.0
0.0
3.4
3.7
0.0
0.0
0.0
0.0
0.0
0.0
18.3
0.0
0.0
0.0
0.0
0.0
3.8
0.0
0.0
0.0
0.0
0.0
0.0
0.0
0.0
0.0
7.1
0.0
0.0
0.0
16.8
13.2
0.0
0.0
0.0
9.4
19.3
0.0
0.0
0.0
0.0
0.0
10.9
0.0
0.0
0.0
0.0
0.0
1.8
2.3
0.0
0.3
0.0
0.0
3.0
0.5
0.0
0.0
0.0
0.0
0.0
1.0
0.0
12.1
3.4
0.0
0.0
0.0
0.0
0.0
0.5
11.4
10.2
1.0
0.0
0.0
0.0
0.0
0.0
1.0
7.6
0.0
1.5
2.5
0.0
5.3
0.0
0.0
35.1
0.3
0.0
0.0
0.0
0.0
0.0
0.0
0.0
0.0
0.3
0.0
0.0
0.0
0.0
0.0
0.0
0.0
5.8
0.0
4.8
0.0
0.0
3.3
0.0
0.0
0.0
0.0
0.0
0.0
0.0
0.0
0.0
3.0
0.0
0.0
0.0
0.0
0.0
1.0
13.9
0.0
0.0
0.0
0.0
0.0
11.8
0.0
0.0
0.0
0.0
0.0
3.8
1.5
0.0
0.0
0.8
0.0
0.0
5.1
0.0
0.0
0.0
0.0
1.0
1.0
0.5
0.8
0.0
10.2
18.0
0.3
0.0
0.0
11.2
16.8
17.5
0.0
0.0
0.0
0.0
0.5
0.0
0.0
0.0
7.6
9.4
0.5
0.0
0.0
0.0
0.8
0.0
0.0
0.0
0.0
0.0
17.5
0.3
7.9
39.6
15.5
0.5
0.0
22.1
11.7
4.2
0.0
0.0
1.1
0.0
13.2
0.0
0.0
0.0
0.0
0.0
0.0
0.0
4.3
8.6
26.7
0.0
0.3
5.6
2.5
0.0
0.3
0.0
0.0
0.0
3.3
0.0
0.0
0.0
0.0
0.0
0.0
0.0
0.0
0.0
0.0
0.0
0.0
0.0
0.0
5.3
0.0
0.0
3.6
0.0
0.8
4.8
2.3
1.0
0.8
0.0
0.0
0.8
0.0
0.0
0.8
0.0
0.0
0.0
0.0
15.5
0.0
0.0
0.0
0.0
0.0
2.8
18.0
0.0
0.3
0.0
0.0
0.0
0.0
16.8
0.0
1.0
0.0
7.4
2.5
0.0
0.0
14.5
0.8
0.0
0.0
0.0
0.0
3.3
0.0
14.3
0.0
0.0
1.8
0.0
0.0
0.0
1.0
0.0
0.0
0.0
0.0
0.0
2.0
0.0
5.1
0.0
0.0
29.5
0.8
0.0
0.0
0.0
0.0
0.6
18.0
0.0
0.0
0.0
0.0
0.0
0.0
0.0
0.0
0.0
0.0
0.0
0.0
0.0
0.0
0.0
0.1
0.0
0.0
0.0
0.5
32.5
0.0
0.0
0.0
0.5
0.0
0.0
0.0
0.0
0.0
0.0
0.0
0.0
0.0
0.0
0.0
2.3
16.5
6.9
9.4
0.0
8.4
14.5
1.8
0.5
0.0
3.6
0.5
0.0
0.0
0.0
0.0
0.0
0.0
30.2
6.6
2.3
0.0
0.0
0.0
0.0
0.5
0.3
0.0
2.5
0.3
0.0
1.0
15.7
0.5
0.0
0.0
0.0
0.0
0.0
1.8
0.0
10.2
6.1
0.0
8.6
26.2
0.0
0.0
0.0
0.0
0.0
0.0
0.0
0.0
0.0
0.0
2.5
0.0
0.0
0.0
0.0
2.3
0.0
0.0
0.0
0.0
0.0
0.0
0.0
0.0
0.0
0.0
0.0
0.0
0.0
0.0
0.0
0.0
0.0
1.0
1.5
5.1
0.0
0.0
0.0
0.0
4.6
0.8
0.0
0.0
0.0
0.0
0.0
0.0
0.0
2.3
0.0
0.8
1.3
7.9
0.0
0.0
7.1
0.0
0.0
0.0
0.0
0.0
0.0
8.9
2.1
0.0
0.0
0.0
0.0
0.0
0.0
0.0
0.0
0.0
0.0
0.0
0.8
0.5
3.0
0.0
0.0
0.0
0.0
5.6
0.0
0.0
0.0
0.0
0.5
0.0
2.8
9.9
37.6
67.3
1.5
1.5
3.8
2.9
0.0
0.0
1.8
19.0
3.0
0.0
0.0
0.0
4.1
0.0
0.0
0.0
0.0
0.0
0.0
0.0
0.0
0.0
0.0
7.6
0.5
0.0
0.0
0.0
0.0
0.0
15.0
23.9
0.0
17.3
3.3
1.5
0.3
0.0
0.0
6.3
8.9
2.8
0.0
0.0
0.0
0.0
4.1
0.0
0.0
0.0
0.0
23.9
3.3
1.0
0.0
0.0
0.0
0.0
0.0
0.0
0.0
5.6
0.0
0.0
0.0
0.0
0.0
0.0
0.0
0.0
20.6
2.5
0.0
0.0
0.0
0.0
0.0
21.1
0.0
0.0
0.0
0.0
0.3
0.8
0.0
0.0
0.3
0.0
0.3
0.8
0.0
0.0
0.0
29.2
0.0
0.0
0.0
4.3
4.3
26.7
0.0
13.0
0.0
0.0
0.0
0.0
0.0
0.0
27.2
38.6
28.7
1.5
0.0
0.0
0.0
0.0
0.0
0.0
42.9
13.2
28.7
5.1
0.3
0.0
1.0
0.3
0.0
0.0
0.0
0.0
11.7
0.0
0.0
6.1
17.5
0.0
0.0
0.0
0.0
2.0
0.0
0.0
0.0
23.1
0.0
0.0
0.0
0.0
0.0
0.0
2.5
4.8
0.0
0.0
0.0
0.0
0.0
0.0
27.5
0.7
19.4
0.0
0.1
0.0
0.0
0.0
8.6
0.2
0.0
0.0
0.8
0.0
0.0
0.0
0.3
1.3
47.0
0.3
0.0
0.0
21.1
0.8
0.0
0.0
13.0
0.0
0.0
0.0
4.1
0.8
0.0
0.0
0.0
0.0
0.0
0.0
0.0
27.5
62.0
10.7
0.0
0.0
0.0
0.0
0.0
0.0
0.0
0.0
0.0
0.0
1.3
1.8
0.0
0.0
0.0
2.5
10.2
0.0
0.0
0.0
0.0
0.0
0.0
0.0
0.0
55.6
1.8
16.0
1.0
0.0
0.0
4.3
0.0
6.6
0.0
2.8
0.0
0.0
0.0
0.0
0.5
0.0
0.0
0.0
0.0
0.0
4.3
5.8
1.3
0.3
0.0
14.5
10.7
16.0
0.0
0.8
8.9
3.8
0.0
0.0
5.8
0.0
0.0
0.0
0.8
0.0
7.1
0.0
0.0
0.3
0.0
0.0
0.0
0.0
0.0
11.2
0.0
31.0
0.3
0.0
0.0
0.0
15.7
4.6
1.3
0.5
0.5
0.0
2.0
0.0
0.0
0.0
0.0
0.0
0.0
9.9
0.0
0.0
0.0
0.0
0.0
0.0
4.3
0.0
0.0
0.0
0.0
0.0
4.1
13.2
0.0
0.0
16.0
