20000101
0.0
0.0
0.0
9.5
0.0
0.0
0.0
0.0
1.3
0.0
0.0
0.0
0.0
0.0
0.0
0.0
0.0
0.0
0.0
11.1
0.0
0.0
3.3
0.0
0.2
0.0
0.0
0.0
0.0
4.6
0.3
0.0
0.0
0.0
0.0
0.4
0.0
0.0
0.0
0.0
1.8
1.2
0.0
0.0
2.1
0.0
0.0
0.0
24.4
0.6
0.0
0.0
1.6
0.0
2.7
0.0
1.0
8.9
0.0
0.0
0.2
1.8
0.0
0.0
0.0
0.0
0.0
0.0
0.0
0.0
0.6
4.6
0.0
0.0
0.8
3.4
0.0
0.0
8.2
17.8
0.8
0.0
0.0
0.0
0.0
0.0
5.0
0.0
0.0
0.0
0.0
0.0
0.2
0.0
0.0
0.0
0.0
0.0
4.3
0.0
0.0
10.6
0.0
0.0
0.0
0.0
0.0
19.7
0.2
0.0
3.2
7.7
0.4
0.0
9.4
0.0
0.0
0.0
0.0
0.5
0.0
0.0
4.8
0.0
1.0
0.0
0.0
0.0
1.0
13.7
12.4
0.0
0.0
10.7
0.0
0.0
0.0
0.0
3.5
8.6
0.0
0.0
3.3
0.1
0.0
0.0
0.0
31.6
13.8
0.0
0.0
0.0
0.9
0.0
0.0
0.0
8.8
0.0
0.0
0.0
0.0
0.0
0.2
5.2
30.2
0.6
7.2
0.0
0.0
0.5
0.0
0.9
36.5
2.8
0.0
19.4
0.8
2.8
0.0
0.0
0.5
0.0
0.0
0.0
5.1
0.0
17.5
0.0
0.0
0.0
0.0
0.0
16.1
0.4
0.0
0.0
0.0
0.0
0.0
0.0
2.9
0.0
0.0
0.0
0.0
0.0
0.0
0.0
0.0
0.0
0.0
1.4
1.3
0.0
0.0
4.3
0.0
0.0
5.8
0.9
0.3
0.3
0.0
0.0
0.0
0.0
0.0
0.0
0.0
14.3
0.3
0.0
0.0
0.0
0.5
63.0
5.4
0.0
0.0
4.4
1.5
2.7
0.0
0.0
0.0
0.0
0.0
0.0
0.0
0.0
0.0
0.0
0.0
0.5
26.7
23.1
0.0
0.0
2.6
0.0
0.0
0.0
0.0
0.0
5.9
0.8
0.9
9.6
12.8
10.8
0.0
0.0
0.0
0.0
0.0
0.0
0.0
12.9
17.2
7.4
0.0
0.0
0.0
0.0
0.0
0.0
0.0
2.7
11.3
0.0
1.7
0.0
0.0
0.0
0.0
0.0
0.0
0.0
0.0
0.0
0.0
0.0
0.0
0.4
0.0
0.0
0.0
0.5
0.0
0.0
0.0
19.4
0.0
6.4
30.8
0.0
0.0
9.5
0.1
0.0
0.1
0.0
0.0
0.0
0.0
0.0
0.0
0.0
0.0
3.0
8.1
0.1
0.0
1.7
0.0
1.8
1.0
0.0
0.0
0.0
0.0
0.0
0.0
0.0
0.0
6.1
15.6
0.0
8.0
0.0
0.7
0.6
0.0
2.3
0.0
1.5
0.0
0.0
0.0
0.0
0.0
0.9
0.0
1.1
2.0
0.0
0.4
0.0
0.0
0.0
0.0
0.0
0.0
0.0
0.0
0.0
1.5
0.0
0.0
0.9
0.2
0.0
0.0
0.0
0.0
0.1
0.0
0.0
0.0
0.0
0.0
0.1
7.4
0.0
12.2
13.3
1.2
0.0
0.0
0.6
0.0
0.2
0.3
0.0
0.0
3.4
12.1
0.0
0.0
0.0
17.4
1.6
0.0
0.0
0.0
0.0
0.0
0.0
2.2
0.0
9.9
53.2
0.0
0.0
0.0
0.0
0.0
0.0
0.0
0.0
0.0
0.0
0.0
0.0
0.0
0.0
0.6
2.6
0.3
2.3
6.7
3.6
0.0
0.0
0.0
0.0
0.0
0.0
0.0
0.0
0.0
0.0
0.0
0.0
0.0
0.0
1.5
0.0
0.0
0.0
4.4
3.8
4.9
0.0
2.7
12.4
11.3
0.0
0.0
5.1
2.5
0.2
0.0
0.0
0.7
3.1
1.3
0.6
1.4
1.2
20.6
0.8
0.0
0.0
0.0
0.0
1.3
0.3
0.9
0.0
3.4
0.3
1.0
2.5
0.0
2.3
4.5
0.5
0.0
0.9
0.0
2.4
13.8
8.4
0.5
0.3
1.1
2.0
2.6
5.5
3.4
7.0
5.1
0.0
0.0
0.3
5.3
8.3
4.1
3.5
8.2
13.1
17.2
0.0
0.0
0.0
0.0
0.0
0.0
0.0
2.4
1.5
0.0
0.0
0.0
0.0
2.0
15.2
4.4
0.0
0.0
0.0
0.0
0.0
0.0
0.0
0.0
0.9
0.4
14.3
17.5
4.1
0.0
0.0
0.4
6.3
0.0
0.0
0.0
0.0
0.0
0.0
0.0
0.0
6.2
3.8
0.0
2.6
0.0
1.7
5.7
0.0
0.7
0.0
5.7
7.7
0.0
0.0
0.0
0.0
16.2
0.0
0.0
0.0
0.0
0.0
0.0
0.0
0.0
0.0
0.0
0.0
0.1
4.2
0.0
0.1
16.1
0.0
0.0
3.8
27.3
0.6
10.6
2.8
0.0
0.0
0.0
0.0
20.8
0.0
0.0
0.0
0.0
0.0
2.1
5.6
12.6
13.4
3.2
0.0
0.0
0.0
0.0
0.0
0.0
0.0
8.1
8.7
1.6
1.3
0.0
0.0
0.0
0.0
0.0
0.0
0.0
0.0
0.0
0.0
0.0
0.0
8.6
16.3
5.9
0.0
0.0
2.2
6.2
14.3
15.7
17.1
22.3
9.4
8.1
0.0
0.0
0.0
0.0
3.1
5.3
6.0
11.0
13.5
0.0
0.0
0.0
0.0
0.0
0.0
3.6
3.0
0.3
0.0
0.0
0.0
0.0
0.0
0.6
0.0
0.0
0.0
0.0
0.0
0.0
0.0
0.0
0.5
0.6
0.0
0.0
0.0
0.0
5.4
3.2
0.5
1.8
7.4
11.7
10.2
0.0
0.0
0.0
0.0
1.6
1.4
0.0
0.0
0.0
0.0
0.2
5.7
8.3
5.0
2.9
7.6
11.1
1.7
0.0
0.0
0.0
3.8
3.8
0.0
0.0
0.0
0.0
0.0
0.0
0.0
0.0
0.0
0.0
0.0
0.0
0.0
0.4
0.0
0.0
0.0
0.0
0.0
0.0
0.0
0.0
0.0
0.0
0.0
0.0
0.0
0.0
0.0
0.1
0.0
0.7
0.0
0.0
0.0
0.0
0.0
27.9
27.1
12.6
0.0
0.0
0.0
0.0
0.0
0.0
0.0
0.0
0.4
4.7
0.0
0.0
0.0
0.0
0.0
0.0
0.0
7.0
36.4
1.3
0.0
0.0
0.0
0.0
10.3
0.7
0.0
0.0
4.6
12.1
0.0
0.0
0.0
0.0
0.0
15.0
4.1
0.0
0.5
0.0
0.0
0.0
6.3
1.5
0.0
0.5
2.7
0.0
0.0
0.0
0.0
32.5
8.2
0.5
0.0
0.3
4.4
0.0
0.0
0.5
4.4
0.0
0.0
0.0
0.0
2.3
14.5
0.0
0.0
0.0
1.6
0.0
0.0
0.0
0.0
0.0
0.0
6.4
24.1
3.8
0.0
0.0
13.8
0.0
0.0
41.2
0.0
0.0
0.0
5.9
0.0
0.0
0.0
11.1
15.0
2.6
14.4
0.0
3.1
37.1
13.3
1.4
0.0
0.7
15.3
6.5
0.0
0.0
0.0
0.0
0.0
3.1
3.9
0.0
0.0
1.2
7.7
0.0
0.0
0.0
0.4
0.0
0.0
16.0
4.0
0.0
0.0
0.0
0.7
2.3
28.1
4.7
12.4
8.0
0.9
0.0
0.0
0.0
0.0
0.0
0.0
0.0
0.0
0.7
0.4
0.9
0.0
0.0
0.0
0.0
0.0
0.0
0.0
0.0
0.0
0.0
0.0
0.1
1.2
0.0
0.0
0.0
0.0
0.0
0.0
0.0
0.0
3.9
2.1
0.0
2.1
19.2
0.0
0.0
0.0
12.3
0.0
17.2
0.6
0.0
0.0
0.3
0.0
0.0
0.0
0.0
0.0
0.0
0.0
0.0
0.0
0.0
0.0
3.8
12.6
18.5
3.7
0.0
40.1
11.8
0.0
0.0
97.0
15.3
5.1
0.0
0.0
0.0
0.0
0.0
0.0
0.0
0.0
0.0
0.0
0.0
0.0
0.0
0.0
0.0
0.0
0.0
0.0
0.0
0.0
1.1
3.4
0.0
7.5
2.3
11.5
8.9
0.0
0.0
0.0
0.0
0.0
0.0
0.0
0.0
0.0
0.0
0.0
0.0
0.2
13.5
0.0
0.0
0.0
0.0
0.0
0.0
2.0
1.3
0.0
0.0
0.0
0.0
0.0
16.5
0.0
0.0
0.0
0.0
0.0
3.8
5.4
0.0
0.0
5.8
8.5
0.8
0.0
0.0
0.0
2.4
0.3
9.4
0.0
0.0
0.0
0.3
0.0
0.0
0.0
0.0
3.7
0.0
0.0
0.0
0.1
0.0
0.0
3.2
0.0
0.0
0.4
0.0
0.0
0.0
0.0
0.0
0.0
0.0
0.0
0.0
0.0
0.0
0.0
0.0
0.0
0.0
0.0
0.0
0.0
0.0
0.0
0.0
0.0
10.8
17.4
2.9
0.0
0.1
0.0
0.0
12.3
0.0
0.0
0.0
0.0
0.0
0.6
0.0
0.5
4.4
0.0
2.8
0.0
0.0
0.0
0.0
0.0
0.0
0.0
0.0
0.0
0.0
1.3
2.0
0.0
0.0
0.0
0.0
0.0
0.0
0.0
0.0
1.5
0.0
0.0
3.3
0.0
0.0
4.9
0.0
0.0
1.8
0.0
0.2
0.0
0.0
0.0
1.4
2.3
0.0
0.0
0.0
17.8
7.3
0.0
0.0
0.0
0.0
0.0
0.0
3.8
2.6
0.0
0.0
0.0
0.0
0.0
1.2
0.0
0.0
6.3
0.9
0.0
0.0
0.0
0.0
0.0
0.0
6.8
0.0
0.0
0.0
0.0
0.0
1.2
3.7
2.5
0.0
0.0
0.0
3.7
0.0
0.0
0.0
6.8
0.0
0.0
0.0
0.0
0.0
0.0
12.4
0.0
13.1
0.0
0.0
0.0
0.0
0.0
0.0
0.0
0.0
0.0
6.2
0.5
0.0
14.1
0.0
0.0
0.0
0.0
12.7
3.9
0.0
0.0
0.1
0.0
6.4
0.0
0.0
0.0
38.3
0.0
1.8
0.0
17.2
23.3
19.2
0.0
0.0
0.0
9.7
0.5
0.0
4.1
0.0
2.8
0.0
0.0
0.0
0.0
0.0
0.0
0.0
0.0
3.1
0.0
4.8
0.0
0.0
8.4
0.6
0.0
0.0
5.6
0.2
0.0
0.0
15.1
52.8
0.0
16.4
0.0
0.0
0.0
0.0
2.6
0.0
0.0
0.0
0.0
0.0
0.0
0.3
2.0
0.0
8.8
1.4
0.0
0.0
0.0
0.0
5.4
7.3
2.7
0.0
33.6
86.4
0.0
0.3
0.0
0.0
0.0
0.0
0.0
25.0
0.0
0.0
20.0
0.0
0.7
0.0
0.0
0.0
0.0
0.3
5.8
0.0
0.0
0.1
0.0
12.2
9.8
0.0
0.0
0.0
0.0
1.9
0.0
0.0
0.0
0.0
1.8
0.0
0.0
0.0
0.0
0.0
0.0
0.0
0.0
0.0
0.0
0.0
0.0
0.3
0.0
41.7
15.4
0.0
104.6
9.3
0.0
0.0
0.0
0.0
0.0
0.0
0.0
0.0
0.0
0.0
1.3
3.2
0.0
0.0
0.0
0.0
0.0
0.0
0.0
7.1
0.0
7.5
0.7
0.0
36.3
0.0
0.6
0.0
0.0
0.0
0.0
5.6
0.0
0.0
0.0
0.0
0.0
0.0
0.0
0.4
0.0
11.7
4.3
0.0
0.0
0.0
0.0
0.0
0.0
0.0
0.0
0.0
10.5
4.5
0.0
2.1
0.0
0.0
0.0
0.0
1.9
0.2
0.0
11.3
0.5
0.0
0.0
0.0
0.0
2.0
2.3
0.0
0.0
1.1
1.0
0.0
40.1
22.9
0.0
0.0
0.0
0.0
22.7
0.0
0.0
1.1
0.0
0.0
0.0
0.0
0.0
0.0
0.9
8.3
1.5
0.0
0.0
0.1
4.9
0.1
0.0
0.0
1.7
0.0
0.0
0.0
2.8
1.4
0.4
0.0
0.0
25.1
1.0
0.0
0.0
0.0
0.0
22.3
0.0
0.0
0.0
0.0
0.0
22.2
4.3
0.3
0.0
0.0
0.0
0.0
0.0
0.0
0.0
0.0
0.0
0.0
4.8
6.4
0.0
0.0
0.0
0.0
0.0
0.0
0.0
4.0
3.0
0.8
0.0
1.5
0.0
0.0
1.3
5.3
0.0
0.0
3.5
1.4
0.0
0.0
0.0
0.0
0.0
0.0
0.0
0.0
0.0
0.0
0.0
0.0
1.1
0.0
0.0
0.0
1.0
0.0
0.0
0.0
0.0
0.0
3.0
0.0
0.0
1.9
32.9
0.0
0.0
0.0
0.9
0.0
0.0
0.0
0.0
3.1
0.0
4.0
1.4
0.0
2.1
0.2
0.0
0.0
0.0
0.6
1.1
34.4
41.1
0.0
13.0
6.3
20.5
0.7
0.0
0.0
0.0
0.0
0.0
0.0
0.0
0.0
0.0
0.0
0.0
0.0
0.0
0.0
0.0
0.0
0.0
0.0
0.0
20.2
0.0
11.5
0.0
14.6
0.0
0.0
0.0
0.1
0.0
2.7
7.8
4.3
0.0
1.4
0.0
0.0
0.0
0.0
0.0
12.1
0.0
9.8
22.0
9.6
0.0
0.4
0.0
20.2
0.0
0.0
0.0
0.8
1.0
26.1
0.0
0.0
0.0
0.0
0.6
17.0
2.9
0.8
2.1
0.0
0.0
0.0
0.0
0.0
0.0
7.3
63.8
1.5
0.6
0.0
2.5
17.8
9.7
0.0
0.0
0.0
0.0
4.5
0.0
0.0
16.7
0.0
0.0
0.0
0.0
0.0
0.0
0.0
4.0
8.8
0.0
3.0
3.5
0.0
0.0
34.8
0.0
4.5
0.0
18.8
0.0
0.0
14.7
0.0
0.0
0.0
0.0
0.0
0.5
0.0
0.0
0.0
0.0
0.0
0.0
7.1
7.2
0.0
0.0
0.2
12.9
0.0
0.0
0.0
0.0
0.0
5.6
0.0
0.0
0.0
0.0
0.0
0.0
0.0
0.0
0.4
3.3
13.6
0.0
0.0
0.7
10.0
57.1
2.7
4.9
18.9
0.0
0.0
0.0
0.0
0.0
0.0
0.0
0.0
0.0
0.0
0.0
0.0
0.0
0.0
0.0
0.0
1.7
3.2
0.0
0.0
0.0
0.0
0.0
0.0
0.0
0.0
0.0
0.0
0.0
0.0
0.0
0.0
0.0
2.7
0.0
0.0
0.0
0.0
0.0
0.0
5.8
0.0
0.0
0.0
3.0
2.0
5.3
0.0
0.0
18.6
10.9
0.4
0.0
0.0
6.4
3.9
0.0
0.0
16.0
0.0
9.7
9.4
0.0
6.7
22.5
0.0
6.0
0.0
0.0
0.0
0.0
0.0
0.0
2.7
4.2
0.0
0.0
0.0
0.4
0.0
0.0
12.1
1.5
0.0
0.7
0.0
6.9
25.5
0.0
7.0
9.0
0.9
8.8
16.0
0.0
0.0
0.0
0.0
7.9
25.0
1.4
0.0
0.4
0.8
0.0
0.0
0.0
0.0
0.0
0.0
0.0
0.0
0.0
0.0
0.0
0.0
0.0
0.0
2.0
0.0
0.0
0.0
0.0
0.0
2.1
1.7
11.9
19.3
14.8
25.2
0.0
5.1
0.0
0.0
4.9
19.8
43.4
8.2
0.0
0.5
0.0
0.0
0.0
0.0
1.0
1.7
0.9
0.0
0.0
0.0
0.0
0.0
0.0
7.9
0.0
0.0
0.0
0.0
0.0
0.0
0.0
4.9
8.8
2.2
0.5
0.0
0.0
1.9
23.1
0.0
3.8
0.0
0.0
0.0
2.6
2.2
0.0
0.0
0.0
0.0
0.0
0.0
1.4
0.5
0.0
0.0
0.2
0.0
0.0
0.7
0.0
0.0
0.0
0.9
0.0
0.0
0.0
0.0
0.0
0.0
0.0
0.0
0.0
0.0
0.0
20.5
9.4
10.8
5.0
0.6
0.0
0.0
0.4
3.9
0.0
6.7
0.0
0.0
0.0
0.0
0.6
0.0
0.0
0.0
0.0
11.8
8.1
0.0
0.0
0.0
0.0
0.0
0.0
0.0
41.2
8.4
5.7
0.0
0.0
4.0
0.0
0.0
0.0
2.8
0.0
0.0
0.0
0.0
0.0
0.0
0.0
0.0
0.0
11.4
0.0
5.4
0.0
0.9
0.6
0.0
0.0
0.0
16.0
6.3
0.0
0.0
0.0
0.0
0.0
0.0
0.0
0.0
0.0
0.7
0.0
0.0
0.0
0.7
0.0
0.0
1.2
0.0
0.0
5.1
0.0
9.1
1.8
0.0
34.1
0.0
0.0
0.0
0.0
0.0
0.0
0.0
0.0
0.0
0.0
0.0
0.0
0.0
0.0
36.0
0.0
0.0
0.0
0.0
0.0
12.7
0.0
0.0
0.6
0.0
0.0
0.0
33.3
14.0
2.0
1.1
6.4
0.0
1.7
40.7
0.2
4.0
10.9
0.0
0.0
0.0
0.0
21.5
0.0
0.0
0.0
0.0
0.0
0.0
0.0
5.4
0.9
1.0
0.0
0.0
0.0
0.0
0.0
0.2
16.5
5.3
5.7
1.7
0.0
0.0
11.4
8.3
0.0
1.5
0.0
0.0
0.0
0.9
0.0
0.0
0.0
0.0
0.0
0.0
0.0
0.0
0.0
0.0
0.0
0.0
0.0
0.0
0.0
0.0
0.0
0.0
6.8
0.0
30.8
0.0
0.0
6.6
19.3
0.0
0.0
0.0
2.3
0.4
26.7
0.2
0.0
13.4
0.0
0.0
0.0
0.0
0.0
0.0
0.0
0.0
0.0
0.0
0.0
0.0
0.0
0.0
0.0
0.0
0.0
0.0
0.0
1.4
18.7
17.7
0.0
0.0
0.0
0.2
0.0
0.0
0.0
0.0
0.0
2.3
32.3
0.0
0.0
0.0
0.0
16.6
0.0
0.0
0.0
0.0
0.0
0.0
0.6
0.0
9.4
14.5
0.0
0.0
0.0
0.0
0.0
0.0
0.0
0.0
0.0
0.0
8.0
18.8
2.5
0.0
2.1
0.9
0.0
2.6
0.0
0.0
0.5
0.0
9.7
0.0
0.0
0.0
0.0
1.7
2.6
0.0
0.0
0.0
0.0
0.0
0.0
0.0
0.0
0.0
3.6
0.1
0.0
0.6
2.7
0.0
6.7
0.0
0.0
0.6
0.0
0.0
0.0
0.0
0.0
0.0
0.0
4.7
0.0
0.5
5.3
0.0
3.8
4.6
1.7
0.0
0.0
8.5
0.0
0.0
0.0
0.0
0.0
0.0
0.0
17.3
0.0
0.0
0.0
0.0
0.7
2.3
0.0
0.0
0.0
0.0
0.0
0.0
0.0
0.7
0.0
0.0
0.0
16.3
7.3
0.0
0.0
0.0
0.0
0.0
0.0
0.0
0.0
0.0
0.0
0.0
0.0
0.0
0.0
0.0
0.0
3.8
0.3
4.2
20.9
17.4
0.0
22.6
3.6
0.0
0.0
0.0
0.0
0.0
0.0
0.0
1.9
1.3
0.0
0.0
1.2
0.0
0.0
6.7
0.4
0.0
12.9
0.0
0.0
13.5
0.6
0.0
2.3
26.7
0.4
0.0
0.0
0.0
1.7
0.0
6.1
0.6
0.8
13.1
0.0
12.8
0.4
0.0
0.0
0.0
0.0
0.7
3.3
0.0
0.0
0.0
10.6
3.2
8.7
0.0
0.7
0.0
0.0
0.0
0.0
0.0
0.0
15.6
1.5
2.4
2.5
2.5
5.4
0.6
4.6
0.0
0.0
0.0
0.0
0.0
0.0
6.3
2.8
0.0
0.0
0.3
0.0
0.0
9.0
1.7
0.0
0.0
0.0
0.0
0.0
0.0
0.0
0.0
3.8
0.0
0.0
0.0
0.0
0.0
0.0
2.6
5.6
0.3
0.0
0.0
0.0
0.0
0.0
0.8
0.8
0.0
0.0
0.0
1.3
0.0
0.4
9.6
3.7
0.0
0.0
0.0
2.8
0.0
36.2
17.2
18.2
0.0
0.0
0.0
0.0
0.0
0.0
1.4
8.4
8.5
0.0
0.0
0.0
0.0
73.0
28.9
0.0
0.0
0.0
0.0
0.0
0.0
0.0
0.0
0.0
5.2
0.3
13.5
11.5
11.6
0.0
0.0
8.8
1.0
0.0
0.0
3.4
5.6
0.0
0.0
0.0
0.0
0.0
0.0
0.0
12.4
25.0
2.4
0.8
0.6
2.3
0.0
0.0
0.0
1.4
5.9
2.3
1.9
0.0
0.0
0.0
18.6
0.9
0.0
0.0
0.0
0.0
12.7
0.3
0.0
0.0
3.9
0.5
1.9
0.8
0.0
0.0
0.0
0.0
0.0
0.0
0.0
10.1
0.0
0.0
0.0
0.0
0.0
0.0
0.0
7.2
1.2
0.0
0.0
0.0
0.0
53.4
0.0
0.3
0.0
0.0
7.8
0.0
0.0
0.0
5.1
7.4
2.3
0.0
0.0
0.0
0.0
0.0
0.0
0.0
0.0
0.0
2.8
0.0
0.0
0.0
19.6
0.0
0.0
0.0
8.3
11.0
5.2
0.0
0.0
0.1
0.0
0.0
0.0
0.0
0.0
0.0
0.0
0.0
0.0
18.1
39.0
2.9
0.0
0.0
0.0
0.0
0.0
0.0
0.0
0.0
2.5
13.7
2.8
0.0
0.0
0.0
0.0
3.2
0.0
0.0
21.0
23.8
1.6
0.0
0.0
0.0
0.0
0.0
0.0
0.0
18.7
4.0
0.6
0.0
0.0
18.7
1.2
0.0
2.4
0.0
0.0
0.0
1.2
24.0
1.6
24.3
0.2
0.0
0.2
0.0
0.0
3.8
0.0
0.0
2.5
0.0
0.0
0.0
0.0
0.0
0.0
0.0
0.3
0.0
0.0
0.0
0.0
0.0
10.1
0.0
0.0
0.0
0.0
0.0
9.8
11.9
0.0
0.0
5.0
0.7
0.0
0.0
0.0
0.0
0.0
0.0
23.3
0.0
0.0
0.0
3.6
1.7
0.0
0.0
0.0
0.0
0.0
0.0
0.0
1.0
0.0
0.0
0.0
0.0
7.8
0.0
0.0
0.0
6.8
2.6
0.5
6.5
16.8
8.9
0.7
0.0
0.0
0.0
3.5
0.0
6.6
2.3
0.0
0.0
11.9
0.0
0.0
0.0
0.0
0.0
0.0
11.6
6.1
0.0
0.0
5.4
0.0
0.0
0.0
0.0
0.0
0.0
0.0
0.0
0.0
25.1
14.4
5.6
0.0
0.0
0.0
0.0
0.0
0.0
0.0
1.3
0.0
0.0
0.0
0.0
0.0
0.0
0.0
0.0
0.0
0.0
17.5
0.0
0.0
0.0
0.0
0.0
0.0
0.0
0.0
0.9
0.1
42.9
0.7
0.0
0.0
0.0
2.8
4.0
3.3
0.0
3.6
0.3
0.0
0.0
0.0
0.0
0.0
0.0
0.0
0.0
0.0
0.0
0.0
0.0
25.8
0.0
0.0
13.9
48.1
15.4
10.9
0.0
19.0
12.6
35.0
0.0
0.0
0.0
0.0
0.1
0.0
0.0
0.0
0.0
0.0
1.6
0.0
0.0
13.8
0.0
0.6
0.0
16.3
25.8
3.2
1.3
0.0
0.0
0.0
0.0
0.0
0.0
0.0
15.3
0.5
0.0
0.0
0.0
0.0
0.0
0.0
11.4
0.0
0.0
0.0
0.0
0.0
0.0
0.0
0.0
1.2
9.1
0.0
3.6
0.0
1.1
1.6
20.7
0.0
0.8
0.0
10.3
0.0
0.0
0.0
0.0
0.1
0.0
0.0
0.0
0.0
0.0
0.0
0.0
10.5
3.1
8.9
0.0
5.4
0.0
0.0
0.0
0.0
0.0
0.0
0.0
0.0
0.0
0.0
0.0
0.0
0.0
3.4
1.8
0.0
0.0
0.0
0.0
3.2
0.0
21.5
0.0
0.0
0.0
0.0
0.0
3.3
0.0
0.0
0.0
0.0
0.0
0.0
14.2
0.0
25.0
3.4
0.0
0.0
0.0
10.2
0.0
0.0
0.9
10.5
0.0
0.0
0.0
0.0
0.0
0.0
0.0
0.0
0.0
0.0
0.0
0.0
0.0
0.0
12.4
0.0
16.4
0.0
0.0
0.0
0.0
0.0
1.0
0.6
13.9
41.7
0.0
0.0
0.0
8.8
1.7
0.0
0.0
0.0
0.0
7.0
8.0
0.0
2.0
0.0
3.6
0.0
8.0
3.8
7.4
11.0
0.0
0.0
1.1
16.1
0.0
0.0
0.0
0.0
4.5
0.4
2.7
0.0
0.0
0.0
3.0
0.0
4.6
0.0
0.0
1.4
1.6
0.0
0.0
5.3
1.9
0.0
57.3
4.4
2.2
4.9
0.0
0.0
0.0
0.0
0.0
0.0
0.2
0.0
0.0
0.0
0.7
0.0
0.0
0.0
0.0
0.0
0.0
0.0
8.5
0.0
18.2
0.3
0.0
11.7
27.5
59.3
2.2
0.3
1.1
0.0
0.5
0.0
0.0
0.0
0.0
0.0
21.3
1.5
0.0
0.4
0.0
3.2
5.7
0.0
0.0
6.9
0.0
0.0
2.2
0.0
0.0
3.5
4.9
9.7
0.0
0.0
0.0
0.0
0.0
0.0
0.0
0.0
1.4
0.3
0.8
0.0
20.6
14.0
0.0
0.0
0.0
0.0
0.0
0.0
0.0
6.0
14.2
0.0
0.0
1.4
9.0
0.0
0.9
2.0
0.0
0.0
0.0
0.0
5.8
0.9
26.3
0.7
1.5
0.4
0.0
0.0
0.0
0.0
2.8
0.0
0.0
0.0
0.0
0.0
0.2
22.5
0.0
1.1
4.5
0.0
0.0
16.1
12.9
0.0
0.0
0.0
0.0
25.7
5.9
0.0
24.4
2.0
0.0
12.2
0.0
18.2
0.0
0.0
0.0
14.6
0.0
0.0
0.2
17.3
0.0
0.5
0.0
11.8
0.0
0.0
46.6
0.0
0.0
30.6
87.0
0.8
0.0
8.6
11.9
1.4
2.5
0.0
0.0
0.0
0.0
0.0
3.4
0.0
0.0
0.0
0.0
0.0
3.2
0.9
0.0
14.1
0.0
0.3
11.6
0.0
0.0
0.8
0.0
1.9
14.8
0.0
0.0
17.4
2.4
56.1
0.0
1.4
24.4
32.7
0.0
0.0
0.0
0.0
0.0
14.0
0.2
2.8
20.9
0.0
0.0
0.0
0.0
0.0
2.4
0.0
20.0
0.1
0.0
0.1
0.0
0.2
0.0
2.3
0.0
0.0
0.0
0.6
0.0
0.0
0.0
0.2
0.0
0.0
0.0
0.0
0.0
0.0
0.0
0.5
5.7
0.0
0.0
0.0
0.0
0.0
13.4
0.0
0.0
0.0
0.0
0.0
3.2
70.8
0.0
4.9
0.3
4.5
0.0
0.0
17.5
8.5
11.6
106.6
0.4
0.0
0.0
0.0
0.0
2.4
0.0
0.0
0.0
0.0
0.0
0.0
0.0
0.0
3.0
0.0
0.0
0.0
0.0
0.0
0.0
0.0
29.6
0.0
0.0
0.0
0.0
0.0
0.0
0.0
3.9
0.0
5.3
0.0
0.0
0.0
0.0
0.0
26.6
5.2
0.0
0.0
0.0
0.0
0.0
0.0
0.0
0.0
0.0
0.0
0.0
0.0
2.1
0.0
0.0
0.0
0.0
3.3
1.1
2.1
6.3
0.0
0.0
0.0
0.0
0.0
0.0
0.0
0.0
0.8
0.0
0.0
0.0
0.0
0.0
6.7
3.3
0.0
0.0
0.0
0.0
0.8
0.0
0.0
0.0
0.8
0.0
0.0
0.0
0.0
4.6
0.0
2.3
0.0
34.0
0.0
0.0
0.0
0.0
26.9
4.1
0.0
2.3
47.0
0.0
0.0
0.0
0.0
0.0
0.0
0.0
0.0
0.3
0.8
0.0
0.0
0.0
0.0
0.5
0.0
6.1
0.0
0.0
0.0
0.0
0.8
0.0
0.0
0.0
0.0
0.0
0.0
1.3
0.0
2.5
0.0
0.0
0.0
0.0
0.0
0.8
0.0
0.0
0.0
0.0
0.0
0.0
3.8
9.9
11.7
0.0
3.3
0.0
0.0
0.0
2.3
0.0
0.0
0.0
0.0
0.0
0.0
0.0
0.0
7.0
0.0
0.0
0.0
0.0
0.0
0.0
0.0
0.0
9.7
1.0
15.7
39.4
0.0
0.0
0.0
0.0
0.0
0.0
0.0
0.0
0.0
0.0
0.0
0.0
0.0
5.1
0.0
0.0
0.0
13.2
0.0
1.3
11.2
0.0
15.7
0.0
2.3
11.7
0.0
0.0
0.0
8.1
0.0
0.0
17.8
3.6
0.0
0.0
0.0
0.0
3.2
19.8
4.1
0.8
0.0
0.0
0.0
0.0
0.0
39.6
1.3
14.2
9.1
3.6
0.0
0.0
0.0
0.0
0.0
8.6
3.0
0.0
0.3
0.0
12.6
45.1
0.0
32.5
0.0
0.0
0.0
0.0
0.0
0.0
0.0
0.0
0.0
5.1
0.7
0.0
0.8
0.0
0.0
0.0
0.0
4.6
7.6
0.0
0.0
0.0
4.1
2.0
1.0
10.7
3.8
0.0
0.0
0.0
0.0
3.8
37.3
0.0
21.6
0.0
0.0
0.0
0.0
0.0
1.0
0.0
3.8
0.0
0.0
0.0
0.0
0.0
3.3
27.9
0.0
0.0
27.9
16.5
0.0
0.0
0.0
0.0
0.0
17.3
0.0
0.0
0.0
0.0
0.0
0.0
0.0
0.0
0.0
21.8
0.0
0.0
0.0
8.6
0.0
0.0
0.0
1.5
0.0
3.8
20.3
0.0
0.0
6.1
0.0
0.0
0.0
0.0
0.0
0.0
0.0
0.0
4.3
3.4
0.0
15.2
0.0
8.6
0.0
0.0
0.0
0.0
0.0
88.9
0.8
0.0
0.0
0.0
0.0
0.0
0.0
0.0
1.5
0.0
0.0
0.0
0.0
0.0
0.0
0.0
0.0
0.0
0.0
0.0
0.0
0.0
0.0
5.6
0.0
11.2
0.0
1.0
3.0
0.0
0.0
0.0
0.0
0.0
18.8
1.0
0.0
0.0
6.1
2.2
2.5
45.7
9.1
0.0
4.1
0.3
9.1
6.1
2.0
0.0
0.0
0.0
0.0
0.0
0.0
61.0
2.5
0.0
0.0
3.8
6.6
0.0
24.4
23.9
0.0
0.0
0.0
0.0
0.0
0.0
0.0
0.0
0.0
0.0
0.0
0.0
0.0
0.0
0.0
22.4
27.9
3.8
3.6
1.5
0.0
0.0
0.0
0.0
15.2
0.9
0.7
0.0
0.0
0.0
0.0
0.0
0.0
0.0
0.0
0.0
2.5
0.0
22.4
0.0
0.0
0.0
8.6
0.0
0.0
0.0
0.0
0.0
0.0
0.0
0.9
0.0
4.6
13.2
35.6
1.0
13.4
3.6
0.0
0.0
0.0
0.0
0.0
0.0
0.0
0.0
0.0
9.1
0.0
0.0
0.0
0.0
0.0
0.0
0.0
0.0
0.0
0.0
0.0
0.0
0.0
3.8
7.1
0.0
10.3
0.0
2.1
0.0
1.5
0.0
0.0
0.0
0.0
0.0
0.0
0.0
0.0
3.0
0.0
0.0
6.1
0.0
0.0
0.0
0.0
0.0
6.6
0.0
0.0
0.0
0.0
3.2
3.7
18.1
0.0
0.0
0.0
0.0
0.0
0.0
0.0
0.0
0.0
0.0
0.0
0.0
0.0
4.1
0.0
0.0
7.6
0.0
13.2
6.6
0.0
0.0
0.0
0.0
0.0
0.0
0.0
3.0
0.0
0.0
3.8
10.7
0.0
8.1
13.7
0.0
0.0
0.0
0.0
7.1
4.1
0.0
2.0
2.0
1.5
0.0
0.0
0.0
0.0
0.0
0.0
0.0
0.0
0.0
0.0
0.0
0.0
0.0
1.5
0.0
6.6
8.1
11.7
0.0
0.0
0.0
0.0
1.5
18.3
0.0
16.3
0.0
0.0
0.0
0.0
0.0
0.0
40.6
5.1
2.5
2.0
0.0
0.0
12.2
14.2
0.0
0.0
10.7
6.6
0.0
0.0
0.0
0.0
0.0
0.0
0.0
0.0
0.0
9.1
18.3
0.0
0.0
2.5
47.2
0.0
0.0
50.3
0.0
0.0
0.8
9.7
32.0
9.7
45.7
0.0
0.0
39.1
0.0
0.0
11.7
14.2
15.2
0.0
0.0
0.0
1.9
0.0
0.0
0.0
0.0
0.0
0.0
0.0
0.0
0.0
1.7
0.0
0.0
0.0
0.0
0.0
0.0
0.0
4.1
0.0
1.5
0.0
29.5
3.0
3.0
0.0
0.0
24.4
0.0
0.0
0.0
0.0
0.0
0.0
0.0
0.0
0.0
0.0
8.1
0.0
0.0
0.0
0.0
0.2
1.5
0.0
0.0
16.3
0.0
0.0
0.0
0.0
0.0
0.0
17.6
0.0
0.0
0.0
0.0
0.0
0.0
0.0
0.0
0.0
0.0
0.0
45.7
14.2
0.0
0.0
0.0
0.0
0.0
0.0
0.0
4.0
0.0
0.0
0.0
0.0
2.0
0.0
0.0
2.5
0.0
0.0
10.2
5.6
0.0
0.5
4.1
0.0
0.0
0.0
0.0
0.0
5.1
1.3
0.0
0.0
0.0
0.0
0.0
0.0
0.0
0.0
0.0
0.0
5.6
0.0
0.0
0.0
0.0
0.0
0.0
0.0
0.0
0.0
1.4
37.1
5.1
0.0
0.0
0.0
0.0
0.0
0.0
0.0
0.0
0.0
0.0
0.0
0.0
0.0
0.0
0.0
0.0
0.0
0.0
0.0
0.0
0.0
0.0
0.0
0.0
0.0
0.0
0.0
23.9
0.0
45.7
6.3
0.0
0.0
0.0
21.8
0.0
0.0
0.0
10.2
2.1
0.0
0.0
0.0
0.0
0.0
0.0
31.8
1.5
0.0
0.0
7.6
0.0
0.0
0.0
0.0
5.6
0.0
0.0
0.0
9.7
0.0
0.0
0.0
0.0
0.6
0.0
4.1
0.0
0.0
0.0
0.0
0.0
0.0
1.0
0.0
0.0
4.6
2.0
0.0
0.0
0.0
0.0
0.0
4.1
1.5
4.1
1.5
0.0
0.0
4.1
0.0
0.0
0.0
0.0
0.0
0.0
0.0
7.6
21.0
0.0
0.0
0.0
6.1
0.0
0.0
0.0
0.0
0.0
0.0
0.0
0.0
0.0
0.0
0.0
0.0
0.0
0.0
8.6
7.6
0.0
2.4
3.2
0.0
0.1
9.1
0.0
0.0
0.0
0.5
30.5
0.6
0.0
0.0
14.2
0.0
0.0
0.0
0.0
0.0
8.1
0.0
0.0
0.0
0.0
0.8
3.3
0.0
2.3
0.0
0.0
0.0
0.0
0.0
0.0
0.0
0.0
0.0
0.8
0.0
9.7
0.9
0.0
0.0
16.2
2.9
0.1
14.3
0.0
0.0
0.0
0.0
10.3
1.3
0.0
18.6
33.4
0.0
2.9
25.0
0.0
0.4
33.7
4.2
9.9
0.0
0.0
0.0
4.0
0.0
0.0
0.0
6.1
0.8
0.5
0.0
0.0
0.0
0.0
0.0
18.2
6.9
3.6
0.0
0.0
0.0
0.0
0.0
3.3
4.6
0.0
0.8
58.2
5.7
0.0
32.6
0.2
0.0
0.0
0.0
1.6
0.0
0.0
31.8
0.0
0.0
0.0
4.4
23.6
0.0
0.0
0.0
13.8
9.4
0.0
0.0
0.8
4.1
0.4
7.5
0.0
0.4
0.0
2.2
29.3
0.0
0.0
0.0
1.0
0.0
0.0
0.7
0.0
0.0
0.0
0.5
0.0
0.0
0.0
0.0
12.2
0.3
0.0
0.0
0.0
0.0
0.0
0.3
0.0
0.0
0.0
0.0
28.3
0.0
0.0
0.0
0.0
0.0
0.0
0.0
0.0
0.0
0.0
0.0
0.0
0.0
0.0
5.5
0.0
0.0
0.0
0.0
7.7
0.0
0.0
0.0
0.0
0.0
0.0
1.0
0.0
0.0
21.0
0.1
0.0
0.0
0.0
0.0
0.0
1.8
0.0
0.0
0.0
2.1
1.2
0.0
0.0
0.0
14.5
0.0
0.0
0.0
0.0
0.0
13.3
0.0
0.0
0.6
8.7
0.5
0.0
0.0
0.0
0.0
0.0
9.5
19.7
1.8
0.0
0.0
0.0
0.0
0.0
0.0
0.0
0.0
0.0
0.0
0.0
0.0
0.0
0.0
15.0
4.4
0.0
0.0
0.0
3.8
4.6
20.7
0.0
0.0
0.0
0.5
0.0
0.0
1.5
0.0
0.0
0.0
1.7
0.0
0.0
7.9
21.9
0.0
0.0
2.0
5.1
7.5
0.5
0.0
0.0
0.0
0.5
8.1
0.0
0.0
0.0
0.0
0.0
0.0
1.0
21.9
0.0
0.0
0.0
15.9
1.5
16.1
0.0
0.0
0.0
0.0
5.3
0.6
0.0
0.0
0.0
0.0
0.0
0.0
0.0
0.5
4.3
22.1
0.0
0.0
0.0
0.0
16.8
2.7
0.5
0.0
0.0
0.0
0.0
6.4
0.0
0.0
0.3
2.7
0.8
0.4
0.0
0.0
0.0
0.0
0.0
0.0
0.0
0.0
0.0
0.0
2.5
0.0
0.0
0.0
36.0
0.0
0.0
0.0
2.2
0.0
18.1
0.0
0.0
6.2
6.8
1.4
0.0
0.0
0.0
0.3
0.0
0.0
6.4
4.9
0.0
0.0
0.9
0.0
0.0
1.0
0.0
0.0
2.3
0.0
3.2
0.0
0.0
0.0
0.0
2.4
0.0
0.0
0.7
0.0
0.0
0.0
0.0
4.8
0.0
0.0
4.1
0.0
0.7
0.0
0.0
2.7
0.8
0.0
0.0
2.3
0.0
0.0
0.0
1.6
0.0
6.9
0.0
0.0
0.0
0.0
0.1
5.3
0.0
0.0
0.0
0.0
0.0
1.1
0.0
10.7
0.0
0.0
0.0
0.0
0.0
0.0
0.0
0.0
0.0
0.0
0.0
0.0
0.4
7.5
17.7
0.0
0.0
0.0
0.0
2.5
0.0
0.0
0.0
0.0
0.0
0.0
3.6
0.0
20.3
2.8
10.6
1.4
0.0
0.0
0.0
28.8
1.8
0.0
0.0
0.0
0.0
0.0
0.0
0.0
0.0
0.0
0.0
0.0
0.0
3.2
0.0
0.0
0.0
0.0
0.0
0.0
0.0
3.3
0.0
0.0
12.0
0.0
3.9
0.3
2.8
0.0
0.0
0.0
0.0
0.0
0.0
0.7
0.0
0.0
0.0
0.0
20.0
0.0
0.0
0.0
0.0
6.4
0.0
0.0
0.1
0.0
0.0
0.0
0.0
0.0
3.2
0.0
0.0
0.0
0.0
0.0
0.0
0.0
11.6
0.0
0.0
0.0
0.0
0.0
1.3
0.0
0.0
0.9
0.0
0.0
0.0
0.0
0.0
0.0
0.0
0.0
0.7
0.8
0.0
0.0
0.0
0.0
0.0
0.0
0.0
26.8
0.0
0.0
0.0
0.0
11.1
0.0
0.0
9.6
2.7
0.0
0.0
52.4
0.0
0.0
0.0
0.0
0.0
0.0
0.0
0.0
0.0
65.4
0.0
0.0
0.0
0.0
17.8
75.6
3.1
0.0
0.0
2.1
0.0
20.6
0.0
0.0
0.0
0.0
0.0
3.6
0.0
0.0
0.0
5.1
0.0
0.0
0.0
12.9
0.0
0.0
1.7
7.5
3.4
0.0
0.0
0.0
0.0
0.0
2.9
1.1
17.0
5.0
0.0
0.0
0.0
0.8
0.0
0.0
0.0
35.6
1.8
0.0
0.0
12.6
3.7
7.3
0.0
0.0
21.4
1.9
0.0
9.6
0.0
0.0
0.0
0.0
0.0
0.0
0.0
0.5
1.8
0.0
0.0
3.2
0.0
0.0
0.0
0.0
17.8
0.0
0.0
0.0
0.0
0.0
0.0
0.0
0.0
0.0
0.0
2.3
0.0
0.0
0.0
0.0
0.0
0.0
0.0
0.0
0.6
0.0
10.0
1.2
0.0
3.3
3.4
3.6
2.7
0.0
0.0
0.0
0.0
4.7
2.2
0.0
1.1
0.0
23.7
2.4
0.0
0.0
0.0
0.0
0.0
0.0
0.0
0.0
0.0
0.0
3.3
0.0
0.0
0.0
0.0
0.2
0.0
0.0
0.0
0.0
14.0
0.0
16.4
0.4
0.0
0.0
0.0
0.0
0.0
0.0
0.0
0.0
0.0
0.0
1.1
0.0
0.0
3.6
0.0
28.5
0.6
0.0
2.1
0.4
0.0
0.0
0.0
0.0
6.9
0.0
4.1
7.6
0.0
0.0
0.0
0.0
0.0
0.0
0.0
9.3
0.0
0.0
10.8
0.0
0.0
0.0
15.5
17.0
1.3
0.7
0.3
0.0
0.0
0.0
7.1
0.0
0.0
0.0
1.7
2.2
0.0
0.3
0.0
0.0
0.0
0.0
1.0
0.0
0.0
0.0
0.0
0.0
0.3
22.6
1.0
0.0
0.0
0.0
0.0
0.0
0.6
0.0
0.0
0.0
0.0
0.0
0.0
1.1
0.4
0.0
59.5
1.0
0.0
0.4
0.0
17.8
15.2
0.2
62.0
0.5
0.0
0.0
0.0
12.2
2.0
0.0
0.0
13.8
0.0
0.0
0.0
0.0
16.8
3.5
3.5
0.4
0.0
0.0
0.0
20.3
0.0
0.0
0.0
0.0
0.0
0.0
0.0
0.0
0.0
0.0
18.0
0.0
1.5
0.8
0.0
9.8
9.6
18.2
0.5
0.0
13.1
28.5
7.7
0.4
0.0
0.0
0.0
0.0
0.0
0.0
0.7
0.0
0.0
0.4
0.0
0.0
6.4
0.0
0.0
0.0
0.0
0.0
1.8
45.8
11.4
2.8
73.4
1.1
0.0
1.0
7.7
0.0
0.0
3.3
0.1
0.0
0.0
0.0
0.0
0.0
0.0
39.0
0.0
0.0
0.0
0.0
0.0
0.0
0.0
0.0
0.0
0.0
10.3
0.8
0.0
0.0
0.0
1.6
0.0
0.0
0.0
6.8
0.6
0.0
5.8
0.0
0.0
0.0
0.0
1.2
0.0
0.0
0.0
0.0
0.9
0.0
0.0
0.0
0.0
0.0
0.0
0.0
0.0
1.4
0.0
0.0
0.0
0.0
0.0
0.0
0.0
0.0
0.0
1.2
0.0
0.0
0.0
0.0
0.0
0.0
0.4
0.0
0.0
0.0
2.9
0.0
0.0
0.0
1.7
0.0
0.0
0.7
10.7
2.8
0.0
0.0
0.0
0.0
0.0
0.0
0.0
2.1
0.0
0.0
0.0
0.0
9.1
0.0
12.3
1.3
0.0
0.0
0.0
0.0
0.0
0.8
0.0
0.0
1.2
0.8
0.4
6.3
0.0
0.0
0.0
12.8
0.5
0.0
0.0
0.0
0.0
0.0
1.5
28.5
14.9
0.2
0.0
0.0
0.0
4.3
3.3
0.0
0.0
0.0
0.0
2.5
0.0
0.0
0.0
0.0
0.6
7.3
0.0
0.0
1.9
9.2
0.0
0.0
0.0
0.0
0.0
0.0
0.0
0.0
0.0
0.0
0.0
0.0
0.0
0.0
0.0
0.1
1.5
0.0
0.0
0.0
0.0
16.2
2.1
1.9
0.0
0.0
0.0
1.6
5.1
18.9
0.0
0.0
0.0
0.0
0.0
0.0
0.0
0.0
0.0
0.0
4.9
0.0
0.0
0.7
8.0
0.0
0.0
0.0
0.9
20.3
0.0
0.0
0.0
1.0
0.3
1.1
0.0
2.0
0.0
2.2
0.0
0.0
0.0
1.1
0.0
0.0
0.0
0.0
0.0
0.0
9.9
13.9
0.0
0.0
11.7
0.0
0.0
0.0
0.7
0.0
0.0
0.0
0.0
0.0
4.1
1.3
0.0
15.9
0.0
3.9
5.0
0.0
6.1
0.0
0.3
0.0
0.0
0.0
0.0
4.3
0.0
0.0
0.0
0.0
0.0
0.0
0.0
0.0
0.0
20.8
0.5
0.0
0.0
0.0
0.0
0.0
2.6
0.0
0.0
0.0
0.0
0.0
0.5
0.0
6.3
7.5
0.0
0.0
0.0
0.0
0.9
30.2
7.8
0.0
0.0
0.0
13.3
0.0
0.0
0.0
0.0
0.0
10.9
3.0
0.0
0.0
0.0
0.0
0.0
0.0
0.0
0.0
0.0
7.1
0.0
0.0
22.1
12.9
3.2
0.0
0.4
0.0
0.0
0.0
0.0
0.0
0.0
4.3
0.5
8.1
0.4
32.4
0.6
14.9
8.8
1.6
0.0
0.0
0.0
0.0
19.2
0.0
0.0
0.0
0.0
0.0
0.1
1.0
2.1
0.0
0.0
18.3
0.5
30.3
2.0
0.0
0.0
32.9
0.0
5.8
11.6
0.0
0.0
0.0
0.0
0.0
0.0
0.0
0.0
9.8
0.0
6.2
15.4
46.6
1.3
0.0
0.0
0.0
0.0
12.7
48.5
0.0
0.5
0.0
0.0
4.4
0.2
14.2
0.0
0.0
0.0
100.9
35.9
0.0
9.6
0.0
0.0
0.0
0.0
0.0
0.0
0.0
0.0
0.0
0.0
1.4
13.6
0.4
0.0
0.0
0.0
0.0
0.0
0.0
0.0
11.4
0.0
0.0
0.3
0.4
0.0
0.0
2.9
0.0
0.0
0.0
0.0
2.4
0.0
0.0
0.1
12.0
0.3
12.0
12.6
0.0
9.4
1.0
1.5
5.4
11.2
0.6
0.0
1.3
0.0
0.0
0.0
12.3
0.0
0.0
2.8
26.5
55.0
0.0
1.9
0.0
0.0
18.2
0.0
0.0
0.0
0.0
22.7
0.0
0.0
0.0
0.0
0.0
0.0
0.0
0.0
0.0
0.0
15.4
14.8
2.3
0.3
1.3
1.6
0.5
0.0
2.5
0.0
0.0
4.3
21.8
2.1
6.1
0.0
0.0
0.0
0.0
0.0
0.0
0.0
0.0
0.0
0.0
0.0
9.6
0.0
0.0
2.3
0.0
0.0
0.0
4.8
6.4
0.7
0.0
0.0
0.0
0.0
0.0
3.3
0.0
0.0
0.0
0.0
1.6
0.0
0.0
0.0
0.0
3.2
3.0
31.0
0.0
0.0
0.0
0.0
0.0
0.0
0.0
0.0
0.0
0.0
7.3
10.4
0.0
0.0
2.5
0.0
0.0
0.0
0.0
0.0
0.0
4.0
0.0
0.0
0.4
0.0
0.0
0.0
15.1
2.5
3.8
0.0
1.5
1.5
0.0
0.0
0.0
0.0
0.0
6.2
9.3
0.9
6.7
0.0
0.0
0.0
0.0
0.0
7.5
0.0
0.0
0.0
0.0
0.0
0.0
0.0
0.0
0.0
0.0
0.0
0.0
0.6
2.5
0.9
0.0
0.0
0.0
0.0
10.8
8.4
0.0
0.0
2.6
0.0
0.0
0.0
0.0
0.0
0.0
0.0
0.0
0.0
0.0
0.0
0.0
0.1
0.0
0.0
6.1
0.0
0.0
0.0
0.0
2.9
0.0
0.0
16.5
3.4
0.5
0.6
0.0
0.0
0.0
0.0
0.0
0.6
0.8
0.0
0.4
0.5
0.0
0.0
0.0
0.0
0.0
2.6
0.0
0.0
0.0
1.1
12.2
11.7
0.0
0.0
0.0
1.8
0.0
0.0
0.0
3.7
1.5
0.0
0.0
1.5
16.4
2.9
9.8
0.0
0.0
0.4
2.4
0.0
0.6
0.0
0.0
0.0
11.3
0.0
3.2
0.0
0.0
3.6
11.9
0.0
0.0
0.0
1.2
0.0
0.0
0.0
6.8
3.0
0.0
0.0
0.8
7.6
4.8
12.9
9.5
0.0
0.0
11.2
1.8
6.9
0.0
0.0
0.0
1.5
0.0
0.0
0.0
0.0
0.0
6.2
1.1
0.0
12.7
39.3
0.0
0.0
0.0
0.0
0.0
0.0
0.0
51.6
0.0
0.0
0.0
5.9
18.3
39.2
5.0
11.4
0.5
0.9
2.8
0.5
5.4
0.0
0.0
0.1
43.7
0.5
45.7
0.0
10.9
0.7
0.0
0.0
0.0
0.0
0.0
0.0
11.6
0.9
43.1
0.4
0.6
7.7
0.0
0.0
0.0
0.0
1.0
0.0
0.0
1.9
13.6
0.0
0.0
0.0
0.0
0.5
0.0
0.0
15.3
0.0
0.0
0.0
0.0
0.0
0.0
0.0
0.0
0.0
0.0
2.7
16.0
0.0
0.0
0.0
0.0
0.0
0.0
0.0
20.3
12.7
0.0
0.0
0.0
0.0
0.0
0.0
0.0
0.0
0.0
0.3
5.3
0.0
23.6
3.5
1.6
0.0
23.4
0.0
0.0
0.0
26.0
0.0
10.2
0.7
0.0
0.0
0.0
0.0
0.0
22.8
63.3
0.0
0.0
0.0
0.0
0.0
0.0
0.0
0.0
0.0
0.0
0.0
0.0
0.0
0.0
0.0
0.0
0.0
0.0
0.0
3.4
0.0
0.0
0.0
0.0
0.0
0.0
0.0
0.0
0.0
0.0
0.0
0.0
0.0
0.0
0.2
0.0
0.0
5.8
19.3
2.0
0.0
1.0
9.3
0.0
0.0
0.0
0.0
3.3
0.0
0.0
0.0
0.0
0.0
6.1
0.0
0.0
0.0
0.0
20.6
28.2
0.2
0.0
8.3
8.1
0.0
0.0
0.0
1.2
18.0
12.5
0.0
0.3
12.0
0.6
1.0
0.0
0.0
0.0
1.5
0.0
0.0
0.0
0.0
0.0
0.4
21.4
2.3
0.9
0.5
0.0
0.0
0.0
19.7
0.0
0.0
16.0
0.0
0.0
68.5
20.2
35.6
0.0
0.0
0.0
0.0
0.0
0.0
0.0
0.0
0.0
1.8
4.9
10.7
0.0
0.0
0.0
0.0
0.0
5.2
0.6
0.0
0.0
5.8
0.0
0.0
0.0
0.0
0.0
0.0
0.0
0.0
0.0
0.0
0.0
0.0
0.0
17.5
0.0
0.0
0.0
0.0
0.0
0.3
0.5
0.0
0.0
0.0
0.0
3.3
0.0
0.0
0.0
0.0
0.0
0.0
0.0
0.0
2.4
4.8
0.0
0.0
0.0
0.0
0.0
0.1
0.0
3.7
0.0
0.0
0.5
1.9
0.0
3.0
0.5
0.0
12.0
13.7
0.4
0.0
0.0
0.0
0.0
1.7
0.0
0.0
0.0
14.4
8.1
0.0
0.0
8.6
0.0
0.0
35.3
5.7
0.0
0.0
0.0
0.0
0.0
28.8
0.0
0.6
0.4
9.4
0.0
0.0
0.0
0.0
0.0
0.0
0.0
0.0
0.0
13.5
0.8
0.0
0.0
0.0
0.0
0.0
11.6
0.0
9.0
18.5
5.2
0.0
3.3
0.0
0.0
0.0
4.2
11.0
19.0
4.7
14.6
0.2
7.2
0.0
0.0
2.5
0.8
0.0
0.0
1.1
0.0
0.0
0.0
0.0
0.0
8.6
6.4
0.0
0.0
4.3
14.9
3.0
0.0
9.8
10.1
0.0
0.0
0.0
0.0
0.2
0.0
0.0
0.0
2.6
12.5
0.4
0.0
0.0
0.0
0.0
37.2
38.5
7.5
0.0
0.0
0.0
0.1
0.0
0.0
0.0
14.7
0.0
1.5
12.5
0.0
15.3
4.8
0.8
0.0
0.0
0.0
0.0
0.0
27.0
0.0
0.0
0.0
15.0
1.8
1.0
0.0
10.7
0.0
0.0
42.5
0.0
0.0
13.5
3.0
0.0
0.0
0.0
0.0
0.0
0.0
1.0
0.0
0.0
0.0
0.0
0.0
0.0
0.0
32.2
0.0
11.4
46.1
0.0
0.0
4.4
0.0
10.3
0.0
0.0
0.0
30.2
5.4
18.1
1.3
0.0
0.0
0.1
0.0
0.0
0.0
0.0
0.0
0.0
0.0
23.2
24.0
12.2
0.1
0.0
0.0
10.4
0.0
0.0
5.6
0.0
0.0
0.0
0.0
0.0
0.0
0.0
0.0
2.6
0.0
0.0
0.6
4.5
4.2
2.7
0.0
0.0
0.0
0.2
0.0
0.0
0.0
0.0
0.0
1.4
6.0
0.0
0.0
0.6
2.4
0.0
0.0
11.3
3.2
0.0
0.0
0.0
0.0
3.4
3.7
0.0
0.0
0.0
0.0
0.0
0.0
16.3
0.0
0.0
0.0
0.0
0.0
3.8
0.0
0.0
0.0
0.0
0.0
0.0
0.0
0.0
0.0
8.1
0.0
0.0
0.0
17.9
12.9
0.0
0.0
0.0
8.9
18.1
0.0
0.0
0.0
0.0
0.0
10.0
0.0
0.0
0.0
0.0
0.0
1.7
2.2
0.1
0.6
0.0
0.0
2.8
0.6
0.0
0.0
0.0
0.0
0.0
1.3
0.0
12.1
3.4
0.0
0.0
0.0
0.0
0.0
0.4
10.1
10.5
1.1
0.0
0.0
0.0
0.0
0.0
1.0
8.2
0.3
1.7
2.6
0.0
5.9
0.0
0.0
35.5
0.0
0.0
0.0
0.0
0.0
0.0
0.0
0.0
0.0
0.5
0.0
0.0
0.0
0.0
0.0
0.0
0.0
3.3
0.0
6.1
0.0
0.0
1.1
0.0
0.0
0.0
0.0
0.0
0.0
0.0
0.0
0.0
2.0
0.0
0.0
0.0
0.0
0.0
1.0
13.9
0.0
0.0
0.0
0.0
0.0
11.8
0.0
0.0
0.0
0.0
0.0
4.1
1.7
0.0
0.0
0.6
1.0
0.0
7.0
0.0
0.0
0.0
0.0
1.2
0.7
0.0
0.9
0.0
7.9
17.5
0.0
0.0
0.0
8.3
15.0
18.2
0.0
0.0
0.0
0.0
1.1
0.0
0.0
0.0
6.2
9.4
0.5
0.0
0.0
0.0
0.7
0.0
0.0
0.0
0.0
0.0
19.6
0.0
8.6
38.7
12.0
0.5
0.0
22.3
10.8
4.2
0.0
0.0
1.1
0.0
12.5
0.0
0.0
0.0
0.0
0.0
0.0
0.0
6.7
9.2
32.0
0.0
0.0
5.7
2.9
0.0
1.7
0.0
0.0
0.0
1.3
0.0
0.0
0.0
0.0
0.0
0.0
0.0
0.0
0.0
0.0
0.0
0.0
0.0
0.0
5.1
0.0
0.0
3.8
0.0
0.8
4.0
1.8
1.4
0.8
0.0
0.0
0.8
0.0
0.0
1.1
1.2
0.0
0.0
0.0
3.8
0.0
0.0
0.0
0.0
0.0
2.7
17.8
0.0
0.0
0.0
0.0
0.0
0.0
18.4
0.0
1.2
1.0
6.7
1.9
0.0
0.0
11.9
0.4
0.0
0.0
0.0
0.0
3.3
0.0
14.3
0.0
0.0
1.8
0.0
0.0
0.0
1.1
0.0
0.0
0.0
0.0
0.0
2.1
0.0
4.4
0.0
0.1
33.8
1.0
0.0
0.0
0.0
0.0
0.6
22.2
0.0
0.0
0.0
0.0
0.0
0.0
0.0
0.0
0.0
0.0
0.0
0.0
0.0
0.0
0.0
0.1
0.0
0.0
0.0
0.5
32.5
0.0
0.0
0.0
0.5
0.0
0.0
0.0
0.0
0.0
0.0
0.0
0.0
0.0
0.0
0.0
2.4
13.1
9.2
9.4
0.0
7.5
17.2
1.9
0.5
0.0
4.4
0.3
0.0
0.0
0.0
0.0
0.0
0.3
33.9
6.8
1.9
0.0
0.0
0.0
0.0
0.2
0.3
0.0
2.4
1.0
0.0
0.8
19.7
0.4
0.0
0.0
0.0
0.0
1.6
0.6
0.0
11.4
4.6
0.0
8.3
27.8
0.0
0.0
0.0
0.0
0.0
0.0
0.0
0.0
0.0
0.0
2.5
0.0
0.0
0.0
0.0
2.7
0.0
0.0
0.0
0.0
0.0
0.0
0.0
0.0
0.0
0.0
0.0
0.0
0.0
0.0
0.0
0.0
0.0
1.3
1.5
4.8
0.0
0.0
0.0
0.0
4.2
0.8
0.0
0.0
0.0
0.0
0.0
0.0
0.0
2.4
0.0
0.4
1.0
6.8
0.0
0.0
5.5
0.0
0.0
0.0
0.0
0.0
0.0
8.9
2.1
0.0
0.0
0.0
0.0
0.0
0.0
0.0
0.0
0.0
0.0
0.0
0.9
0.6
3.0
0.0
0.0
0.0
0.0
5.2
0.0
0.0
0.0
0.0
0.7
0.0
2.4
10.6
36.6
68.0
1.5
1.9
3.9
2.9
0.0
0.0
1.6
15.9
3.8
0.0
0.0
0.0
4.1
0.0
0.0
0.0
0.0
0.0
0.0
0.0
0.0
0.0
0.0
7.0
0.6
0.0
0.0
0.0
0.0
0.0
15.8
20.4
0.0
16.8
3.6
1.4
1.1
0.0
0.0
6.6
8.2
2.8
0.0
0.0
0.0
0.0
3.9
0.0
0.0
0.0
0.0
23.3
4.2
1.0
0.0
0.0
0.0
0.0
0.0
0.0
0.0
5.8
0.0
0.0
0.0
0.0
0.0
0.0
0.0
0.0
18.3
2.2
0.0
0.0
0.0
0.0
0.0
19.1
0.0
0.0
0.0
0.0
0.0
1.0
0.0
0.0
0.3
0.0
0.4
0.8
0.0
0.0
0.0
30.3
0.0
0.0
0.4
4.3
9.5
22.6
0.0
11.6
0.0
0.0
0.0
0.0
0.0
0.0
34.3
41.7
29.8
2.4
0.0
0.0
0.0
0.0
0.0
0.0
37.1
13.2
25.5
39.1
0.3
0.0
2.8
0.4
0.0
0.0
0.0
0.0
10.5
0.0
7.3
0.8
9.1
0.0
0.0
0.0
0.0
3.6
0.0
0.0
0.0
17.8
0.9
0.0
0.0
0.0
0.0
0.0
3.0
7.9
0.0
0.0
0.0
0.0
0.0
0.0
27.5
0.7
19.4
0.0
0.1
0.0
0.0
0.0
8.6
0.2
0.0
0.0
0.8
0.0
0.0
0.0
0.0
1.9
47.5
1.3
0.0
0.0
28.6
0.0
0.0
0.0
12.6
0.0
0.0
0.0
4.8
0.6
0.0
0.0
0.0
0.0
0.0
0.0
0.0
27.5
70.3
9.8
0.0
0.0
0.0
0.0
0.0
0.0
0.0
0.0
0.0
0.0
9.3
1.6
0.0
0.0
0.0
2.9
8.8
0.0
0.0
0.0
0.0
0.0
0.0
0.0
0.0
47.5
4.5
15.2
0.7
0.0
0.2
4.3
0.0
6.5
0.0
2.8
0.0
0.0
0.0
0.0
0.6
0.0
0.0
0.0
0.0
0.0
4.4
5.9
1.2
0.0
0.0
15.2
11.9
16.2
0.0
0.6
8.9
3.8
0.0
0.0
5.8
0.0
0.0
0.0
0.9
0.0
6.9
0.0
0.0
0.0
0.0
0.0
0.0
0.0
0.0
11.2
0.0
29.2
0.0
0.0
0.0
0.0
14.7
4.9
1.2
0.5
0.5
0.0
1.6
0.0
0.0
0.0
0.0
0.0
0.0
9.6
0.1
0.0
0.0
0.0
0.0
0.0
4.5
0.0
0.0
0.0
0.0
0.0
6.0
14.2
0.0
0.0
18.7
