20000101
0.0
0.0
0.2
11.1
0.0
0.0
0.0
0.0
1.4
0.0
0.0
0.0
0.0
0.0
0.0
0.0
0.0
0.0
0.0
6.8
0.0
0.0
2.7
0.0
0.0
0.0
0.0
0.0
0.0
5.0
0.0
0.0
0.0
0.0
0.2
0.0
0.0
0.0
0.0
0.0
3.0
0.0
0.0
0.0
0.5
0.0
0.0
0.0
32.9
0.5
0.0
0.0
0.0
0.0
1.8
0.0
0.4
6.8
0.0
0.0
1.4
0.0
0.0
0.0
0.0
0.0
0.0
0.0
0.0
0.0
1.8
6.3
0.0
0.0
0.5
1.0
0.0
0.0
3.7
12.1
9.5
0.0
0.0
0.0
0.0
0.0
3.6
0.0
0.0
0.0
0.0
0.0
0.4
0.0
0.0
0.0
0.0
0.0
3.6
0.0
0.0
9.3
0.0
0.0
0.0
0.0
0.0
15.8
0.8
0.0
3.0
11.0
0.0
0.0
16.3
0.0
0.0
0.0
0.0
0.0
0.0
0.0
6.3
0.0
2.1
0.0
0.0
0.5
0.4
6.7
7.4
0.0
0.0
17.7
0.0
0.0
0.0
0.0
0.6
7.1
0.0
0.0
1.1
3.6
0.0
0.0
0.0
32.1
13.9
0.0
0.0
0.0
0.0
0.0
0.0
0.0
25.8
0.0
0.0
0.0
0.0
0.0
0.0
13.8
16.6
0.6
11.6
0.0
0.0
0.0
0.0
0.0
44.0
0.0
0.0
19.1
7.3
7.2
2.7
0.0
0.7
0.0
0.0
0.0
2.7
0.0
42.1
0.1
0.0
0.0
0.0
0.0
25.5
0.0
0.0
0.0
0.0
0.0
0.0
0.0
2.0
1.0
0.0
0.0
0.0
0.0
0.0
0.0
0.0
0.0
0.0
1.5
1.6
0.0
0.0
3.3
0.0
0.0
18.0
0.9
0.7
2.3
0.0
0.0
0.0
0.0
0.0
0.0
0.0
0.0
11.1
0.0
0.0
0.0
8.4
18.4
4.0
0.0
0.0
19.8
0.0
0.6
0.0
0.0
0.0
0.0
0.0
0.0
0.0
0.0
0.0
0.0
0.0
2.4
24.8
8.0
0.0
0.0
2.8
0.0
0.0
0.0
0.0
0.0
6.6
2.3
1.2
12.2
14.9
10.2
0.0
0.0
0.0
0.0
0.0
0.0
0.0
10.8
23.4
5.5
0.0
0.0
0.0
0.0
0.0
0.0
0.0
1.3
15.6
0.0
1.6
0.0
0.0
0.0
0.0
0.0
0.0
0.0
0.0
0.0
0.0
0.0
0.0
0.0
0.0
0.5
1.9
0.9
0.0
0.0
0.0
25.4
0.0
7.4
20.5
0.0
0.0
10.0
0.0
0.0
0.0
0.0
0.0
0.0
0.0
0.0
0.0
0.0
0.0
4.4
10.2
0.0
0.0
0.6
0.8
0.0
0.9
0.0
0.0
0.0
0.0
0.0
0.0
0.0
0.0
8.6
15.1
8.0
4.3
0.0
0.7
1.1
0.0
1.5
0.0
1.1
0.0
0.0
0.0
0.0
0.0
0.5
0.0
2.0
1.5
0.0
0.4
0.0
0.0
0.0
0.0
0.0
0.0
0.0
0.0
0.0
0.0
2.4
0.0
0.7
0.0
0.0
0.0
0.0
0.1
0.0
0.0
0.0
0.0
0.0
0.0
1.2
4.4
0.0
14.4
9.1
0.7
0.0
0.0
0.0
0.0
0.1
0.0
0.0
0.0
2.6
11.7
0.0
0.0
0.0
10.9
1.9
0.0
0.0
0.0
0.0
0.0
0.0
3.1
0.0
7.0
48.8
0.0
0.0
0.0
0.0
0.0
0.0
0.0
0.4
0.0
0.0
0.0
0.0
0.0
0.0
0.6
1.3
0.0
8.1
8.5
4.1
0.0
0.0
0.0
0.0
0.0
0.0
0.0
0.0
0.0
0.0
0.0
0.0
0.0
0.0
2.7
0.0
0.0
0.0
0.0
4.5
0.0
0.0
1.0
4.3
21.7
0.5
0.0
0.0
5.2
1.1
0.7
0.0
0.0
4.1
1.4
0.4
0.3
1.5
1.6
0.9
0.0
0.3
0.0
0.0
1.9
0.0
0.0
0.0
3.4
0.0
1.6
2.7
0.0
0.0
10.2
0.0
0.0
0.2
0.1
0.0
3.4
8.0
1.2
0.9
2.0
2.8
1.6
1.6
4.3
6.0
8.8
0.0
0.0
0.0
4.4
5.8
3.0
0.7
7.2
9.7
28.2
0.0
0.0
0.0
0.0
0.0
0.0
0.0
0.0
2.3
0.0
0.0
0.0
0.0
0.0
13.4
5.6
0.0
0.0
0.0
0.0
0.0
0.0
0.0
0.0
0.0
0.4
0.0
10.6
22.6
0.0
0.0
0.0
12.7
0.0
0.0
0.0
0.0
0.0
0.0
0.0
0.0
13.6
6.6
0.0
0.3
0.1
0.0
9.3
0.0
2.4
0.0
0.0
16.1
5.0
0.0
0.0
0.0
17.1
0.0
0.0
0.0
0.0
0.0
0.0
0.0
0.0
0.0
0.0
0.0
0.0
5.8
0.0
0.0
15.5
0.0
0.0
0.0
29.9
2.2
1.0
1.7
0.0
0.0
0.0
0.0
11.6
0.0
0.0
0.0
0.0
0.0
0.0
5.6
1.6
6.0
4.0
0.0
0.0
0.0
0.0
0.0
0.0
0.0
1.0
12.3
0.3
4.9
0.0
0.0
0.0
0.0
0.0
0.0
0.0
0.0
0.0
0.0
0.0
0.0
0.0
16.5
10.4
0.0
0.0
0.0
8.4
7.4
24.6
0.0
26.4
2.2
16.0
0.0
0.0
0.0
0.0
0.0
0.5
2.9
0.0
23.1
0.0
0.0
0.0
0.0
0.0
0.0
0.0
5.9
0.0
0.0
0.0
0.0
0.0
0.0
1.0
0.0
0.0
0.0
0.0
0.0
0.0
0.0
0.0
0.0
0.5
0.0
0.0
0.0
0.0
6.2
1.6
0.0
0.9
5.3
8.6
18.6
0.0
0.0
0.0
0.0
0.0
1.5
0.0
0.0
0.0
0.0
0.0
1.4
5.9
6.9
2.2
3.2
17.3
2.3
0.0
0.0
0.0
0.0
3.9
0.0
0.0
0.0
0.0
0.0
0.0
0.0
0.0
0.0
0.0
0.0
0.0
0.0
0.4
0.0
0.0
0.0
0.0
0.1
0.0
0.0
0.0
0.0
0.0
0.0
0.0
0.1
0.0
0.0
0.0
0.0
0.7
0.8
0.0
0.0
0.0
0.0
13.0
40.8
14.4
0.0
0.0
0.0
0.0
0.0
0.0
0.0
0.0
0.0
4.7
0.0
0.0
0.0
0.0
0.0
0.0
0.0
6.0
18.9
12.8
0.3
0.0
0.0
0.0
9.6
0.5
0.0
0.0
4.1
10.1
0.0
0.0
0.0
0.0
0.0
13.8
3.5
0.0
0.4
0.0
0.0
3.0
6.3
3.9
0.0
0.4
3.0
0.0
0.0
0.0
0.0
19.3
14.6
0.3
0.0
0.3
1.1
0.0
0.0
0.8
0.8
0.0
0.0
0.0
0.0
2.8
5.4
0.0
0.0
0.0
1.8
0.0
0.0
0.0
0.0
0.0
0.0
8.8
25.2
7.9
0.0
0.0
18.2
0.0
0.0
44.0
0.0
0.0
0.0
4.1
0.0
0.0
0.0
14.7
29.4
0.6
19.3
0.0
2.5
38.7
22.9
5.7
0.0
0.2
31.6
7.5
0.0
0.0
0.0
0.0
0.0
1.8
1.1
0.0
0.0
6.3
1.9
0.0
0.0
0.0
0.0
0.0
0.0
12.1
4.7
0.0
0.0
0.0
2.3
0.5
37.6
25.9
6.8
8.8
1.3
0.0
0.0
0.0
0.0
0.0
0.0
0.0
0.0
2.6
0.5
0.0
0.0
0.0
0.0
0.0
0.0
0.0
0.0
0.0
0.0
0.0
0.0
0.0
0.0
0.0
0.0
0.0
0.0
0.0
0.0
0.0
0.0
0.0
0.0
0.0
20.9
15.0
0.0
0.0
0.0
16.2
2.9
4.3
0.1
0.0
0.0
1.9
0.1
0.0
0.0
0.0
0.0
0.0
0.0
0.0
0.0
0.0
0.0
2.1
11.2
9.4
4.7
0.0
17.1
12.3
0.0
0.0
30.5
29.0
0.0
0.0
0.1
0.0
0.0
0.0
0.0
0.0
0.0
0.0
0.0
0.0
0.0
0.0
0.0
0.0
0.0
0.0
0.0
0.0
0.0
0.9
2.7
0.0
20.5
0.0
13.2
4.8
0.0
0.0
0.0
0.0
0.0
0.0
0.0
0.0
0.0
0.0
0.0
0.4
0.0
11.2
0.0
0.4
0.0
0.0
0.0
0.0
0.0
3.2
0.0
0.0
0.0
0.0
0.0
35.4
0.0
0.0
0.0
0.0
0.0
5.1
7.0
0.0
0.0
7.6
5.2
1.5
0.0
0.0
0.0
1.7
4.9
8.8
0.0
0.0
0.0
2.1
0.0
0.0
0.0
0.0
2.3
0.0
0.0
0.0
0.2
0.0
0.0
2.7
0.0
0.0
2.7
0.0
0.0
0.0
0.0
0.0
0.0
0.0
0.0
0.0
0.0
0.0
0.0
0.0
0.0
0.0
0.0
0.0
0.0
0.0
0.0
0.0
0.0
8.7
26.7
1.2
0.0
0.0
0.0
0.0
12.7
0.0
0.0
0.0
0.0
0.0
0.4
0.0
0.8
4.2
0.0
4.5
0.6
0.0
0.0
0.0
0.0
0.0
0.0
0.0
0.0
0.0
2.1
1.6
0.0
0.0
0.0
0.0
0.0
0.0
0.0
0.0
1.6
0.0
0.0
3.0
0.0
0.3
5.2
0.0
0.0
0.6
0.0
0.0
0.0
0.0
0.0
1.5
2.8
0.0
0.0
2.9
12.8
10.9
0.0
0.0
0.0
0.0
0.0
0.0
2.2
2.1
0.0
0.0
0.0
0.0
0.0
0.7
0.0
0.0
4.4
0.4
0.0
0.0
0.0
0.0
0.0
0.0
13.7
0.0
0.0
0.0
0.0
0.0
1.1
15.3
3.9
0.0
0.0
0.0
2.9
0.0
0.0
0.0
10.9
0.0
0.0
0.0
0.0
0.0
0.0
2.9
0.0
12.0
0.0
0.0
0.0
0.0
0.0
0.0
0.0
0.0
0.0
6.5
3.1
0.0
11.9
0.2
0.0
0.0
0.0
8.6
3.1
0.0
0.0
0.0
1.0
5.2
0.0
0.0
0.0
36.2
0.0
3.5
0.0
6.2
3.0
22.8
0.0
0.0
0.1
9.2
1.9
0.0
10.8
0.1
19.4
0.0
0.0
0.0
0.0
0.0
0.0
0.0
0.0
3.5
0.0
8.2
0.0
0.0
8.1
0.8
0.0
0.0
9.8
0.0
0.0
0.0
21.4
35.3
0.0
31.4
0.0
0.0
0.0
0.0
13.5
0.0
0.0
0.0
0.0
0.0
0.0
2.5
0.8
0.0
0.1
1.6
0.0
0.0
0.3
0.0
0.0
0.0
0.0
0.0
20.9
38.3
0.0
0.0
0.0
0.0
0.0
0.0
0.0
15.6
1.4
0.0
19.5
0.0
1.9
0.0
0.0
0.0
0.0
0.9
13.3
0.0
0.0
0.0
0.8
5.6
0.5
0.0
0.0
1.7
0.0
0.0
0.0
0.0
0.0
0.0
0.5
0.0
0.0
0.0
0.0
0.0
0.0
0.0
0.0
0.0
0.0
0.0
0.0
0.0
0.0
1.4
32.7
0.4
110.7
13.4
0.0
0.0
0.0
0.0
0.0
0.0
0.0
0.0
0.0
0.1
1.2
1.2
0.0
0.0
0.0
0.0
0.0
0.0
1.8
2.6
2.9
0.0
0.0
1.5
20.9
0.0
0.0
0.0
0.0
0.0
0.0
1.0
0.0
0.0
0.0
0.0
0.0
0.5
0.0
0.0
0.0
17.6
0.0
0.0
0.0
0.0
0.0
0.0
0.0
0.0
0.0
0.0
6.3
7.6
0.0
0.7
0.0
0.0
0.0
0.0
1.5
0.0
0.0
10.8
0.2
0.0
0.0
0.0
0.0
1.1
1.3
0.0
0.0
1.1
0.6
0.0
45.8
14.3
0.0
0.0
0.0
0.0
19.1
0.0
1.2
0.3
0.0
0.4
0.0
0.0
0.0
0.0
1.4
7.4
0.6
0.0
0.0
0.0
4.2
0.0
0.0
0.0
1.9
0.0
0.0
0.0
3.0
1.7
1.0
0.0
0.0
24.2
1.1
0.0
0.0
0.0
0.0
17.3
0.0
0.0
0.0
0.0
0.0
24.6
11.6
0.0
0.0
0.0
0.0
0.0
0.0
0.0
0.0
0.0
0.0
0.0
3.4
5.4
0.0
0.0
0.0
0.0
0.0
0.0
0.0
1.8
2.7
0.5
0.0
1.5
0.0
0.0
0.0
5.9
0.0
0.0
3.2
1.6
0.0
0.0
0.0
0.0
0.0
0.0
0.0
0.0
0.0
0.0
0.0
0.0
0.3
0.1
0.0
0.0
0.0
0.0
0.0
0.0
0.0
0.0
0.1
0.0
0.0
1.3
30.6
0.0
0.4
0.0
0.0
0.0
0.0
0.0
0.0
2.8
0.0
4.0
1.8
0.0
0.0
0.0
0.0
0.0
0.0
0.0
1.1
49.5
34.5
0.0
14.0
14.0
10.2
3.1
0.0
0.0
0.0
0.0
0.0
0.0
0.0
0.0
0.0
0.0
0.0
0.0
0.0
0.0
0.0
0.0
0.0
0.0
0.0
13.1
0.0
11.0
0.0
8.7
0.0
0.0
0.0
0.0
0.0
6.6
6.6
3.3
0.0
0.9
0.0
0.0
0.0
0.0
0.0
4.4
0.1
6.3
38.2
8.5
0.0
0.0
0.0
13.7
0.0
0.0
0.0
0.0
0.5
26.3
0.0
1.0
0.8
0.0
0.7
8.8
1.4
0.0
0.0
0.0
0.0
0.0
0.0
0.0
0.0
4.3
46.9
0.0
0.3
0.0
1.8
42.8
13.6
0.0
0.3
0.0
0.0
3.1
0.0
0.0
6.8
0.0
0.0
0.0
0.0
0.0
0.0
0.0
0.7
1.4
0.0
4.8
8.2
0.0
0.0
42.6
1.1
1.7
0.0
12.3
0.0
0.0
8.9
0.0
0.0
0.0
0.0
0.0
5.8
0.0
0.0
0.0
0.0
0.0
0.7
9.9
9.4
0.0
0.0
0.0
9.1
0.0
0.0
0.0
0.0
0.0
22.6
0.0
0.0
0.0
0.0
0.0
0.0
0.0
5.0
0.0
6.7
13.5
0.0
0.0
0.9
10.3
62.0
0.0
13.9
12.0
0.0
0.0
0.0
0.0
0.0
0.0
0.0
0.0
0.0
0.0
0.0
0.0
0.0
0.0
0.0
0.0
1.3
0.6
0.0
0.0
0.0
0.0
0.0
0.0
0.0
0.0
0.0
0.0
0.0
0.0
0.0
0.0
0.0
1.5
0.0
0.0
0.0
0.0
0.0
0.3
5.9
0.0
0.0
0.3
18.8
0.6
7.4
0.0
0.0
22.3
12.6
0.4
0.0
0.0
7.5
1.0
0.0
0.0
22.5
0.0
7.4
10.6
0.0
6.7
20.3
0.0
9.2
0.0
0.0
0.0
0.0
0.0
0.0
2.5
4.1
0.0
0.0
0.0
0.0
0.6
0.0
4.7
0.0
0.0
1.2
0.0
5.9
21.9
0.0
17.8
9.1
1.8
9.0
14.9
0.0
0.0
0.0
0.0
13.9
26.6
1.5
0.0
0.0
2.3
0.0
0.0
0.0
0.0
0.0
0.0
0.0
0.0
0.0
0.0
0.0
0.0
0.0
0.0
0.6
0.0
0.0
0.0
0.0
0.0
0.1
0.8
13.4
19.2
21.4
20.7
0.0
3.6
0.0
0.0
3.4
31.9
27.9
5.2
0.0
0.2
0.0
0.0
0.0
0.0
0.0
0.0
0.8
0.0
0.0
0.0
0.0
0.0
2.5
5.5
0.0
0.0
0.0
0.0
0.0
0.0
0.0
4.4
8.1
1.8
0.5
0.0
0.0
2.9
22.7
0.0
2.0
1.3
0.0
0.0
3.1
1.1
0.0
0.0
0.0
0.0
0.0
0.0
1.1
0.6
0.1
0.0
0.0
0.0
0.0
0.8
0.0
0.0
0.0
1.1
0.0
0.0
0.0
0.0
0.0
0.0
0.0
0.0
0.0
0.0
0.0
22.9
3.7
9.3
4.3
0.0
0.0
0.0
0.0
4.3
0.0
3.5
0.0
0.0
0.0
0.0
0.6
0.0
0.0
0.0
0.0
6.1
8.9
0.0
0.0
0.0
0.0
0.0
0.0
0.0
2.1
15.0
5.8
0.0
0.0
4.8
0.1
0.0
0.0
2.3
0.0
0.0
0.0
0.0
0.0
0.0
0.0
0.0
0.4
0.0
0.1
5.7
0.6
0.7
5.2
0.0
0.0
0.0
15.1
6.9
0.0
0.0
0.0
0.0
0.0
0.0
0.0
1.6
0.0
0.8
0.0
0.0
0.3
1.4
0.0
0.0
0.0
0.0
0.4
2.8
0.0
10.7
0.0
0.8
35.2
0.0
0.0
0.0
0.0
0.0
0.0
0.0
0.0
0.0
0.0
0.0
0.6
0.0
0.0
1.3
0.0
0.0
0.0
0.0
0.0
6.1
0.0
0.0
0.6
0.0
0.0
0.0
14.6
15.3
7.3
7.0
12.7
0.0
4.8
14.6
0.0
0.0
0.7
0.0
0.0
0.0
0.0
19.9
0.0
0.0
0.0
0.0
0.0
0.0
0.0
4.3
20.4
1.9
0.0
0.0
0.0
0.0
0.0
0.3
10.6
4.7
6.1
2.4
0.0
0.0
47.6
6.4
0.0
8.1
0.0
0.0
0.0
1.6
0.0
0.1
0.0
0.0
0.0
0.0
0.0
0.0
0.0
0.0
0.0
0.0
0.0
0.0
0.0
0.0
0.0
0.0
5.5
0.0
17.4
0.0
0.0
16.8
13.3
0.0
0.0
0.0
10.6
0.0
38.5
0.0
0.0
12.7
0.0
0.0
0.0
0.0
0.0
0.0
0.0
0.0
0.0
0.0
0.0
0.0
0.0
0.0
0.0
0.0
0.0
0.0
0.0
0.0
4.4
28.3
0.0
0.0
0.1
0.0
0.0
0.0
0.0
0.0
0.0
17.2
33.3
0.0
0.0
0.0
0.0
15.5
0.0
5.3
0.0
0.0
0.0
0.0
0.6
0.0
7.8
14.6
0.0
0.0
0.0
0.0
0.0
0.0
0.0
0.0
0.0
0.0
5.1
21.2
6.7
0.0
1.2
1.3
0.0
1.4
0.0
0.3
0.4
0.0
8.4
0.0
0.0
0.7
0.0
2.8
2.0
0.0
0.0
0.0
0.5
0.0
0.0
0.0
0.0
0.0
3.2
0.3
0.0
0.6
8.8
0.0
4.9
0.0
0.0
2.1
0.0
0.0
0.0
0.0
0.0
0.0
0.0
4.7
0.0
2.0
6.6
0.0
0.0
5.3
0.3
0.0
0.0
4.5
0.0
0.0
0.0
0.0
0.0
0.0
0.0
19.0
0.0
0.7
0.0
0.0
0.0
4.4
0.0
0.0
0.0
0.0
0.0
0.0
0.0
0.0
0.0
0.0
0.0
7.0
13.1
0.0
0.0
0.0
0.0
0.0
0.0
0.0
0.0
0.0
0.0
0.0
0.0
0.0
0.0
0.0
0.0
2.4
0.9
3.8
11.1
20.7
11.1
27.2
14.4
0.4
0.0
0.0
0.0
0.0
0.0
0.0
5.6
4.3
0.0
0.0
0.0
0.0
0.0
6.1
0.6
0.0
11.4
0.0
0.0
15.4
0.0
0.0
7.1
26.5
0.4
0.0
0.0
0.0
0.3
0.0
6.4
2.4
0.6
30.3
0.0
13.2
0.0
0.0
0.0
0.0
0.0
2.1
3.1
0.0
0.0
0.0
7.8
9.7
9.9
0.0
1.9
0.0
0.0
0.0
0.0
0.0
0.0
19.9
0.7
2.4
1.4
1.7
3.8
0.1
13.0
0.0
0.0
0.0
0.0
0.0
0.0
3.3
0.0
0.0
0.0
0.0
0.0
2.3
9.8
3.5
0.0
0.0
0.0
0.0
0.4
0.0
0.0
0.0
3.2
0.0
0.0
0.0
0.0
0.0
0.0
0.2
8.6
3.3
0.0
0.0
0.0
0.0
0.0
2.5
9.0
1.5
0.0
0.0
0.4
0.0
0.9
19.4
5.4
0.0
0.0
0.0
1.9
0.1
29.9
9.8
33.3
0.0
0.0
0.0
0.0
0.6
0.0
2.6
1.8
18.1
0.0
0.0
0.0
0.0
114.6
30.8
0.0
0.0
0.0
0.0
0.0
0.5
0.0
0.0
0.0
2.4
4.1
11.5
14.0
1.5
0.0
0.0
0.6
2.3
0.0
0.0
18.6
35.5
0.3
0.0
0.0
0.0
0.0
0.0
0.0
2.1
28.1
6.8
0.3
0.4
0.7
0.4
0.0
0.0
3.7
0.8
0.0
0.5
0.0
0.0
0.0
9.0
0.1
0.7
0.0
0.0
0.0
12.4
0.0
0.0
0.0
5.3
0.0
0.0
0.0
0.0
0.0
0.0
0.0
0.0
0.0
0.0
2.3
0.0
0.0
0.0
0.0
0.0
0.0
0.0
6.1
2.5
0.0
0.0
0.0
0.0
53.5
0.0
0.0
0.0
0.0
3.8
0.0
0.0
0.0
8.6
2.6
2.9
0.0
0.0
0.0
0.0
0.0
0.0
0.0
0.0
0.4
1.7
0.5
0.0
0.0
14.4
0.0
0.0
0.0
7.4
10.8
0.3
0.0
0.0
0.0
0.0
0.0
0.0
0.0
0.0
0.0
0.0
0.0
0.0
17.0
44.4
5.6
0.0
0.0
0.0
0.0
0.0
0.0
0.0
0.0
0.6
6.3
6.4
2.4
0.0
0.0
0.0
2.2
1.8
0.0
23.3
14.5
11.4
0.0
0.0
0.0
0.0
0.0
0.0
0.0
18.2
2.4
0.0
0.0
0.0
14.1
1.6
0.0
3.6
0.0
0.0
0.0
0.0
25.9
1.2
21.6
0.1
0.0
0.0
0.0
0.0
5.1
0.0
0.0
2.6
0.0
0.0
0.0
0.0
0.0
0.0
0.0
0.0
0.0
0.0
0.0
0.0
0.0
9.4
0.0
0.0
0.0
0.0
0.0
11.9
12.4
0.0
0.0
4.0
0.8
0.0
0.0
0.0
0.0
0.0
0.0
22.7
0.0
0.0
0.0
2.6
5.9
0.0
0.0
0.0
0.0
0.0
0.0
0.0
0.4
0.0
0.0
0.0
0.0
4.9
0.0
0.0
0.0
3.7
4.6
0.9
2.5
10.2
6.6
0.2
0.0
0.0
0.0
6.2
1.0
18.6
14.6
0.0
0.0
7.3
0.0
0.0
0.0
0.0
0.0
0.0
12.7
6.8
0.0
1.7
7.2
0.0
0.0
0.0
0.0
0.0
0.0
0.0
0.0
0.0
10.4
9.4
8.6
0.0
0.0
0.0
0.0
0.0
0.0
0.3
2.2
0.0
0.0
0.0
0.0
0.1
0.0
0.0
0.0
0.0
0.0
18.6
0.0
0.0
0.0
0.0
0.0
0.0
0.0
0.0
1.6
0.3
6.0
2.0
0.0
0.0
1.4
0.8
0.0
0.6
0.0
2.2
0.0
0.0
0.0
0.0
0.0
0.0
0.0
0.0
0.0
0.0
0.0
0.0
0.0
10.9
0.0
0.0
17.8
5.6
49.6
0.9
0.0
6.9
12.6
16.4
0.0
0.0
0.0
0.0
0.0
1.4
0.0
0.0
0.0
0.0
4.5
0.3
0.0
7.9
0.0
1.5
0.0
4.6
13.1
0.5
0.1
0.0
0.0
0.0
0.0
0.0
0.0
0.0
10.3
0.0
0.0
0.0
0.0
0.0
0.0
0.0
1.7
0.0
2.2
0.0
0.0
0.0
0.0
0.0
0.0
0.0
3.3
1.3
5.1
0.0
2.4
5.7
13.3
0.1
0.0
0.0
5.9
0.0
0.0
0.0
0.0
0.0
0.0
0.0
0.0
0.0
0.0
0.0
0.0
4.3
8.4
4.7
0.0
3.8
0.0
0.0
0.0
0.0
0.0
0.0
0.0
0.0
0.0
0.0
0.0
0.0
0.0
1.6
1.3
0.8
0.0
0.0
0.0
3.2
0.0
16.2
0.0
0.0
0.0
0.0
0.0
0.4
0.0
0.0
0.0
0.0
0.0
0.0
21.4
0.0
24.2
0.7
0.0
0.0
0.0
12.5
0.0
0.0
0.5
8.6
0.0
0.0
0.0
0.0
0.0
0.0
0.0
0.0
0.0
0.0
0.0
0.0
0.0
0.0
0.3
0.0
7.2
0.0
0.0
0.0
0.0
0.0
0.4
0.0
7.6
44.9
0.0
0.0
0.0
6.7
1.3
0.0
0.0
0.0
0.0
3.1
8.0
0.0
0.9
0.0
3.5
1.1
8.8
5.0
1.5
9.7
0.0
0.0
1.8
15.0
0.0
0.0
0.0
0.0
1.8
0.3
2.1
0.0
0.0
0.0
2.5
0.0
3.2
0.0
0.0
0.6
1.0
0.0
0.0
3.1
0.7
0.0
45.4
3.7
0.0
3.3
0.0
0.0
0.0
0.0
0.0
0.0
0.1
0.0
0.0
0.0
0.9
0.0
0.7
0.0
0.0
0.0
0.0
0.0
6.6
0.0
16.4
0.5
0.0
13.4
24.7
57.1
2.4
0.0
1.0
0.0
0.0
0.0
0.0
0.0
0.0
0.0
26.1
1.4
0.0
0.5
0.0
2.2
5.6
0.0
0.0
3.7
0.7
0.0
2.7
0.0
0.0
4.8
4.6
9.2
0.0
0.0
0.0
0.0
0.0
0.0
0.0
0.0
2.8
0.0
0.7
0.0
22.3
16.7
0.0
0.0
0.0
0.0
0.0
0.0
0.0
1.4
30.6
0.0
0.0
0.9
10.3
0.0
0.0
1.5
0.0
0.0
0.0
0.0
5.5
2.8
24.8
0.2
2.7
0.6
0.0
0.0
0.0
0.0
3.1
0.7
0.0
0.0
0.0
0.0
0.2
23.7
0.0
1.4
3.2
0.0
0.0
5.8
4.8
0.0
0.0
0.0
0.0
17.8
0.0
0.0
23.1
4.8
0.0
1.3
0.4
21.3
0.0
0.5
0.0
6.1
0.0
0.0
0.0
9.9
0.0
0.5
0.3
0.3
0.0
0.0
16.8
0.0
0.0
83.8
104.4
3.0
0.0
25.4
11.4
2.0
7.1
0.0
0.0
0.0
0.0
0.0
2.0
0.0
0.0
0.0
0.0
0.0
0.0
0.8
0.0
6.3
0.0
0.0
0.0
0.0
0.3
0.0
0.0
1.3
6.6
0.0
0.0
76.2
2.0
24.9
0.0
0.0
16.3
37.8
0.0
0.0
0.0
0.0
0.0
0.0
3.3
0.0
34.8
0.0
0.0
0.0
0.0
0.0
10.4
0.0
7.9
1.0
0.0
0.0
0.0
1.0
0.3
2.0
0.0
0.0
0.0
0.0
0.0
0.0
0.0
0.0
0.0
0.0
0.0
0.0
0.0
0.0
0.3
2.0
12.2
0.0
0.0
0.0
0.0
0.0
4.3
0.0
0.0
0.0
0.0
0.0
45.2
72.1
0.3
5.6
0.0
2.8
0.0
0.0
15.5
9.9
10.4
117.3
0.0
0.0
0.0
0.0
0.0
0.0
0.3
0.0
0.0
0.0
0.0
0.0
0.0
0.0
3.8
0.0
0.0
0.0
0.0
0.0
0.0
0.0
34.3
0.0
0.0
0.0
0.0
0.0
0.0
0.0
11.4
0.0
3.8
0.0
0.0
0.0
0.0
0.0
33.0
2.3
0.0
0.0
0.0
0.0
0.0
0.0
0.0
0.0
0.0
0.0
0.0
0.0
1.3
0.0
0.0
0.0
0.5
3.8
0.3
0.8
3.4
0.0
0.0
0.0
0.0
0.0
0.0
0.0
0.0
2.5
0.0
0.0
0.0
0.0
0.0
7.6
2.0
1.2
0.0
0.5
0.0
0.3
0.0
0.5
15.5
3.0
0.0
0.0
0.0
0.0
5.1
0.0
4.1
0.0
34.3
0.0
0.0
0.0
0.0
29.0
1.3
0.0
0.3
31.8
0.0
0.0
0.0
0.0
0.0
0.0
0.0
0.0
0.0
0.3
0.0
0.0
1.5
0.0
0.0
0.0
2.3
0.0
0.0
0.0
0.0
1.8
0.5
0.0
0.0
0.0
0.0
0.3
1.5
0.0
9.4
0.0
0.0
0.0
0.0
0.0
0.3
0.0
0.0
0.0
0.0
0.0
0.0
3.0
16.5
8.9
0.0
0.0
0.0
0.0
0.0
0.5
0.3
0.3
0.3
0.0
0.0
0.0
0.0
0.0
14.5
0.0
0.0
0.0
0.0
0.0
0.0
0.0
0.0
7.9
0.0
11.9
10.4
0.0
0.0
0.0
0.0
0.0
0.0
0.0
0.0
0.0
0.0
0.0
0.0
0.0
6.3
0.0
0.0
0.0
21.3
0.5
0.5
8.1
0.0
21.3
0.0
0.8
16.8
0.7
0.0
0.0
16.0
0.0
0.0
11.7
7.4
0.0
0.0
0.0
0.0
3.6
13.7
0.3
0.5
0.0
0.0
0.0
0.3
0.0
40.6
1.8
12.7
7.1
3.0
0.3
0.0
0.0
0.0
0.0
14.5
3.0
0.0
0.5
0.0
13.2
50.3
0.0
34.0
0.0
0.0
0.0
0.0
0.0
0.0
0.0
3.8
0.0
18.0
16.5
0.5
1.3
2.5
10.2
0.0
0.0
8.6
1.8
0.0
0.0
0.0
1.0
1.3
1.8
15.7
3.3
0.0
0.3
0.0
10.4
2.8
34.3
3.3
15.2
0.0
1.5
0.0
0.0
0.0
0.5
0.0
2.8
0.0
0.0
0.0
0.0
0.0
1.3
41.9
0.3
0.0
0.5
3.6
0.3
0.5
0.3
0.3
0.0
8.6
0.0
0.0
0.0
0.0
0.0
0.0
1.0
0.3
0.0
14.7
0.0
0.0
0.0
16.5
0.0
0.0
0.0
0.6
0.0
0.0
8.3
0.0
0.3
3.6
0.0
0.0
0.0
0.5
0.0
0.0
0.0
0.0
4.6
4.6
0.3
21.3
0.0
5.6
0.3
0.0
0.0
0.0
0.0
3.3
1.9
0.0
0.0
0.0
0.0
0.0
0.0
0.0
13.0
0.5
0.0
0.0
0.5
0.0
0.0
0.0
0.0
0.0
0.0
0.0
0.0
0.0
0.0
14.6
0.0
8.8
0.6
0.8
1.1
0.1
0.0
0.0
0.0
0.0
22.3
0.0
0.5
0.3
7.6
1.0
2.3
52.6
9.1
0.0
1.3
0.3
12.4
4.3
0.8
0.3
0.0
0.0
0.0
0.0
0.0
59.4
1.0
0.0
1.0
2.3
8.9
0.0
0.0
30.2
0.0
0.0
0.0
0.0
0.0
0.0
0.0
0.0
0.0
0.0
0.5
0.0
0.0
0.0
0.0
49.3
28.4
8.9
3.3
0.0
0.0
0.0
0.0
0.0
10.4
1.0
0.8
0.0
0.0
0.0
0.0
0.0
2.8
0.0
0.0
0.0
0.5
0.0
25.4
0.3
0.0
0.0
8.1
0.0
0.0
0.0
0.0
0.0
0.3
0.3
1.0
0.0
8.6
21.8
29.5
0.8
2.5
4.3
0.0
0.0
1.3
0.0
0.0
0.0
0.0
0.0
0.0
8.6
1.5
0.0
0.0
0.0
0.0
0.0
0.0
0.0
0.0
0.0
0.0
0.0
0.0
5.1
5.6
0.0
9.9
0.0
4.3
0.0
2.3
0.0
0.0
0.0
0.0
0.0
0.0
0.0
5.3
7.9
0.0
0.0
7.4
0.8
0.0
0.0
0.0
0.0
3.3
0.5
0.0
0.0
0.0
3.3
2.5
18.5
0.0
0.0
0.0
0.0
0.0
0.0
0.0
0.0
0.0
0.0
0.0
0.0
0.0
3.8
0.0
0.8
6.9
0.0
15.4
6.2
0.3
0.0
0.0
0.0
0.0
0.0
0.5
3.6
0.0
0.0
4.3
10.9
0.0
8.1
14.5
0.0
0.0
0.0
0.0
9.9
3.8
0.0
0.5
0.0
10.7
0.0
0.0
0.0
0.0
0.0
0.0
0.0
0.0
0.0
0.0
0.0
0.0
0.0
3.6
0.8
6.1
13.2
21.3
0.0
0.0
0.0
0.0
2.0
19.0
0.3
1.3
0.0
0.0
0.0
0.0
0.0
0.0
27.7
0.8
7.1
1.3
0.0
0.5
13.5
16.5
0.3
0.0
9.1
0.5
0.0
0.0
6.6
0.3
0.0
0.0
0.0
0.0
9.4
11.4
17.8
0.5
0.0
3.8
2.0
0.0
0.0
48.8
0.0
0.0
1.0
41.9
16.5
2.0
20.6
0.0
0.5
24.4
0.0
1.8
18.8
14.5
9.4
0.0
0.0
0.0
1.0
0.0
0.0
0.0
0.0
0.0
0.0
9.7
0.0
0.0
0.8
0.0
0.0
0.0
0.0
0.0
0.0
0.0
1.3
0.5
0.0
0.0
33.5
3.6
42.7
0.3
0.0
34.0
0.0
0.0
0.0
0.3
0.0
2.3
0.5
0.0
0.0
0.0
7.9
0.3
0.0
0.0
0.0
0.0
1.0
0.0
0.0
24.4
0.0
0.0
0.0
0.0
0.0
0.0
24.2
0.0
0.0
0.0
0.0
0.0
0.0
0.0
0.0
0.0
0.0
0.0
32.0
23.1
0.0
0.0
0.0
0.0
0.0
0.0
0.0
7.5
0.0
0.0
0.0
0.0
0.8
0.0
0.0
7.6
0.5
0.0
7.1
21.1
1.0
0.8
6.6
0.0
0.0
0.0
0.0
0.0
3.8
1.3
0.0
0.0
0.0
0.0
0.0
0.0
0.0
0.0
0.0
0.0
2.5
0.0
0.0
0.0
0.0
0.0
0.0
0.0
0.0
0.0
0.5
5.8
10.7
0.0
0.0
0.0
0.0
0.0
0.0
0.0
0.0
0.0
2.8
0.0
0.0
0.0
0.0
0.0
0.0
0.0
1.8
0.0
0.0
0.0
0.0
0.5
0.0
0.0
0.0
0.5
22.4
0.3
31.2
6.3
0.0
0.0
0.0
26.4
0.3
0.0
0.0
3.6
4.3
0.0
0.0
0.0
0.0
0.0
0.0
19.9
1.3
0.0
0.0
3.8
0.3
0.0
0.0
0.0
0.5
0.0
0.0
0.0
8.4
0.0
0.0
0.0
0.0
1.0
0.3
4.1
0.0
0.0
0.0
0.0
0.0
0.0
0.8
0.0
0.0
4.3
2.5
0.0
0.0
0.0
0.0
0.4
2.3
0.5
3.0
1.8
0.0
0.0
1.3
0.0
0.0
0.3
0.0
0.0
0.0
0.0
9.1
26.2
0.0
0.0
0.0
3.3
0.0
0.0
0.0
0.0
0.0
0.0
0.0
0.0
0.0
0.0
0.0
0.0
0.0
5.8
8.6
4.3
0.0
3.8
6.6
0.0
0.3
13.0
0.0
0.0
0.0
0.0
17.0
0.8
0.0
0.0
13.7
0.8
0.0
0.0
0.0
0.0
6.1
0.0
0.0
0.0
2.5
2.0
0.0
0.0
0.0
0.0
0.0
0.0
0.0
0.0
0.0
0.0
0.0
0.0
0.5
0.0
9.1
0.5
0.0
0.0
4.3
4.3
1.3
15.7
0.5
0.0
0.0
0.0
13.2
1.0
0.0
5.6
36.3
0.0
2.3
21.3
0.4
0.3
30.0
7.1
9.4
0.3
0.0
0.0
5.1
0.3
0.0
0.0
7.4
1.0
0.3
0.0
0.0
0.0
0.0
0.0
8.6
7.9
4.1
0.0
0.0
0.0
0.0
0.0
6.9
0.5
0.0
0.5
58.4
16.5
0.3
27.2
0.0
0.0
0.0
0.0
6.1
0.0
2.4
4.1
0.3
0.0
0.0
0.0
15.2
0.0
0.0
2.8
21.3
1.3
0.0
0.0
0.0
1.8
0.0
3.0
0.0
1.8
0.0
2.0
34.3
0.0
0.0
0.0
0.0
0.0
0.0
0.0
0.0
0.0
0.0
0.0
0.0
0.0
0.0
0.0
1.5
1.8
0.0
0.0
0.0
0.0
0.0
0.0
0.0
0.0
0.0
0.0
16.0
0.0
0.0
0.0
0.0
0.0
0.0
0.0
0.0
0.0
0.0
0.0
0.0
0.0
0.0
0.0
0.0
0.0
0.0
0.0
15.0
0.0
0.0
0.0
0.0
0.0
0.0
3.8
0.0
0.0
12.7
1.5
0.0
0.0
0.0
0.0
0.0
0.8
0.0
0.0
0.0
0.0
2.0
0.0
0.0
0.0
15.5
0.3
0.0
0.0
0.0
0.5
8.9
0.5
0.0
0.0
7.4
0.3
0.0
0.0
0.0
0.0
0.0
5.6
16.3
0.5
0.0
0.0
0.0
0.0
0.0
0.0
0.0
0.0
0.0
0.0
0.0
0.0
0.0
0.0
11.7
0.3
0.0
0.0
0.0
13.5
3.6
12.7
0.0
0.0
0.0
0.0
0.0
0.0
0.5
0.5
0.0
0.0
2.3
0.0
0.0
18.0
10.9
0.0
0.0
3.3
5.8
7.4
0.5
0.0
0.0
0.0
0.0
7.9
0.0
0.0
0.0
0.0
0.0
0.5
2.3
20.6
0.0
0.0
0.0
15.7
1.6
18.0
0.0
0.0
0.0
0.0
4.1
0.0
0.0
0.0
0.0
0.5
0.0
0.0
0.0
0.0
3.6
11.9
0.0
0.0
0.0
0.0
21.3
1.0
0.0
0.0
0.0
0.0
0.0
8.6
0.0
0.0
0.0
3.6
0.5
0.0
0.0
0.0
0.0
0.0
0.0
0.0
0.0
0.0
0.0
0.5
6.1
0.0
0.3
0.0
10.7
0.0
0.0
0.0
1.3
0.0
15.5
0.0
0.0
11.7
5.6
2.0
0.0
0.0
0.0
0.0
0.0
0.0
10.2
1.7
0.0
0.0
1.3
0.0
0.0
0.0
0.0
0.0
2.0
0.0
8.4
0.0
0.0
0.0
0.0
2.0
0.0
0.0
0.0
0.0
0.0
0.0
0.0
2.8
0.0
0.0
6.3
0.0
2.5
0.0
0.0
4.1
1.3
0.0
0.0
1.3
0.0
0.0
0.0
0.0
0.0
6.6
0.0
0.0
0.0
0.0
0.5
1.8
0.5
0.0
0.0
0.0
0.0
1.0
0.0
6.1
0.0
0.0
0.0
0.0
0.0
0.0
0.0
0.0
0.0
0.0
0.0
0.0
0.8
10.2
23.9
0.0
0.0
0.0
0.0
1.0
0.0
0.0
0.0
0.0
0.0
0.0
0.0
1.3
23.9
4.3
10.9
1.3
0.0
2.5
0.0
9.4
1.0
0.0
0.0
0.0
0.0
0.0
0.0
0.0
0.0
0.0
0.0
0.0
0.0
2.5
0.0
0.0
0.0
0.0
0.0
0.0
0.0
0.0
0.0
0.0
11.9
0.0
0.3
0.3
8.4
0.0
0.0
0.0
0.0
0.0
0.0
7.6
0.0
0.0
0.0
0.0
12.7
0.0
0.0
0.0
0.0
0.5
0.0
0.0
0.5
0.0
0.0
0.0
0.0
0.4
20.8
0.0
22.4
0.0
0.0
0.0
0.0
0.0
1.3
0.0
0.0
0.0
0.0
0.0
0.0
0.0
0.0
0.0
0.0
0.0
0.0
0.0
0.0
0.0
0.0
0.0
0.0
0.0
0.0
0.0
0.0
0.0
0.0
0.0
0.0
8.9
0.0
0.0
0.0
0.0
2.2
0.0
0.0
7.8
2.8
0.0
0.0
26.0
0.0
0.0
0.0
0.0
0.0
0.0
0.0
0.0
0.5
25.4
0.8
0.0
0.0
0.0
36.6
46.0
3.0
0.0
0.0
3.6
0.0
20.6
0.0
0.0
0.0
0.0
0.0
4.3
0.0
0.0
0.0
8.1
0.0
0.0
0.0
7.9
0.0
0.0
7.4
4.3
0.8
0.0
0.0
0.0
0.0
0.0
1.8
0.8
15.7
4.6
0.0
0.0
0.0
0.8
0.0
0.0
0.0
29.2
4.8
0.0
0.0
15.5
3.0
2.5
0.0
0.0
33.0
2.5
0.0
7.6
0.0
0.0
0.0
0.0
0.0
0.0
0.0
3.6
0.0
0.0
0.0
3.0
0.0
0.0
0.0
0.0
20.3
0.0
0.0
0.0
0.0
0.0
0.0
0.0
0.0
0.0
0.0
0.5
0.0
0.0
0.0
0.0
0.0
0.0
0.0
0.0
0.0
0.0
6.6
0.0
0.0
2.8
4.3
3.3
2.3
0.0
0.0
0.0
0.0
3.8
3.9
0.0
2.0
0.0
23.4
4.6
0.0
0.0
0.0
0.0
0.0
0.0
0.0
0.0
0.0
0.0
3.6
0.0
0.0
0.0
0.0
0.0
0.0
0.0
0.0
0.0
11.2
0.0
15.7
0.5
0.0
0.0
0.0
0.0
0.0
0.0
0.0
0.0
0.0
0.0
1.3
0.0
0.0
3.0
0.0
27.9
0.5
0.0
2.3
0.0
0.0
0.0
0.0
0.0
7.9
0.0
6.3
7.1
0.0
0.0
0.0
0.0
0.0
0.0
0.0
7.6
0.0
0.0
14.7
0.0
0.0
0.0
21.1
9.1
1.8
0.8
0.5
0.0
0.0
0.0
6.6
0.0
0.0
0.0
0.8
4.1
0.0
0.5
0.0
0.0
0.0
0.0
0.0
0.0
0.0
0.0
0.0
0.0
0.8
24.9
0.0
0.0
0.0
0.0
0.0
0.0
0.0
0.0
0.0
0.0
0.0
0.0
0.0
2.8
0.0
0.0
42.4
0.3
0.0
2.0
0.0
20.6
26.4
0.0
64.5
0.3
0.0
0.0
0.0
11.4
2.0
0.0
0.0
13.4
0.3
0.0
0.0
0.0
27.2
8.4
8.6
6.6
0.3
0.0
0.0
22.1
0.3
0.0
0.0
0.0
0.0
0.0
0.0
0.0
0.0
0.0
21.8
0.0
0.8
0.8
0.0
5.8
20.3
22.4
0.5
0.0
4.8
22.6
7.9
0.3
0.0
0.0
0.0
0.0
0.0
0.0
0.8
0.0
2.0
0.8
0.0
0.0
15.7
0.0
0.0
0.0
0.0
0.0
1.3
7.1
0.3
1.3
32.5
0.5
0.0
0.0
4.1
0.5
0.0
1.5
0.0
0.0
0.0
0.0
0.0
0.0
0.0
7.3
0.0
0.0
0.0
0.0
0.0
0.0
0.0
0.0
0.0
0.0
25.8
1.4
0.0
0.0
0.0
2.0
0.3
0.0
0.0
6.6
0.5
0.0
0.0
0.0
0.0
0.0
0.0
1.0
0.0
0.0
0.0
0.0
1.0
0.0
0.0
0.0
0.0
0.0
0.0
0.0
0.0
0.0
6.9
0.0
0.0
0.0
0.0
0.0
0.0
0.0
0.0
0.5
0.0
0.0
0.0
0.0
0.0
0.0
0.0
0.0
0.0
0.0
0.3
1.8
0.0
0.0
3.6
0.0
0.0
0.3
3.0
1.3
0.3
0.0
0.0
0.0
0.0
0.0
0.0
2.0
0.0
0.0
0.0
0.0
14.7
0.0
1.5
3.0
0.0
0.0
0.0
0.0
0.0
0.3
0.0
0.0
2.3
0.5
0.3
7.1
0.0
0.0
0.0
6.3
0.0
0.0
0.0
0.0
0.0
0.0
1.0
24.1
19.6
0.0
0.0
0.0
0.0
3.3
2.5
0.0
0.0
0.0
0.0
3.3
0.0
0.0
0.0
0.0
0.3
1.8
0.0
0.0
1.3
8.6
0.0
0.0
0.0
0.0
0.0
0.0
0.0
0.0
0.0
0.0
0.0
0.0
0.0
0.0
0.0
0.5
1.3
0.0
0.0
0.0
0.0
14.0
2.8
0.8
0.0
0.5
0.0
1.3
5.1
21.6
0.0
0.0
0.0
0.0
0.0
0.0
0.0
0.0
0.0
0.0
8.4
0.0
0.0
1.8
10.2
0.0
0.0
0.0
0.5
18.8
0.0
0.0
0.0
0.5
1.0
0.8
0.0
1.0
0.0
5.1
0.0
0.0
0.0
1.5
0.0
0.0
0.0
0.0
0.0
0.0
18.0
7.6
0.0
0.0
15.5
0.0
0.0
0.5
0.0
0.0
0.0
0.0
0.0
0.0
8.1
0.0
0.0
17.0
0.0
0.8
3.8
0.0
7.6
0.0
0.8
0.0
0.0
0.0
0.0
0.0
0.0
0.0
0.0
0.0
0.0
0.0
0.0
0.0
0.0
26.2
1.7
0.0
0.0
0.0
0.0
0.0
1.8
0.0
0.0
0.0
0.0
0.0
0.8
0.0
4.6
4.8
0.0
0.5
0.0
0.0
3.8
30.0
9.1
0.5
0.0
0.0
14.2
0.0
0.0
0.0
0.0
0.0
9.9
2.0
0.0
0.0
0.0
0.0
0.0
0.0
0.0
0.0
0.0
3.3
0.0
0.0
21.6
11.7
2.0
0.0
0.3
0.0
0.3
0.0
0.0
0.0
0.0
6.6
0.0
15.7
0.0
28.7
0.5
19.6
2.8
2.3
0.0
0.3
0.0
0.0
5.8
0.0
0.0
0.0
0.0
0.0
0.0
0.0
10.2
0.0
0.0
12.2
0.0
47.5
0.8
0.0
0.0
26.5
25.4
12.3
10.5
0.0
0.5
0.0
0.0
0.0
0.0
0.0
0.0
12.7
0.3
2.0
6.6
61.2
0.8
0.0
0.0
0.5
0.0
0.5
74.7
0.0
0.3
0.0
0.0
5.6
7.1
10.7
0.0
0.0
0.0
68.8
38.6
0.0
14.2
0.0
0.0
0.0
0.0
0.0
0.0
0.0
0.0
0.0
0.0
3.0
15.5
0.0
0.0
0.0
0.0
0.0
0.0
0.0
0.0
30.5
0.0
0.5
10.9
0.3
0.5
0.0
1.0
0.0
0.0
0.0
0.0
3.8
0.0
0.0
0.0
4.6
0.0
13.5
0.0
0.0
1.8
19.3
0.5
0.5
0.3
0.0
0.0
8.6
0.0
0.0
0.8
17.8
0.0
0.0
0.0
36.6
28.4
0.0
0.8
0.0
0.0
22.6
0.0
0.0
0.0
0.0
7.1
0.0
0.0
0.0
0.0
0.0
0.0
0.0
0.0
0.0
0.0
22.4
23.1
2.5
0.0
1.3
0.8
1.3
0.0
1.8
0.3
0.0
1.0
25.9
3.0
4.6
0.0
0.0
0.0
0.0
0.0
0.0
0.0
0.0
0.0
0.0
0.0
15.2
0.0
0.0
0.8
0.0
0.0
0.0
5.6
6.1
0.0
0.0
0.0
0.0
0.0
0.0
2.8
0.0
0.3
0.0
0.3
1.8
0.0
0.0
0.0
0.0
2.8
3.0
29.2
0.0
0.0
0.5
0.0
0.0
0.0
0.0
0.0
0.0
0.0
0.5
15.7
0.0
0.8
0.8
0.0
0.0
0.0
0.0
0.0
0.0
4.3
0.0
0.0
0.3
0.0
0.0
0.0
17.8
4.1
1.5
0.0
2.0
1.8
0.0
0.0
0.0
0.0
0.0
4.6
9.1
0.8
3.0
0.0
0.0
0.0
0.0
0.0
8.6
0.0
0.0
0.0
0.0
0.0
0.0
0.0
0.0
0.0
0.0
0.0
0.0
0.5
1.0
0.8
0.0
0.0
0.0
0.0
7.6
4.6
0.0
0.0
1.3
0.0
0.0
0.0
0.0
0.0
0.0
0.0
0.0
0.0
0.0
0.5
0.0
0.3
0.0
0.0
10.4
0.0
0.0
0.0
0.0
2.8
0.0
0.0
16.5
0.8
0.8
0.0
0.0
0.0
0.0
0.0
0.0
0.5
0.0
0.0
2.0
0.5
0.0
0.0
0.0
0.0
0.0
3.8
0.3
0.0
0.0
1.8
8.9
10.7
0.0
0.0
0.0
1.8
0.0
0.0
0.3
0.5
1.8
0.0
0.0
1.3
4.3
18.8
6.6
0.3
0.0
0.8
6.1
0.0
0.3
0.0
0.0
0.0
9.4
0.5
1.5
0.0
0.0
1.5
10.4
0.0
0.0
0.0
2.0
0.0
0.0
0.0
0.3
2.8
0.0
0.0
1.0
13.7
0.8
21.3
8.6
0.0
0.0
6.1
4.3
0.3
0.0
0.0
0.0
4.1
0.0
0.0
0.0
0.0
0.0
5.6
0.5
0.0
21.6
32.3
0.3
0.0
0.0
0.0
0.0
0.0
0.0
29.0
0.3
0.0
0.0
4.3
61.7
13.2
3.9
8.3
0.5
0.4
5.3
0.5
8.4
0.3
0.0
0.0
31.0
0.0
25.9
0.0
6.1
11.9
0.0
0.3
0.0
0.0
0.0
0.0
25.9
2.5
58.4
0.3
0.3
17.5
0.0
0.0
0.0
0.0
0.5
0.0
0.3
2.1
3.0
0.0
0.0
0.0
0.0
0.1
0.0
0.0
14.4
0.0
0.0
0.0
0.0
0.0
0.0
0.0
4.6
0.0
0.0
2.0
7.9
0.8
0.0
0.0
0.0
0.0
0.0
0.0
6.9
17.8
0.0
0.0
0.0
1.3
0.0
0.0
0.0
0.0
0.0
0.5
0.0
0.0
0.0
16.5
0.0
0.0
0.5
0.0
0.0
0.0
15.7
0.0
27.9
4.3
0.0
0.0
0.0
0.0
0.0
7.4
26.7
0.0
0.0
0.0
0.0
0.0
0.0
0.0
0.0
0.0
0.0
0.0
0.0
0.0
0.0
0.0
0.0
0.0
0.0
0.0
0.5
0.0
0.0
0.0
0.0
0.0
0.0
0.0
0.0
0.0
0.0
0.0
0.0
0.0
0.0
0.5
0.0
0.0
8.6
15.0
0.8
0.0
1.3
8.9
0.0
0.3
0.0
0.0
2.8
0.0
0.0
0.0
0.0
0.0
7.6
0.0
0.0
0.0
0.0
22.4
18.8
0.0
0.0
9.9
5.6
0.0
0.0
0.0
0.0
19.8
11.2
0.0
1.3
8.1
0.5
0.5
0.0
0.0
0.0
2.3
0.0
0.0
0.0
0.0
0.0
0.5
13.7
1.5
1.3
0.0
0.0
0.0
0.0
15.5
0.0
0.0
22.1
0.0
0.0
69.1
21.8
38.9
0.0
0.0
0.0
0.0
0.0
0.0
0.0
0.0
0.0
1.3
2.5
10.9
0.0
0.0
0.0
0.0
0.0
6.3
0.3
0.0
0.0
7.6
0.0
0.0
0.0
0.0
0.0
0.0
0.0
0.0
0.0
0.0
0.0
0.0
0.0
14.0
0.0
0.0
0.0
0.0
0.8
0.3
0.5
0.0
0.5
0.0
1.3
2.3
0.0
0.0
0.0
0.0
0.0
0.0
0.0
0.0
4.1
9.4
0.0
0.0
0.0
0.8
0.0
0.0
0.1
2.1
0.0
0.0
2.0
2.6
0.0
2.4
0.7
0.0
10.5
8.1
0.0
0.0
0.0
0.0
0.0
3.0
0.0
0.0
0.0
10.9
5.6
0.3
0.0
3.3
0.0
0.0
26.2
8.6
0.0
0.0
0.0
0.0
0.0
22.6
0.0
1.0
0.0
14.0
0.3
0.0
0.0
0.0
0.0
0.0
0.0
0.0
0.0
15.0
3.0
0.5
0.0
0.0
0.0
1.0
17.8
0.0
8.9
13.7
0.5
0.0
5.1
0.3
0.0
0.0
2.3
6.9
19.0
0.0
10.7
0.5
9.4
0.0
0.0
1.3
1.8
0.0
0.0
0.8
0.0
0.0
0.0
0.0
0.0
21.3
21.1
0.0
0.0
0.0
1.3
6.9
0.0
21.6
11.9
0.0
0.0
0.0
0.0
3.0
0.0
0.0
0.0
12.2
13.7
0.0
0.0
0.0
0.0
0.0
0.0
9.1
0.3
0.0
0.0
0.0
0.0
0.0
0.0
0.0
3.3
0.3
8.4
8.1
0.5
19.6
2.8
2.3
0.0
0.0
0.0
0.0
0.0
23.4
0.0
0.0
0.0
20.8
7.1
0.0
0.0
19.6
0.0
0.0
52.6
0.0
0.0
0.0
47.2
0.0
0.0
0.0
0.0
0.0
0.0
0.3
0.0
0.0
0.0
0.0
0.0
0.0
0.0
58.7
0.0
6.9
49.3
0.0
0.0
0.5
0.3
6.1
0.0
0.0
0.0
6.3
0.5
5.1
24.6
0.0
0.0
1.5
0.0
0.0
0.0
0.0
0.0
0.0
0.0
19.0
20.6
11.2
1.0
0.0
0.0
0.8
0.0
0.0
8.1
0.0
0.0
0.0
0.0
0.0
0.0
0.0
0.0
0.8
0.0
0.3
0.3
6.1
0.8
0.8
0.0
0.0
0.0
0.0
0.0
0.0
0.0
0.0
0.0
5.6
2.8
0.0
0.0
0.8
14.7
0.0
0.0
13.2
3.8
0.0
0.0
0.0
0.0
1.5
7.1
0.3
0.0
0.0
0.0
0.0
0.0
12.4
0.0
0.0
0.0
0.0
0.0
8.4
0.0
0.0
0.0
0.0
0.0
0.0
0.0
0.0
0.0
5.8
0.0
0.0
0.0
18.8
13.2
0.0
0.0
0.0
8.1
14.2
0.0
0.0
0.0
0.0
0.0
10.7
0.0
0.0
0.0
0.0
0.0
0.0
1.3
0.3
0.8
0.0
0.0
2.8
0.5
0.0
0.0
0.0
0.0
0.0
0.5
0.0
16.3
0.0
0.0
0.0
0.0
0.0
0.0
0.0
9.1
5.3
1.3
0.0
0.0
0.0
0.0
0.0
0.5
6.1
0.0
0.3
2.8
0.5
5.8
0.0
0.0
19.0
0.0
0.0
0.0
0.0
0.0
0.0
0.0
0.0
0.0
0.0
0.0
0.0
0.0
0.0
0.0
0.0
0.0
2.8
0.0
4.6
0.0
0.0
0.0
0.0
0.0
0.0
0.0
0.0
0.0
0.5
0.5
0.0
1.3
0.0
0.0
0.5
0.0
0.0
4.3
11.7
0.0
0.0
0.0
0.0
0.0
12.7
0.0
0.0
0.0
0.0
0.0
4.3
0.5
0.0
0.0
1.3
0.3
0.0
0.0
0.0
0.0
0.0
0.3
0.5
1.0
0.3
1.3
0.0
10.9
19.0
0.5
0.0
0.0
3.3
14.0
14.2
0.3
0.0
0.0
0.0
0.5
0.0
0.0
1.5
3.0
16.0
0.3
0.0
0.0
0.0
0.3
0.0
0.0
0.0
0.0
0.0
13.5
0.5
15.0
59.7
8.9
0.8
0.0
30.2
12.2
1.0
0.0
0.0
1.0
0.0
14.7
0.0
0.0
0.0
0.0
0.0
0.0
0.0
25.4
15.2
26.2
0.0
0.0
4.8
0.5
0.0
2.3
0.0
0.0
0.0
0.3
0.0
0.0
0.0
0.0
0.0
0.0
0.0
0.0
0.0
0.0
0.0
0.0
0.0
0.0
3.8
0.0
0.0
2.3
0.3
0.0
12.2
0.0
0.5
7.9
0.3
0.0
0.0
0.0
0.0
2.3
6.3
0.0
0.0
0.0
0.0
0.5
0.0
0.0
0.0
0.0
3.6
45.7
0.0
0.0
0.0
0.0
0.0
0.0
5.6
0.3
0.0
9.4
0.0
0.0
0.0
0.0
9.4
5.1
0.0
0.0
0.0
0.0
3.8
0.3
9.4
0.0
0.0
0.0
0.0
0.0
0.0
2.3
0.0
0.0
0.0
0.0
0.0
8.9
0.0
0.0
0.0
0.0
20.6
0.8
0.0
0.0
0.0
0.0
0.8
4.3
0.0
0.0
0.0
0.0
0.0
0.0
2.8
0.0
0.0
0.0
0.0
0.0
0.0
0.0
0.0
1.0
0.0
0.0
0.0
0.0
20.3
0.0
0.0
0.0
0.0
0.0
0.0
0.0
0.0
0.0
0.0
0.0
0.0
0.0
0.0
0.0
9.1
21.3
8.9
9.7
0.0
11.7
18.0
2.0
0.0
0.0
8.4
0.5
0.0
0.0
0.0
0.0
0.0
0.3
35.6
3.8
2.5
0.3
0.0
0.0
0.0
0.0
0.0
0.0
0.8
0.0
0.0
0.5
26.7
0.0
0.0
0.0
0.0
0.0
1.3
1.0
0.0
10.2
3.6
0.0
4.1
9.4
0.0
0.0
0.0
0.0
0.0
0.0
0.0
0.0
0.0
0.0
2.5
0.0
0.0
0.0
0.0
4.8
0.0
0.0
0.0
0.0
0.0
0.0
0.0
0.0
0.0
0.0
0.0
0.0
0.0
0.0
0.0
0.0
0.0
1.3
1.5
2.3
0.0
0.0
0.0
0.0
1.8
1.8
0.0
0.0
0.0
0.0
0.0
0.0
0.0
2.5
0.0
0.0
1.0
9.7
0.8
0.0
2.8
0.0
0.0
0.0
0.0
0.0
0.0
11.4
1.8
0.0
0.0
0.0
0.0
0.0
0.0
0.0
0.0
0.0
0.0
0.0
0.8
0.8
2.5
0.0
0.0
0.0
0.0
2.8
0.0
0.0
0.0
0.0
0.8
0.0
1.3
11.9
21.8
60.5
1.0
2.5
5.1
3.0
0.0
0.0
0.0
6.1
0.0
0.0
0.0
0.0
3.8
0.8
0.0
0.0
0.0
0.0
0.0
0.0
0.0
0.0
0.0
3.6
0.8
0.0
0.0
0.0
0.0
0.0
21.8
14.0
0.0
19.3
2.3
2.3
4.1
3.6
0.0
5.8
6.3
1.3
0.0
0.0
0.0
0.0
5.3
0.0
0.0
0.0
0.0
27.2
5.1
1.5
0.0
0.0
0.0
0.0
0.0
0.0
0.0
7.4
0.0
0.0
0.0
0.0
0.0
0.0
0.0
0.0
11.2
2.0
0.0
0.0
0.0
0.0
0.0
5.8
0.0
0.0
0.0
0.0
0.0
4.3
0.0
0.0
0.0
0.0
0.8
0.0
0.0
0.0
0.0
15.7
0.0
0.0
0.0
2.3
3.6
0.0
0.0
6.9
0.0
0.0
0.0
0.0
0.0
0.0
5.8
36.1
13.7
6.1
0.0
0.0
0.0
0.0
0.0
0.0
13.5
3.3
15.7
19.3
0.8
0.0
5.1
2.3
0.0
0.0
0.0
0.0
10.2
0.0
0.0
1.0
2.3
0.0
0.0
0.0
0.0
0.0
0.0
0.0
0.0
30.7
1.3
0.0
0.0
0.0
0.0
0.0
3.8
0.0
0.0
0.0
0.0
0.0
0.3
16.3
44.4
1.3
0.3
0.8
0.0
0.0
0.0
0.0
2.5
0.3
0.0
0.0
0.0
0.0
0.0
0.0
0.0
2.3
2.0
0.5
0.0
11.9
17.8
0.0
0.0
1.3
11.9
0.0
0.0
0.0
5.6
1.0
0.0
0.0
0.0
0.0
0.0
0.0
0.0
2.8
48.5
8.6
0.0
0.0
0.0
0.0
0.0
0.0
0.0
0.0
0.0
0.0
3.0
4.3
0.5
0.0
0.0
9.7
2.8
0.0
0.0
0.0
0.0
0.0
0.0
0.0
0.0
5.1
0.3
20.8
0.3
0.3
0.0
9.1
0.0
4.3
0.0
2.5
0.0
0.0
0.0
0.0
0.0
0.0
0.0
0.0
0.0
0.0
9.7
5.3
0.5
0.0
0.0
15.2
10.2
10.4
0.0
0.0
5.1
3.0
0.0
0.0
6.1
0.0
0.0
0.0
1.0
0.0
7.1
0.0
0.0
0.3
0.0
0.0
0.0
0.0
0.0
11.9
0.0
11.7
0.5
0.0
0.0
0.0
13.7
3.8
0.5
0.5
0.5
0.0
2.3
0.0
0.0
0.0
0.0
0.0
0.0
10.2
0.0
0.0
0.0
0.0
0.0
0.0
5.3
0.0
0.0
0.0
0.5
0.0
7.6
6.3
0.0
0.0
33.5
