20000101
0.0
0.0
0.3
11.1
0.0
0.0
0.0
0.0
1.3
0.0
0.0
0.0
0.0
0.0
0.0
0.0
0.0
0.0
0.0
7.0
0.0
0.0
2.7
0.0
0.0
0.0
0.0
0.0
0.0
5.0
0.0
0.0
0.0
0.0
0.0
0.0
0.0
0.0
0.0
0.0
3.4
0.0
0.0
0.0
0.3
0.0
0.0
0.0
31.8
0.6
0.0
0.0
0.0
0.0
1.7
0.0
1.0
6.6
0.0
0.0
1.4
0.0
0.0
0.0
0.0
0.0
0.0
0.0
0.0
0.0
1.7
5.4
0.0
0.0
0.6
0.2
0.0
0.0
3.9
9.4
11.9
0.0
0.0
0.0
0.0
0.0
3.4
0.0
0.0
0.0
0.0
0.0
0.3
0.0
0.0
0.0
0.0
0.0
3.0
0.0
0.0
8.8
0.0
0.0
0.0
0.0
0.0
15.9
0.0
0.1
2.9
9.5
0.0
0.0
15.4
0.0
0.0
0.0
0.0
0.0
0.0
0.0
6.8
0.0
2.6
0.0
0.0
0.1
0.7
4.6
8.2
0.0
0.0
14.5
0.0
0.0
0.0
0.0
1.0
8.5
0.0
0.0
1.6
3.2
0.0
0.0
0.3
31.9
13.9
0.0
0.0
0.0
0.0
0.0
0.0
0.0
24.9
0.0
0.0
0.0
0.0
0.0
0.0
14.2
13.0
1.1
9.4
0.0
0.0
0.0
0.0
3.9
39.1
0.0
0.2
18.4
6.3
5.5
2.2
0.0
0.7
0.0
0.0
0.0
2.8
0.0
33.2
0.0
0.0
0.0
0.0
0.0
20.3
0.0
0.0
0.0
0.0
0.0
0.0
0.0
0.8
1.3
0.0
0.0
0.0
0.0
0.0
0.0
0.0
0.0
0.0
1.0
0.8
0.0
0.0
2.8
0.0
0.0
13.6
0.5
0.6
1.8
0.0
0.0
0.0
0.0
0.0
0.0
0.0
0.6
7.9
0.0
0.0
0.0
9.4
21.5
3.1
0.0
0.0
23.3
0.5
0.8
0.0
0.0
0.0
0.0
0.0
0.0
0.0
0.0
0.0
0.0
0.0
2.6
27.4
10.6
0.0
0.0
2.4
0.0
0.0
0.0
0.0
0.0
6.0
2.2
2.0
11.0
13.9
10.4
0.0
0.0
0.0
0.0
0.0
0.0
0.0
10.6
22.9
5.5
0.0
0.0
0.0
0.0
0.0
0.0
0.0
1.8
14.1
0.0
1.4
0.0
0.0
0.0
0.0
0.0
0.2
0.0
0.0
0.0
0.0
0.0
0.0
0.0
0.0
1.0
1.5
0.4
0.0
0.0
0.3
23.1
0.0
8.8
20.7
0.0
0.1
9.5
0.0
0.0
0.0
0.0
0.0
0.0
0.0
0.0
0.0
0.0
0.0
4.6
10.0
0.0
0.0
0.4
1.0
0.0
0.8
0.0
0.0
0.0
0.0
0.0
0.0
0.0
0.0
8.8
14.0
10.7
2.5
0.0
0.7
0.7
0.0
1.3
0.0
1.1
0.0
0.0
0.0
0.0
0.0
0.5
0.0
1.9
1.2
0.0
0.3
0.0
0.0
0.0
0.0
0.0
0.0
0.0
0.0
0.0
0.0
1.8
0.0
0.3
0.0
0.0
0.0
0.0
0.3
0.0
0.0
0.0
0.0
0.0
0.0
1.2
4.7
0.0
13.7
3.9
0.6
0.0
0.0
0.0
0.0
0.0
0.0
0.0
0.0
3.9
10.9
0.0
0.0
0.0
10.4
1.9
0.0
0.0
0.0
0.0
0.0
0.0
3.1
0.0
10.0
39.5
0.0
0.0
0.0
0.0
0.0
0.0
0.0
0.5
0.0
0.0
0.0
0.0
0.0
0.0
0.2
1.0
0.1
10.4
4.0
3.6
0.0
0.0
0.0
0.0
0.0
0.0
0.0
0.0
0.0
0.0
0.0
0.0
0.0
0.0
2.0
0.0
0.0
0.0
2.7
4.6
0.0
0.0
2.0
8.4
18.9
0.3
0.0
1.9
3.6
0.6
0.3
0.7
0.0
3.2
1.6
0.3
0.6
1.6
4.2
0.8
0.0
0.0
0.0
0.0
2.0
0.0
0.0
0.0
1.9
0.0
0.3
3.1
0.0
0.0
8.7
0.0
0.0
0.3
0.0
0.0
5.8
3.7
0.4
1.1
1.9
3.0
1.6
1.2
5.6
6.9
7.6
0.0
0.0
0.0
4.7
5.5
1.5
0.7
6.6
9.8
25.0
0.0
0.0
0.0
0.0
0.0
0.0
0.0
0.0
2.7
0.0
0.0
0.0
0.0
0.0
11.2
5.8
0.0
0.0
0.0
0.0
0.0
0.0
0.0
0.0
0.0
0.4
0.9
8.0
29.4
0.0
0.0
0.0
14.6
0.0
0.0
0.0
0.0
0.0
0.0
0.0
0.0
13.4
6.3
0.0
0.5
0.0
0.3
11.4
0.0
1.2
0.0
0.0
6.1
6.7
0.0
0.0
0.0
15.1
0.0
0.0
0.0
0.0
0.0
0.0
0.0
0.0
0.0
0.0
0.0
0.0
6.0
0.0
0.0
13.7
0.0
0.0
0.8
27.7
1.9
1.8
1.7
0.0
0.0
0.0
0.0
9.8
0.0
0.0
0.0
0.0
0.0
0.0
5.7
1.3
6.0
3.8
0.0
0.0
0.0
0.0
0.0
0.0
0.0
1.3
11.0
0.6
4.3
0.0
0.0
0.0
0.0
0.0
0.0
0.0
0.0
0.0
0.0
0.0
0.0
0.1
16.6
10.0
0.0
0.0
0.0
8.1
8.1
22.0
4.1
26.5
2.6
15.7
0.0
0.0
0.0
0.0
0.1
0.9
3.4
0.5
22.1
0.0
0.0
0.0
0.0
0.0
0.0
0.2
5.8
0.0
0.0
0.0
0.0
0.0
0.0
1.0
0.0
0.0
0.0
0.0
0.0
0.0
0.0
0.0
0.1
0.2
0.0
0.0
0.0
0.0
5.7
0.8
0.0
0.9
5.3
8.5
17.9
0.0
0.0
0.0
0.0
0.0
1.5
0.0
0.0
0.0
0.0
0.0
1.9
5.2
6.4
2.2
3.4
16.0
2.2
0.0
0.0
0.0
0.1
3.9
0.0
0.0
0.0
0.0
0.0
0.0
0.0
0.0
0.0
0.0
0.0
0.0
0.0
0.6
0.0
0.0
0.0
0.0
0.0
0.0
0.0
0.0
0.0
0.0
0.0
0.0
0.0
0.0
0.0
0.0
0.0
0.4
0.9
0.0
0.0
0.0
0.0
13.1
40.3
14.5
0.0
0.0
0.0
0.0
0.0
0.0
0.0
0.0
0.0
4.8
0.0
0.0
0.0
0.0
0.0
0.0
0.0
6.6
20.2
12.8
0.4
0.0
0.0
0.0
8.2
0.5
0.0
0.0
4.3
10.1
0.0
0.0
0.0
0.0
0.0
13.7
3.8
0.0
0.4
0.0
0.0
1.8
5.9
2.6
0.0
0.1
2.9
0.0
0.0
0.0
0.0
23.5
16.1
0.3
0.0
0.3
0.8
0.0
0.0
0.7
1.8
0.0
0.0
0.0
0.0
2.3
8.2
0.0
0.0
0.0
1.5
0.0
0.0
0.0
0.0
0.0
0.0
8.2
23.6
5.3
0.0
0.0
18.2
0.0
0.0
42.2
0.0
0.0
0.0
4.1
0.0
0.0
0.0
13.4
22.9
1.3
16.3
0.0
3.9
36.6
19.5
7.3
0.0
0.1
31.9
7.3
0.0
0.0
0.0
0.0
0.0
1.9
1.6
0.0
0.0
1.7
8.5
0.0
0.0
0.0
0.0
0.0
0.0
17.5
4.4
0.0
0.0
0.0
1.6
0.4
36.2
24.3
6.1
11.4
1.3
0.0
0.0
0.0
0.0
0.0
0.0
0.0
0.0
2.6
0.6
0.0
0.0
0.0
0.0
0.0
0.0
0.0
0.0
0.0
0.0
0.0
0.0
0.0
0.0
0.0
0.0
0.0
0.0
0.0
0.0
0.0
0.0
0.0
0.5
0.0
12.7
10.7
0.0
0.0
0.0
9.8
2.3
21.7
0.0
0.0
0.0
0.0
0.0
0.0
0.0
0.0
0.0
0.0
0.0
0.0
0.0
0.0
0.0
2.3
14.5
15.4
5.1
0.0
19.5
11.2
0.0
0.0
53.5
34.8
4.7
0.0
0.7
0.0
0.0
0.0
0.0
0.0
0.0
0.0
0.0
0.0
0.0
0.0
0.0
0.0
0.0
0.0
0.0
0.0
0.0
0.9
2.0
0.0
16.5
0.5
12.8
5.8
0.0
0.0
0.0
0.0
0.0
0.0
0.0
0.0
0.0
0.0
0.0
0.0
0.0
11.9
0.0
0.0
0.0
0.0
0.0
0.0
0.0
2.8
0.0
0.0
0.0
0.0
0.0
22.4
0.0
0.0
0.0
0.0
0.0
5.7
5.4
0.0
0.0
8.8
5.0
1.2
0.0
0.0
0.0
2.8
1.7
9.4
0.0
0.0
0.0
2.3
0.0
0.0
0.0
0.0
2.9
0.0
0.0
0.0
0.5
0.0
0.0
1.6
0.0
0.0
3.2
0.0
0.0
0.0
0.0
0.0
0.0
0.0
0.0
0.0
0.0
0.0
0.0
0.0
0.0
0.0
0.0
0.0
0.0
0.0
0.0
0.0
0.0
8.9
20.8
2.1
0.0
0.6
0.0
0.0
12.7
0.0
0.0
0.0
0.0
0.0
0.6
0.0
1.7
3.7
0.0
3.8
1.3
0.0
0.0
0.0
0.0
0.0
0.0
0.0
0.0
0.0
2.1
2.5
0.0
0.0
0.0
0.0
0.0
0.0
0.0
0.0
1.2
0.0
0.0
3.6
0.0
0.0
4.1
0.0
0.0
0.8
0.0
0.0
0.0
0.0
0.0
1.6
2.6
0.0
0.0
0.0
20.2
7.2
0.0
0.0
0.0
0.0
0.0
0.0
2.8
2.9
0.0
0.0
0.0
0.0
0.0
0.9
0.0
0.0
5.2
0.5
0.0
0.0
0.0
0.0
0.0
0.0
11.4
0.0
0.0
0.0
0.0
0.0
1.1
9.2
3.5
0.0
0.0
0.0
2.6
0.0
0.0
0.0
9.2
0.0
0.0
0.0
0.0
0.0
0.0
5.2
0.0
15.1
0.0
0.0
0.0
0.0
0.0
0.0
0.0
0.0
0.0
6.9
0.8
0.0
12.9
0.0
0.0
0.0
0.0
9.3
3.2
0.0
0.0
0.0
0.0
5.4
0.0
0.0
0.0
37.1
0.0
2.7
0.0
10.3
10.2
23.8
0.0
0.0
0.0
14.8
0.7
0.0
5.8
0.5
9.9
0.0
0.0
0.0
0.0
0.0
0.0
0.0
0.0
3.6
0.0
13.6
0.0
0.0
8.4
0.6
0.0
0.0
8.3
0.0
0.0
0.0
14.9
31.9
0.0
21.5
0.0
0.0
0.0
0.0
0.8
0.0
0.0
0.0
0.0
0.0
0.0
1.4
1.4
0.0
1.1
1.6
0.0
0.0
1.8
0.0
0.0
1.2
0.0
0.0
19.8
65.8
0.0
0.0
0.0
0.0
0.0
0.0
0.0
23.5
0.0
0.0
18.7
0.0
4.8
0.0
0.0
0.0
0.0
0.1
9.7
0.0
0.0
0.0
2.8
11.7
0.9
0.0
0.0
0.4
0.0
0.0
0.0
0.0
0.0
0.0
0.2
0.0
0.0
0.0
0.0
0.0
0.0
0.0
0.0
0.0
0.0
0.0
0.0
0.0
0.0
1.6
31.1
0.0
95.0
16.4
0.0
0.0
0.0
0.0
0.0
0.0
0.0
0.0
0.0
0.5
2.0
1.1
0.0
0.0
0.0
0.0
0.0
0.0
0.0
5.8
3.9
1.3
0.0
0.0
26.3
0.0
0.0
0.0
0.0
0.0
0.0
4.3
0.0
0.0
0.0
0.0
0.0
0.1
0.0
0.0
0.0
14.3
0.4
0.0
0.0
0.0
0.0
0.0
0.0
0.0
0.0
0.0
8.4
5.3
0.0
1.4
0.0
0.0
0.0
0.0
2.3
0.0
0.0
11.1
0.5
0.0
0.0
0.0
0.0
1.4
1.4
0.0
0.0
1.3
0.9
0.0
44.0
21.0
0.0
0.0
0.0
0.0
21.5
0.0
0.4
0.7
0.0
0.0
0.0
0.0
0.0
0.0
0.8
8.2
0.9
0.0
0.0
0.0
4.6
0.0
0.0
0.0
1.8
0.0
0.0
0.0
3.4
1.5
0.5
0.0
0.0
24.9
1.0
0.0
0.0
0.0
0.0
20.0
0.0
0.0
0.0
0.0
0.0
23.8
10.4
0.0
0.0
0.0
0.0
0.0
0.0
0.0
0.0
0.0
0.0
0.0
3.7
6.8
0.0
0.0
0.0
0.0
0.0
0.0
0.0
3.0
2.5
0.6
0.0
1.6
0.0
0.0
0.0
5.4
0.0
0.0
3.5
1.4
0.3
0.0
0.0
0.0
0.0
0.0
0.0
0.0
0.0
0.0
0.0
0.0
0.6
0.0
0.0
0.0
0.5
0.0
0.0
0.0
0.0
0.0
1.9
0.0
0.0
1.9
30.7
0.0
0.0
0.0
0.3
0.0
0.0
0.0
0.0
2.9
0.0
3.9
1.5
0.0
1.3
2.1
0.0
0.0
0.0
0.0
1.3
40.5
42.0
0.0
13.1
15.0
22.9
1.1
0.0
0.0
0.0
0.0
0.0
0.0
0.0
0.0
0.0
0.0
0.0
0.0
0.0
0.0
0.0
0.0
0.0
0.0
0.0
21.7
0.0
12.3
0.0
9.9
0.0
0.0
0.0
0.2
0.0
4.8
7.7
5.4
0.0
0.8
0.0
0.0
0.0
0.0
0.0
7.4
0.0
10.8
32.0
8.9
0.0
0.1
0.0
14.5
0.0
0.0
0.0
0.0
1.4
32.7
0.0
0.4
0.3
0.0
0.4
8.2
1.4
0.3
0.3
0.0
0.0
0.0
0.0
0.0
0.0
8.7
54.4
0.5
0.4
0.0
0.9
30.4
11.8
0.0
0.3
0.0
0.0
5.6
0.0
0.0
11.0
0.1
0.0
0.0
0.0
0.0
0.0
0.0
3.4
4.7
0.0
1.5
4.8
0.0
0.0
31.1
1.0
1.3
0.0
19.5
0.0
0.0
2.4
0.0
0.0
0.0
0.0
0.0
0.6
0.0
0.0
0.0
0.0
0.0
0.2
8.0
8.9
0.0
0.0
0.0
11.4
0.0
0.0
0.0
0.0
0.0
10.9
0.0
0.0
0.0
0.0
0.0
0.0
0.0
0.1
0.8
5.0
16.1
0.0
0.0
0.4
6.3
52.0
2.8
3.6
11.8
0.0
0.0
0.0
0.0
0.0
0.0
0.0
0.0
0.0
0.0
0.0
0.0
0.0
0.0
0.0
0.0
3.1
1.6
0.0
0.0
0.0
0.0
0.0
0.0
0.0
0.0
0.0
0.0
0.0
0.0
0.0
0.0
0.0
1.5
0.0
0.0
0.0
0.0
0.0
0.0
6.2
0.0
0.0
0.0
14.0
0.8
6.3
0.0
0.0
23.4
11.4
0.4
0.0
0.0
8.4
2.5
0.0
0.0
19.1
0.0
9.9
8.7
0.0
7.3
20.1
0.0
3.6
0.0
0.0
0.0
0.0
0.0
0.0
3.3
5.2
0.0
0.0
0.0
0.0
0.0
0.0
11.6
0.7
0.0
0.9
0.0
6.6
24.7
0.0
9.7
9.3
1.2
9.0
15.8
0.0
0.0
0.0
0.0
10.0
20.7
1.9
0.0
0.2
1.5
0.0
0.0
0.0
0.0
0.0
0.0
0.0
0.0
0.0
0.0
0.0
0.0
0.0
0.0
1.0
0.0
0.0
0.0
0.0
0.0
1.2
0.4
11.9
18.4
15.9
24.1
0.0
3.9
0.0
0.0
3.4
23.2
35.3
7.0
0.0
0.5
0.0
0.0
0.0
0.0
0.4
0.4
0.8
0.0
0.0
0.0
0.0
0.0
0.9
7.1
0.0
0.0
0.0
0.0
0.0
0.0
0.0
4.3
8.3
1.7
0.5
0.0
0.0
2.7
21.1
0.0
4.3
0.2
0.0
0.0
2.7
1.7
0.0
0.0
0.0
0.0
0.0
0.0
1.3
0.6
0.0
0.0
0.0
0.0
0.0
0.7
0.0
0.0
0.0
0.6
0.0
0.0
0.0
0.0
0.0
0.0
0.0
0.0
0.0
0.0
0.0
31.0
4.0
10.1
4.5
0.0
0.0
0.0
0.0
4.5
0.0
5.3
0.0
0.0
0.0
0.0
0.4
0.0
0.0
0.0
0.0
11.5
7.9
0.0
0.0
0.0
0.0
0.0
0.0
0.0
9.3
9.8
3.6
0.0
0.0
4.8
0.4
0.0
0.0
2.6
0.0
0.0
0.0
0.0
0.0
0.0
0.0
0.0
0.3
0.8
0.0
2.4
0.0
0.8
2.0
0.0
0.0
0.0
10.9
8.5
0.0
0.0
0.0
0.0
0.0
0.0
0.0
0.0
0.0
0.6
0.0
0.0
0.0
1.0
0.0
0.0
0.0
0.0
0.9
1.1
0.0
15.1
0.2
0.8
30.4
0.0
0.0
0.0
0.0
0.0
0.0
0.0
0.0
0.0
0.0
0.0
1.4
0.0
0.0
5.4
0.0
0.0
0.0
0.0
0.0
8.6
0.0
0.0
12.3
0.0
0.0
0.0
12.1
4.8
5.8
4.6
11.4
0.0
7.4
18.0
0.0
0.4
3.2
0.0
0.0
0.0
0.0
15.9
0.0
0.0
0.0
0.0
0.0
0.0
0.0
11.4
2.1
1.4
0.0
0.0
0.0
0.0
0.0
0.3
9.8
5.9
6.8
2.0
0.0
0.0
31.6
9.6
0.0
2.3
0.0
0.0
0.0
1.8
0.0
0.0
0.0
0.0
0.0
0.0
0.0
0.0
0.0
0.0
0.0
0.0
0.0
0.0
0.0
0.0
0.0
0.0
5.3
0.0
18.7
0.0
0.0
5.9
12.6
0.0
0.0
0.0
7.2
0.7
29.8
0.0
0.0
11.9
0.0
0.0
0.0
0.0
0.0
0.0
0.0
0.0
0.0
0.0
0.0
0.0
0.0
0.0
0.0
0.0
0.0
0.0
0.0
0.2
9.0
17.5
0.0
0.0
0.4
0.0
0.0
0.0
0.0
0.0
0.0
6.6
32.7
0.0
0.0
0.0
0.0
12.9
0.0
0.0
0.0
0.0
0.0
0.0
0.5
0.0
9.1
14.1
0.0
0.0
0.0
0.0
0.0
0.0
0.0
0.0
0.0
0.0
6.0
22.9
4.0
0.0
1.7
1.2
0.0
1.9
0.0
0.0
0.0
0.0
9.2
0.0
0.0
0.5
0.0
2.2
2.1
0.0
0.0
0.0
0.5
0.0
0.0
0.0
0.0
0.0
2.9
0.4
0.0
0.6
13.4
0.0
4.6
0.0
0.0
1.5
0.0
0.0
0.0
0.0
0.0
0.0
0.0
4.4
0.0
0.9
5.2
0.0
0.3
4.9
1.6
0.0
0.0
6.9
0.0
0.0
0.0
0.0
0.0
0.0
0.0
16.2
0.0
0.3
0.0
0.0
0.3
7.2
0.0
0.0
0.0
0.0
0.0
0.0
0.0
0.3
0.0
0.0
0.0
10.6
8.2
0.0
0.0
0.0
0.0
0.0
0.0
0.0
0.0
0.0
0.0
0.0
0.0
0.0
0.0
0.0
0.0
3.2
0.4
4.2
17.4
17.9
4.3
25.7
5.5
0.0
0.0
0.0
0.0
0.0
0.0
0.0
2.0
2.4
0.0
0.0
0.9
0.0
0.0
6.6
0.3
0.0
9.9
0.0
0.0
14.8
0.5
0.0
5.9
28.9
0.0
0.0
0.0
0.0
0.9
0.0
4.8
1.3
0.4
19.8
0.0
7.9
0.0
0.0
0.0
0.0
0.0
1.4
3.6
0.0
0.0
0.0
10.3
8.3
8.7
0.0
0.7
0.0
0.0
0.0
0.0
0.0
0.0
16.1
2.2
2.0
1.8
2.4
3.4
1.5
13.6
0.3
0.0
0.0
0.0
0.0
0.0
2.6
0.0
0.0
0.0
0.0
0.0
0.7
6.6
2.2
0.2
0.0
0.0
0.0
1.2
0.0
0.0
0.0
4.9
0.0
0.0
0.0
0.0
0.0
0.0
1.7
3.5
0.4
0.0
0.0
0.0
0.0
0.0
7.0
6.8
0.9
0.0
0.0
0.3
0.0
1.2
15.2
1.1
0.0
0.0
0.0
2.0
0.4
29.3
12.8
20.6
0.0
0.0
0.0
0.0
0.0
0.3
4.1
3.7
12.0
0.0
0.0
0.0
0.0
96.6
45.4
0.0
0.0
0.0
0.0
0.0
0.0
0.0
0.0
0.0
0.5
1.1
19.3
8.8
1.4
0.0
0.0
1.9
2.4
0.0
0.0
20.0
15.5
5.2
0.0
0.0
0.0
0.0
0.0
0.0
1.6
34.8
1.3
0.5
0.4
1.0
0.0
0.0
0.0
2.8
0.3
0.0
0.0
0.0
0.0
0.0
17.2
0.4
0.4
0.0
0.0
0.0
12.3
0.0
0.0
0.0
5.4
0.3
0.0
0.4
0.0
0.0
0.0
0.0
0.0
0.0
0.0
6.4
0.0
0.3
0.0
0.0
0.0
0.0
0.0
8.7
1.7
0.0
0.0
0.0
0.0
54.3
0.0
0.1
0.0
0.0
4.5
0.0
0.0
0.0
7.6
3.6
2.3
0.0
0.0
0.0
0.0
0.0
0.0
0.0
1.3
0.1
2.2
0.0
0.0
0.0
14.8
0.0
0.0
0.0
7.1
11.8
3.8
0.0
0.0
0.0
0.0
0.0
0.0
0.0
0.0
0.0
0.0
0.0
0.0
17.8
46.8
3.2
0.0
0.0
0.0
0.0
0.0
0.0
0.0
0.0
1.1
9.5
1.7
0.0
0.0
0.0
0.0
6.4
0.0
0.0
21.6
17.1
4.2
0.0
0.0
0.0
0.0
0.0
0.0
0.0
18.6
3.3
0.0
0.0
0.0
14.7
1.2
0.0
2.4
0.0
0.0
0.0
0.1
24.1
1.5
23.9
0.3
0.0
0.0
0.0
0.0
4.5
0.0
0.0
3.0
0.0
0.0
0.0
0.0
0.0
0.0
0.0
0.0
0.0
0.0
0.0
0.0
0.0
9.6
0.0
0.0
0.0
0.0
0.0
8.7
11.5
0.0
0.0
3.6
0.8
0.0
0.0
0.0
0.0
0.0
0.0
21.5
0.0
0.0
0.0
3.3
2.9
0.0
0.0
0.0
0.0
0.0
0.0
0.0
1.6
0.0
0.0
0.0
0.0
5.4
0.0
0.0
0.0
3.9
2.8
0.8
3.8
12.3
6.2
1.2
0.0
0.0
0.2
31.9
0.0
8.0
7.5
0.0
0.0
13.6
0.0
0.0
0.0
0.0
0.0
0.0
12.8
5.4
0.0
1.0
6.2
0.0
0.0
0.0
0.0
0.0
0.0
0.0
0.0
0.0
12.3
6.9
6.0
0.0
0.0
0.0
0.0
0.0
0.0
0.1
1.6
0.0
0.0
0.0
0.0
1.3
0.0
0.0
0.0
0.0
0.0
25.5
0.0
0.0
0.0
0.0
0.0
0.0
0.0
0.0
1.2
0.5
3.9
3.6
0.0
0.0
0.0
0.5
0.0
1.8
0.0
3.1
0.0
0.0
0.0
0.0
0.0
0.0
0.0
0.0
0.0
0.0
0.0
0.0
0.0
13.6
0.0
0.0
19.7
12.1
46.6
40.9
0.0
7.9
14.6
17.6
0.0
0.0
0.0
0.0
0.0
0.5
1.5
0.0
0.0
0.0
14.6
0.4
0.0
3.8
0.0
1.2
0.0
14.2
19.3
0.4
1.5
0.0
0.0
0.0
0.0
0.0
0.0
0.0
13.6
0.0
0.0
0.0
0.0
0.0
0.0
0.0
1.7
0.0
0.9
0.0
0.0
0.0
0.0
0.0
0.0
0.1
2.9
0.4
4.0
0.0
2.1
3.0
27.1
0.0
0.0
0.0
10.4
0.0
0.0
0.0
0.0
0.0
0.0
0.0
0.0
0.0
0.0
0.0
0.0
6.9
7.7
10.6
0.0
3.7
0.0
0.0
0.0
0.0
0.0
0.0
0.0
0.0
0.0
0.0
0.0
0.0
0.0
1.7
2.3
0.0
0.0
0.0
0.0
2.5
0.0
18.8
0.0
0.0
0.0
0.0
0.0
2.8
0.0
0.0
0.0
0.0
0.0
0.0
20.2
0.0
26.6
1.9
0.0
0.0
0.0
12.0
0.0
0.0
1.3
8.8
0.0
0.0
0.0
0.0
0.0
0.0
0.0
0.0
0.0
0.0
0.0
0.0
0.0
0.0
1.3
0.4
7.3
0.0
0.0
0.0
0.0
0.0
1.1
0.0
10.6
41.7
0.0
0.0
0.0
7.1
1.1
0.0
0.0
0.0
0.0
3.4
7.6
0.0
1.2
0.0
3.8
0.3
10.8
5.5
3.3
10.4
0.0
0.0
1.5
14.8
0.0
0.0
0.0
0.0
2.0
0.0
2.3
0.0
0.0
0.0
2.4
0.0
3.7
0.0
0.0
1.1
0.6
0.0
0.0
4.6
0.3
0.0
49.4
2.2
0.0
4.5
0.0
0.0
0.0
0.0
0.0
0.0
0.5
0.0
0.0
0.0
0.5
0.0
0.0
0.0
0.0
0.0
0.0
0.0
11.7
0.0
15.5
0.5
0.0
11.6
24.6
52.2
3.8
0.0
0.7
0.0
0.0
0.0
0.0
0.0
0.0
0.0
23.4
1.3
0.0
0.6
0.0
2.4
4.8
0.0
0.0
5.2
0.1
0.0
2.2
0.0
0.0
4.5
5.4
8.9
0.0
0.0
0.0
0.0
0.0
0.0
0.0
0.0
1.9
0.0
1.4
0.0
20.1
15.4
0.0
0.0
0.0
0.0
0.0
0.0
0.0
2.6
28.2
0.0
0.0
1.2
11.8
0.0
0.0
1.5
0.0
0.0
0.0
0.0
7.1
2.1
25.4
1.0
2.6
0.5
0.0
0.0
0.0
0.0
2.9
0.4
0.0
0.0
0.0
0.0
0.6
23.2
0.0
1.5
4.2
0.0
0.0
6.6
8.0
0.0
0.0
0.0
0.0
21.3
7.3
0.0
28.4
3.3
0.0
3.6
0.2
17.8
0.0
0.0
0.0
10.3
0.0
0.0
0.0
12.0
0.0
0.5
0.3
0.5
0.0
0.0
29.6
0.0
0.0
64.2
115.6
3.3
0.0
13.5
13.8
1.3
3.3
0.0
0.0
0.0
0.0
0.0
0.6
0.0
0.0
0.0
0.0
0.0
0.0
0.2
0.0
2.0
0.0
0.0
7.3
0.0
0.0
0.0
0.0
1.2
9.4
2.0
0.0
40.0
4.5
40.3
0.0
0.0
30.6
8.2
0.0
0.0
0.0
0.0
0.0
1.3
3.0
0.6
21.9
0.0
0.0
0.0
0.0
0.0
1.5
0.0
11.7
0.8
0.0
0.0
0.0
0.9
0.0
3.8
0.0
0.0
0.0
0.0
0.0
0.0
0.0
0.0
0.0
0.0
0.0
0.0
0.0
0.0
0.0
0.6
6.5
0.0
0.0
0.0
0.0
0.0
2.8
0.0
0.0
0.0
0.0
0.0
22.5
74.2
0.0
3.7
0.1
3.4
0.0
0.0
13.1
7.8
24.7
83.2
0.3
0.0
0.0
0.0
0.0
0.0
0.0
0.0
0.0
0.0
0.0
0.0
0.0
0.7
3.3
0.0
0.0
0.0
0.0
0.0
0.0
0.0
31.3
0.0
0.0
0.0
0.0
0.0
0.0
0.3
4.7
0.0
4.4
0.0
0.0
0.0
0.0
0.0
33.9
2.4
0.0
0.0
0.0
0.0
0.0
0.0
0.0
0.0
0.0
0.0
0.0
0.0
2.1
0.0
0.0
0.0
0.0
3.3
1.0
1.0
4.7
0.0
0.0
0.0
0.0
0.0
0.0
0.0
0.0
1.2
0.0
0.0
0.0
0.0
0.0
6.3
3.2
1.1
0.0
0.5
0.0
0.4
0.0
1.1
11.8
3.8
0.0
0.0
0.0
0.3
3.8
0.0
4.9
0.0
32.5
0.0
0.0
0.0
0.0
29.1
4.0
0.2
1.1
35.5
0.0
0.0
0.0
0.0
0.0
0.0
0.0
0.0
0.0
0.1
0.0
0.0
0.9
0.0
0.0
0.0
4.3
0.0
0.0
0.0
0.0
1.1
0.0
0.0
0.0
0.0
0.0
0.0
1.4
0.0
7.9
0.0
0.0
0.0
0.0
0.0
0.3
0.0
0.0
0.0
0.0
0.0
0.0
3.0
12.8
13.1
0.0
0.9
0.0
0.0
0.0
1.4
1.8
0.0
0.0
0.0
0.0
0.0
0.0
0.0
7.6
0.0
0.0
0.0
0.0
0.0
0.0
0.0
0.0
8.8
0.5
13.9
14.2
0.0
0.0
0.0
0.0
0.0
0.0
0.0
0.3
0.0
0.0
0.0
0.0
0.0
5.4
0.0
0.0
0.0
20.0
0.1
1.4
8.7
0.0
19.8
0.0
3.3
16.3
0.4
0.0
0.0
11.9
0.0
0.0
12.4
6.2
0.0
0.0
0.0
0.0
5.5
25.4
1.4
1.6
0.0
0.0
0.0
0.2
0.6
40.8
2.4
14.9
7.1
3.7
0.0
0.0
0.0
0.0
0.0
10.4
3.0
0.0
0.0
0.0
21.2
46.1
0.0
38.9
0.0
0.0
0.0
0.0
0.0
0.0
0.0
1.0
0.3
11.9
3.0
0.9
2.3
0.0
4.3
0.0
0.8
6.9
2.3
0.0
0.0
0.0
0.8
2.3
0.8
18.8
6.1
0.0
0.0
0.0
10.2
6.1
12.2
2.0
20.8
0.3
0.0
0.0
0.0
0.0
12.7
0.0
3.0
0.0
0.0
0.0
0.0
0.0
1.3
34.8
0.3
0.0
16.3
17.0
0.3
0.0
1.3
0.0
0.0
21.6
0.3
0.0
0.0
0.0
0.0
0.0
0.5
0.0
0.5
30.0
0.3
0.0
0.0
3.6
0.0
0.0
0.0
0.7
0.0
0.3
24.1
0.0
0.0
5.8
0.3
0.0
0.0
3.0
0.3
0.0
0.0
0.0
3.8
4.1
0.0
22.1
0.3
1.8
0.0
0.0
0.0
0.0
0.0
18.3
4.6
0.0
0.0
0.0
0.0
0.0
0.0
0.0
15.7
0.2
0.0
0.0
0.0
0.0
0.0
0.0
0.0
0.0
0.0
0.0
0.0
0.0
0.0
0.0
3.6
8.9
0.3
8.6
6.6
0.2
0.0
0.0
0.0
0.0
25.4
0.5
0.3
0.0
6.3
1.3
7.6
46.3
10.3
0.0
39.1
0.2
8.6
13.2
1.5
0.8
0.0
0.0
0.0
0.0
0.0
53.3
1.5
0.3
1.3
3.8
7.6
0.0
24.1
61.5
0.0
0.0
0.0
0.5
0.0
0.0
0.0
0.0
0.0
0.0
0.3
0.0
0.0
0.0
0.0
39.1
18.0
17.8
4.3
3.0
0.3
0.0
0.0
0.0
11.4
1.3
0.6
0.0
0.0
0.1
0.3
0.0
1.3
0.0
0.0
0.0
0.5
0.0
17.0
0.3
0.0
0.0
7.5
0.0
0.0
0.0
0.0
0.0
0.2
1.0
1.5
0.0
5.8
14.9
37.8
1.0
3.3
4.6
0.0
0.0
0.0
0.0
0.0
0.0
0.0
0.0
0.0
8.9
2.4
0.0
0.0
0.0
0.0
0.0
0.0
0.0
0.0
0.0
0.5
0.3
0.0
2.5
2.8
0.0
0.0
5.3
3.6
0.0
1.8
0.0
0.0
0.0
0.0
0.0
0.0
0.0
3.8
4.3
0.0
0.0
6.3
4.1
0.0
0.0
0.0
0.0
3.6
0.8
0.0
0.0
0.0
1.5
2.5
2.8
0.0
0.3
0.0
0.0
0.0
0.0
0.0
0.0
0.0
0.0
0.0
0.0
0.0
4.7
0.3
0.5
9.4
0.8
12.4
8.6
0.3
0.3
0.3
0.0
0.0
0.0
0.0
4.1
0.3
0.0
1.5
0.0
0.0
18.8
7.4
0.3
0.0
0.0
0.0
4.3
7.6
0.3
1.0
0.5
5.3
0.0
0.0
0.0
0.0
0.0
0.0
0.0
0.0
0.3
0.0
0.0
0.0
0.0
1.3
0.3
5.3
27.7
2.8
0.3
0.0
0.0
0.0
0.0
18.3
0.3
2.0
0.0
0.0
0.0
0.0
0.0
0.0
27.7
0.0
8.4
3.8
0.0
0.0
9.7
16.8
0.0
0.0
8.1
5.6
0.0
0.0
0.0
0.0
0.0
0.0
0.0
0.0
0.0
0.0
21.8
0.0
0.0
0.0
27.2
0.0
0.0
36.3
0.0
0.0
0.8
18.6
0.5
26.2
2.5
0.3
20.8
37.1
0.0
0.0
16.8
7.7
12.7
0.0
0.0
0.0
2.2
0.0
0.0
0.0
0.0
0.0
0.0
1.0
0.0
0.0
0.0
2.5
0.0
0.0
0.0
8.6
0.0
0.0
11.7
0.0
0.0
0.0
31.8
2.5
8.4
0.0
0.0
16.5
0.0
0.0
0.0
1.5
0.0
0.0
0.0
0.0
0.0
0.0
5.6
0.0
0.0
0.0
0.0
0.0
2.0
1.3
0.0
17.8
0.0
0.0
0.0
0.0
0.0
0.0
16.5
0.0
0.0
0.0
0.0
0.0
0.0
0.0
0.0
0.0
0.0
0.0
28.2
34.8
0.0
0.0
0.0
0.0
0.0
0.0
0.0
3.8
0.0
0.0
0.0
0.0
2.5
0.0
0.0
4.3
0.0
0.0
10.9
14.5
1.0
1.0
0.0
0.0
0.0
0.0
0.0
0.0
0.0
5.3
0.0
0.0
0.0
0.0
0.0
0.0
0.0
0.0
0.0
0.0
5.3
0.0
0.0
0.0
0.0
0.5
0.0
0.0
0.0
0.0
0.0
35.3
0.0
0.0
0.0
0.0
0.0
0.0
0.0
0.0
0.0
0.0
0.0
0.5
0.0
0.0
0.0
0.0
0.0
0.0
1.8
0.0
0.0
0.0
0.0
0.0
0.0
0.0
0.0
0.5
27.4
0.0
16.0
4.8
0.0
0.0
0.0
21.6
0.5
0.0
0.0
7.6
0.8
0.0
0.0
0.0
0.0
0.0
0.3
20.1
1.9
1.3
0.0
5.8
0.3
0.0
0.0
0.0
0.8
0.0
0.0
0.0
15.2
0.0
0.0
0.0
0.0
0.5
0.0
4.3
0.0
0.0
0.0
0.0
0.0
0.0
0.8
0.0
0.0
0.0
4.8
0.0
0.0
0.0
0.0
0.0
3.3
0.8
3.8
3.3
0.0
0.0
1.7
0.0
0.0
0.0
0.0
0.0
0.0
0.0
0.8
25.9
0.0
0.0
0.0
3.3
0.0
0.0
0.0
0.0
0.0
0.0
0.0
0.0
0.0
0.0
0.0
0.0
0.0
9.4
2.3
7.6
0.0
2.8
13.5
0.0
0.3
2.0
0.0
0.0
0.0
0.0
18.4
0.8
0.0
0.0
9.9
0.0
0.0
0.0
0.0
0.0
5.6
0.0
0.0
0.0
0.0
0.0
0.0
0.0
2.5
0.0
0.0
0.0
0.0
0.0
0.0
0.0
0.0
0.0
0.8
0.0
14.0
2.0
0.0
0.0
7.4
3.0
1.0
17.5
0.0
0.0
0.0
0.0
12.4
1.2
0.8
8.4
41.1
0.0
0.3
0.0
0.0
0.0
33.3
3.3
10.9
0.0
0.0
0.0
4.6
0.0
0.0
0.0
5.3
0.5
1.3
0.0
0.0
0.0
0.0
5.3
22.6
7.6
4.8
0.0
0.0
0.0
0.0
0.0
4.3
0.5
0.0
0.5
26.2
7.9
0.0
42.2
0.0
0.0
0.0
0.0
3.3
0.0
0.0
3.3
0.0
0.0
0.0
0.0
13.5
0.0
0.0
0.0
16.0
3.8
0.0
0.0
0.0
1.0
0.5
4.1
0.0
0.0
0.0
2.0
21.6
0.5
0.0
0.0
0.0
0.0
0.0
0.0
0.0
0.0
0.0
0.5
0.0
0.0
0.0
0.0
13.2
3.3
0.0
0.0
0.0
0.0
0.3
0.0
0.0
0.0
0.0
0.0
0.3
0.0
0.0
0.0
0.0
0.0
0.0
0.0
0.0
0.0
0.0
0.0
0.0
0.0
0.0
4.1
0.0
0.0
0.0
0.0
0.3
0.0
0.0
0.0
0.0
0.0
0.0
0.0
0.0
0.0
23.9
2.9
0.0
0.0
0.0
0.0
0.0
0.5
0.0
0.0
0.0
1.9
0.8
0.0
0.0
0.0
23.9
0.0
0.0
0.0
0.0
0.0
9.7
0.0
0.0
0.0
9.9
0.0
0.0
0.0
0.0
0.0
0.0
6.3
21.6
0.0
0.0
0.0
0.0
0.0
0.0
0.0
0.0
0.0
0.0
0.0
0.0
0.0
0.0
0.0
13.0
1.5
0.0
0.0
0.0
6.3
3.8
19.3
0.0
0.0
0.0
0.5
0.0
0.0
1.0
0.0
0.0
0.0
1.8
0.0
0.0
16.8
14.0
0.0
0.0
2.0
6.1
7.6
0.5
0.0
0.0
0.0
0.0
5.2
0.0
0.0
0.0
0.0
0.0
0.0
0.0
20.1
0.0
0.0
0.0
15.1
1.0
16.3
0.0
0.0
0.0
0.0
4.1
0.0
0.0
0.0
0.0
0.5
0.0
0.0
0.0
0.3
4.6
14.5
0.3
0.0
0.0
0.0
20.6
0.5
0.5
0.0
0.0
0.0
0.0
7.9
0.0
0.0
0.0
3.0
0.8
0.5
0.5
0.0
0.0
0.0
0.0
0.0
0.0
0.0
0.0
0.8
9.7
0.1
0.0
0.0
32.5
0.0
0.0
0.0
1.5
0.0
19.0
0.0
0.0
8.6
7.9
1.5
0.0
0.0
0.0
0.0
0.0
0.0
8.4
2.3
0.0
0.0
1.5
0.0
0.0
0.7
0.0
0.0
3.6
0.0
4.6
0.0
0.0
0.0
0.0
1.5
0.3
0.0
1.0
0.3
0.0
0.0
0.0
4.8
0.0
0.0
4.1
0.0
1.3
0.0
0.0
1.8
1.5
0.0
0.0
1.5
0.0
0.0
0.0
0.0
0.0
8.6
0.0
0.0
0.0
0.0
0.0
0.7
0.0
0.0
0.0
0.0
0.0
1.3
0.0
7.1
0.0
0.0
0.0
0.0
0.0
0.0
0.0
0.0
0.0
0.0
0.0
0.0
0.7
8.9
18.0
0.0
0.0
0.0
0.0
1.0
0.0
0.0
0.0
0.0
0.0
0.0
1.5
0.5
22.5
3.8
7.1
1.5
0.3
0.5
0.0
12.4
1.0
0.0
0.0
0.0
0.0
0.0
0.0
0.0
0.0
0.0
0.0
0.0
0.0
3.0
0.0
0.0
0.0
0.0
0.0
0.0
0.0
0.0
0.0
0.0
11.7
0.0
4.8
0.5
7.1
0.0
0.0
0.0
0.0
0.0
0.0
10.4
0.0
0.0
0.0
0.0
22.1
0.0
0.0
0.0
0.0
6.9
0.0
0.0
0.0
0.0
0.0
0.0
0.0
0.0
5.3
0.0
1.0
0.0
0.0
0.0
0.0
0.0
1.8
0.0
0.0
0.0
0.0
0.0
0.0
0.0
0.0
0.0
0.0
0.0
0.0
0.0
0.0
0.0
0.0
0.0
10.9
0.0
0.0
0.0
0.0
0.0
0.0
0.0
0.0
21.1
0.0
0.0
0.0
0.0
0.3
0.0
0.0
10.9
0.5
0.0
0.0
0.0
0.0
0.0
0.0
0.0
0.0
0.0
0.0
0.0
0.0
6.3
0.3
0.0
38.6
3.8
34.0
51.1
3.6
0.0
0.0
4.3
0.0
20.3
0.0
0.0
0.0
0.0
0.0
5.8
0.0
0.0
0.0
6.3
0.0
0.0
0.0
15.1
0.0
0.0
3.8
7.4
2.5
0.0
0.0
0.0
0.0
0.0
2.5
0.8
17.0
5.1
0.0
0.0
0.0
0.8
0.0
0.0
0.0
35.4
2.9
0.0
0.0
14.5
4.1
10.9
0.0
0.0
24.6
3.0
0.0
11.9
0.0
0.0
0.0
0.0
0.0
0.0
0.0
1.9
1.3
0.0
0.0
2.5
0.0
0.0
0.0
0.0
19.3
0.0
0.0
0.0
0.0
0.0
0.0
0.0
0.0
0.0
0.0
1.8
0.0
0.0
0.0
0.0
0.0
0.0
0.0
0.0
0.0
0.0
10.4
0.8
0.0
3.3
4.6
3.1
2.0
0.0
0.0
0.0
0.0
6.1
1.0
0.0
2.8
0.0
25.9
3.6
0.0
0.0
0.0
0.0
0.0
0.0
0.0
0.0
0.0
0.0
4.1
0.0
0.0
0.0
0.0
0.0
0.0
0.0
0.0
0.0
7.6
0.0
14.7
0.4
0.0
0.0
0.0
0.0
0.0
0.0
0.0
0.0
0.0
0.0
2.0
0.0
0.0
2.5
0.0
28.2
1.3
0.3
1.0
0.8
0.0
0.0
0.0
0.0
6.7
0.0
5.2
7.8
0.0
0.0
0.0
0.0
0.0
0.0
0.0
9.7
0.0
0.0
11.7
0.0
0.0
0.0
18.3
3.0
1.8
1.3
1.3
0.0
0.0
0.0
21.1
0.0
0.0
0.0
1.0
3.6
0.0
0.8
0.0
0.0
0.0
0.0
1.3
0.0
0.0
0.0
0.0
0.0
0.5
48.8
0.0
0.0
0.0
0.0
0.0
0.0
0.5
0.0
0.0
0.0
0.0
0.0
0.0
1.3
0.0
0.0
30.7
0.5
0.0
1.0
0.0
19.6
15.0
0.5
48.3
0.8
0.0
0.0
0.0
14.5
1.8
0.0
0.0
13.7
0.0
0.0
0.0
0.0
11.4
5.8
7.9
1.0
0.0
0.0
0.0
24.1
0.0
0.0
0.0
0.0
0.0
0.0
0.0
0.0
0.0
0.0
19.8
0.0
1.3
0.8
0.0
10.7
11.4
22.6
1.0
0.0
7.6
24.0
4.3
0.7
0.0
0.0
0.0
0.0
0.0
0.0
0.5
0.0
0.0
0.0
0.0
0.0
9.4
0.0
0.0
0.0
0.0
0.0
4.5
15.7
7.9
3.6
78.2
1.3
0.0
0.0
5.8
0.0
0.0
1.0
0.0
0.0
0.0
0.0
0.0
0.5
0.0
1.8
0.0
0.0
0.0
0.0
0.0
0.0
0.0
0.0
0.0
0.0
15.0
1.5
0.0
0.0
0.0
2.5
0.0
0.0
0.0
5.3
0.5
0.0
1.3
0.0
0.0
0.0
0.0
0.5
0.0
0.0
0.0
0.0
0.0
0.0
0.0
0.0
0.0
0.0
0.0
0.0
0.0
0.0
0.3
0.0
0.0
0.0
0.0
0.0
0.0
0.0
0.0
0.0
0.0
0.0
0.0
0.0
0.0
0.0
0.0
0.0
0.0
0.0
0.8
0.5
0.0
0.0
2.2
0.0
0.5
1.3
6.6
2.5
0.0
0.0
0.0
0.0
0.0
0.0
0.0
2.8
0.0
0.0
0.0
0.5
15.7
0.0
10.8
3.1
0.0
0.0
0.0
0.0
0.5
1.3
0.0
0.0
1.0
0.8
0.5
6.6
0.0
0.0
0.0
8.6
0.0
0.0
0.0
0.0
0.0
0.0
2.0
23.9
15.7
0.3
0.0
0.0
0.0
9.1
4.1
0.0
0.0
0.0
0.0
4.3
0.0
0.0
0.0
0.0
0.5
3.4
0.0
0.0
1.3
3.3
0.0
0.0
0.0
0.0
0.0
0.0
0.0
0.0
0.0
0.0
0.0
0.0
0.0
0.0
0.0
0.3
0.8
0.0
0.0
0.0
0.0
11.5
3.0
1.5
0.0
0.3
0.0
1.9
5.3
19.6
0.0
0.0
0.0
0.0
0.0
0.0
0.0
0.0
0.0
0.0
4.7
0.1
0.0
0.6
7.9
0.0
0.0
0.0
0.7
20.3
0.0
0.0
0.0
1.1
0.8
0.6
0.0
1.3
0.0
2.0
0.0
0.0
0.0
1.3
0.0
0.0
0.0
0.0
0.0
0.0
11.4
10.7
0.0
0.0
16.4
0.0
0.0
0.3
0.4
0.0
0.0
0.0
0.0
0.0
3.5
0.9
0.0
16.0
0.0
2.6
5.0
0.0
8.2
0.0
0.5
0.0
0.0
0.0
0.0
3.5
0.0
0.0
0.0
0.0
0.0
0.0
0.0
0.0
0.0
21.8
0.8
0.0
0.0
0.0
0.0
0.0
2.8
0.0
0.0
0.0
0.0
0.0
0.8
0.0
5.8
7.6
0.0
0.0
0.0
0.0
2.5
35.2
8.4
0.0
0.0
0.0
12.4
0.0
0.0
0.0
0.0
0.0
12.1
3.1
0.0
0.0
0.0
0.0
0.0
0.0
0.0
0.0
0.0
6.0
0.0
0.0
29.6
13.7
4.5
0.0
0.5
0.0
0.6
0.0
0.0
0.0
0.0
5.7
0.4
10.2
0.0
24.1
0.7
16.4
9.3
3.3
0.0
0.0
0.6
0.0
11.8
0.0
0.0
0.0
0.0
0.0
2.3
0.6
19.4
0.0
0.0
9.6
2.2
23.3
8.5
0.0
0.0
27.8
0.0
9.4
9.8
0.0
0.0
0.0
0.0
0.0
0.0
0.0
0.4
10.9
0.0
11.9
12.0
33.5
1.2
0.0
0.0
0.3
0.3
3.5
57.1
0.0
0.4
0.0
0.0
4.7
2.5
10.6
0.0
0.0
0.0
39.7
17.2
0.4
15.0
0.0
0.0
0.0
0.0
0.0
0.0
0.0
0.0
0.0
0.0
2.5
29.5
0.0
0.0
0.0
0.0
0.0
1.5
0.0
0.0
17.1
0.0
0.1
3.1
0.8
2.9
1.8
2.3
0.0
0.0
0.0
0.0
6.4
0.0
0.0
0.0
7.1
0.0
6.7
4.6
0.0
13.7
13.2
5.2
3.1
4.0
0.3
0.0
4.2
0.0
0.0
0.0
15.4
0.0
0.0
0.6
31.3
29.6
0.0
1.5
0.0
0.0
17.5
0.0
0.0
0.0
0.0
10.4
0.0
0.0
0.0
0.0
0.0
0.0
0.0
0.0
0.0
0.0
20.2
19.9
2.0
0.0
0.8
1.1
0.6
0.0
1.9
0.0
0.0
2.1
25.1
3.6
9.0
0.0
0.0
0.0
0.0
0.0
0.0
0.0
0.3
0.0
0.0
0.0
10.1
0.0
0.0
3.0
0.0
0.0
0.0
6.6
6.1
0.2
0.0
0.0
0.0
0.0
0.0
3.1
0.0
0.0
0.0
0.0
2.4
0.0
0.0
0.0
0.0
3.5
3.7
30.4
0.0
0.0
0.0
0.0
0.0
0.0
0.0
0.0
0.0
0.0
1.0
11.3
0.0
0.5
2.0
0.0
0.0
0.0
0.0
0.0
0.0
3.4
0.0
0.0
0.4
0.0
0.0
0.0
17.0
3.2
2.8
0.0
1.9
1.3
0.0
0.0
0.0
0.0
0.0
4.8
9.7
0.6
5.3
0.0
0.0
0.0
0.0
0.0
8.2
0.0
0.0
0.0
0.0
0.0
0.0
0.0
0.0
0.0
0.0
0.0
0.0
0.5
2.1
0.6
0.0
0.0
0.0
0.0
9.0
6.2
0.0
0.0
2.0
0.0
0.0
0.0
0.0
0.0
0.0
0.0
0.0
0.0
0.0
0.0
0.0
0.3
0.0
0.0
3.2
0.3
0.0
0.0
0.0
2.1
0.0
0.0
15.8
1.6
1.1
0.0
0.0
0.0
0.0
0.0
0.0
0.8
0.6
0.0
1.0
0.5
0.0
0.0
0.0
0.0
0.0
3.0
0.0
0.0
0.0
1.2
11.8
12.0
0.0
0.0
0.0
1.3
0.0
0.0
0.0
4.1
1.3
0.0
0.5
1.3
9.9
8.4
1.4
0.0
0.0
2.8
0.1
0.0
0.8
0.0
0.0
0.0
8.5
0.0
2.5
0.0
0.0
2.2
16.3
0.0
0.0
0.0
1.3
0.0
0.0
0.0
2.0
5.8
0.0
0.0
0.6
10.3
3.6
20.4
6.6
0.0
0.0
8.3
6.1
1.8
0.0
0.0
0.0
2.1
0.0
0.0
0.0
0.0
0.0
5.0
2.6
0.0
9.4
35.5
0.0
0.0
0.0
0.0
0.0
0.0
0.0
35.8
0.0
0.0
0.0
14.6
28.7
17.7
0.1
9.6
0.3
0.6
5.0
2.0
7.5
2.5
0.0
0.4
26.5
0.3
20.0
0.0
6.5
1.1
0.0
0.7
0.0
0.0
0.0
0.0
10.1
2.5
51.9
0.5
0.7
10.6
0.0
0.0
0.0
0.0
0.9
0.0
0.0
1.8
5.1
0.0
0.0
0.0
0.0
0.0
0.0
0.0
7.8
0.0
0.0
0.0
0.0
0.0
0.0
0.0
2.2
0.0
0.0
3.6
12.2
0.0
0.0
0.0
0.0
0.0
0.0
0.0
5.6
19.4
0.5
0.0
0.0
0.0
0.0
0.0
0.0
0.0
0.0
0.0
0.2
0.0
0.0
63.2
0.0
0.0
3.8
0.0
0.0
0.0
27.5
0.0
13.0
1.0
0.0
0.0
0.0
0.0
0.0
25.0
40.0
0.0
0.0
0.0
0.0
0.0
0.0
0.0
0.0
0.0
0.0
0.0
0.0
0.0
0.0
0.1
0.0
0.0
0.0
0.0
0.6
0.0
0.0
0.0
0.0
0.0
0.0
0.0
0.0
0.0
0.0
0.0
0.0
0.0
0.0
0.0
0.0
0.0
7.1
23.8
0.9
0.0
1.5
12.0
0.0
0.0
0.0
0.0
3.3
0.0
0.0
0.0
0.0
0.0
8.9
0.0
0.0
0.0
0.0
20.9
25.2
0.0
0.0
8.6
7.4
0.0
0.0
0.0
0.9
21.3
11.5
0.4
0.7
11.0
0.7
0.8
0.0
0.0
0.0
2.1
0.0
0.0
0.0
0.0
0.0
0.8
18.7
1.3
1.3
0.4
0.0
0.0
0.0
19.8
0.0
0.3
20.6
0.0
0.0
83.8
17.6
40.3
0.0
0.0
0.0
0.0
0.0
0.0
0.0
0.0
0.0
3.3
4.3
11.1
0.0
0.0
0.0
0.0
0.0
5.8
0.5
0.0
0.0
6.2
0.0
0.0
0.0
0.0
0.0
0.0
0.0
0.0
0.0
0.0
0.0
0.0
0.0
17.1
0.0
0.0
0.0
0.0
0.0
0.5
0.5
0.0
0.4
0.0
0.6
2.1
0.0
0.0
0.0
0.0
0.0
0.0
0.0
0.0
2.0
6.1
0.0
0.0
0.0
0.1
0.0
0.3
0.0
2.7
0.0
0.0
1.8
2.8
0.0
2.3
0.7
0.0
14.5
13.6
0.4
0.0
0.0
0.0
0.0
2.0
0.2
0.0
0.0
16.4
6.3
0.0
0.0
7.0
0.0
0.0
29.4
5.5
0.0
0.0
0.0
0.0
0.0
26.3
0.0
0.7
0.0
11.8
0.0
0.0
0.0
0.0
0.0
0.0
0.0
0.0
0.0
13.6
1.9
0.0
0.0
0.0
0.0
0.5
22.1
0.0
6.1
23.1
3.7
0.4
6.6
0.4
0.0
0.0
4.2
7.6
27.0
1.3
23.8
0.5
10.4
0.0
0.0
1.5
0.9
0.0
0.0
1.7
0.0
0.0
0.0
0.0
0.0
14.8
8.0
0.0
0.0
0.2
9.1
4.0
0.0
20.0
7.1
0.0
0.0
0.0
0.0
0.0
0.0
0.0
0.0
11.9
10.9
0.0
0.0
0.0
0.0
0.0
9.1
29.8
5.1
0.0
0.0
0.0
0.0
0.0
0.0
0.0
6.4
0.0
7.8
9.0
0.0
19.1
4.1
1.6
0.0
0.0
0.0
0.0
0.0
21.6
0.0
0.0
0.0
13.3
10.3
0.0
0.0
16.4
0.0
0.0
44.0
0.0
0.0
13.6
10.6
0.0
0.0
0.0
0.0
0.0
0.0
0.0
0.0
0.0
0.0
0.0
0.0
0.0
0.0
38.3
0.4
8.8
45.2
0.4
0.0
3.6
0.0
6.2
0.0
0.0
0.0
9.8
9.3
11.6
13.8
0.0
0.0
0.8
0.0
0.0
0.0
0.0
0.0
0.0
0.0
8.6
27.1
15.4
0.5
0.0
0.0
9.7
0.0
0.0
7.3
0.0
0.0
0.0
0.0
0.0
0.0
0.0
0.0
1.0
0.0
0.4
0.4
4.1
2.2
0.5
0.0
0.0
0.0
0.0
0.0
0.0
0.0
0.0
0.0
2.7
3.0
0.0
0.0
0.4
4.1
0.0
0.0
18.2
2.8
0.0
0.0
0.0
0.0
2.2
6.6
0.0
0.0
0.0
0.0
0.0
0.0
9.5
0.0
0.0
0.0
0.0
0.4
7.7
0.0
0.0
0.0
0.0
0.0
0.0
0.0
0.0
0.0
7.1
0.0
0.0
0.0
21.6
11.4
0.0
0.0
0.0
10.0
19.4
0.0
0.0
0.0
0.0
0.0
10.3
0.0
0.0
0.0
0.0
0.0
1.1
1.9
0.4
0.4
0.0
0.0
2.6
0.6
0.0
0.0
0.0
0.0
0.0
1.0
0.0
14.8
3.1
0.0
0.0
0.0
0.0
0.0
0.3
10.3
6.3
1.4
0.0
0.0
0.0
0.0
0.4
0.0
6.9
0.3
2.3
2.3
0.5
7.0
0.0
0.0
18.8
0.0
0.0
0.0
0.0
0.0
0.0
0.0
0.0
0.0
0.8
0.0
0.0
0.0
0.0
0.0
0.0
0.0
2.7
0.0
5.6
0.0
0.0
0.2
0.0
0.0
0.0
0.0
0.0
0.0
0.0
0.0
0.0
2.0
0.0
0.0
0.0
0.0
0.0
2.3
14.1
0.0
0.0
0.0
0.0
0.0
11.4
0.0
0.0
0.0
0.0
0.0
4.6
1.7
0.0
0.0
0.9
0.9
0.0
0.6
0.0
0.0
0.0
0.0
1.0
1.3
0.5
1.3
0.0
10.4
19.2
0.5
0.0
0.0
5.1
15.4
15.0
0.0
0.0
0.0
0.4
3.9
0.0
0.0
0.0
2.5
11.9
1.2
0.0
0.0
0.0
1.0
0.0
0.0
0.0
0.0
0.0
16.5
0.4
13.4
48.3
6.0
0.7
0.0
28.9
8.2
2.4
0.0
0.0
0.3
0.0
15.7
0.0
0.0
0.0
0.0
0.0
0.0
0.0
13.9
7.6
33.7
0.0
0.0
4.4
1.7
0.0
0.4
0.0
0.0
0.0
0.5
0.0
0.0
0.0
0.0
0.5
0.0
0.0
0.0
0.0
0.0
0.0
0.0
0.0
0.0
4.8
0.0
0.1
2.8
0.0
0.7
7.9
0.0
2.0
0.9
0.0
0.0
0.5
0.0
0.0
2.7
9.8
0.0
0.0
0.0
0.0
8.2
0.0
0.0
0.0
0.0
3.4
21.5
5.6
0.0
0.0
0.0
0.0
0.0
3.5
0.0
1.1
4.8
5.0
1.3
0.0
0.0
10.0
2.6
0.0
0.0
0.0
0.0
2.8
0.4
13.6
0.0
0.0
0.0
0.0
0.0
0.0
1.3
0.0
0.0
0.0
0.0
0.0
6.5
0.0
0.1
0.0
0.0
20.7
0.6
0.0
0.0
0.0
0.0
0.7
26.6
0.0
0.0
0.0
0.0
0.0
0.0
0.0
0.0
0.0
0.0
0.0
0.0
0.0
0.0
0.0
0.0
0.0
0.0
0.0
0.0
17.1
0.0
0.0
0.0
0.1
0.0
0.0
0.0
0.0
0.0
0.0
0.0
0.0
0.0
0.0
0.0
8.5
20.3
6.5
10.6
0.0
7.3
16.8
1.7
0.2
0.0
7.5
0.0
0.0
0.0
0.0
0.0
0.0
0.4
38.7
5.9
2.5
0.3
0.0
0.0
0.0
0.7
0.0
0.0
1.9
1.2
0.0
1.1
23.7
0.0
0.0
0.0
0.0
0.0
1.4
1.2
0.0
10.3
4.7
0.0
8.8
20.8
0.0
0.0
0.0
0.0
0.0
0.0
0.0
0.0
0.0
0.0
2.8
0.0
0.0
0.0
0.0
4.5
0.0
0.0
0.0
0.0
0.0
0.0
0.0
0.0
0.0
0.0
0.0
0.0
0.0
0.0
0.0
0.0
0.0
1.1
1.6
3.6
0.0
0.0
0.0
0.0
2.7
0.9
0.0
0.0
0.0
0.0
0.0
0.0
0.0
1.8
0.0
0.3
0.9
7.8
0.0
0.0
3.7
0.0
0.0
0.0
0.0
0.0
0.0
8.6
2.3
0.0
0.0
0.0
0.0
0.0
0.0
0.0
0.0
0.0
0.0
0.0
0.9
0.8
2.2
0.0
0.0
0.0
0.4
2.4
0.0
0.0
0.0
0.3
1.1
0.0
2.1
17.1
28.0
73.4
0.8
2.3
5.4
2.7
0.0
0.0
1.8
11.4
5.6
0.0
0.0
0.0
3.6
0.4
0.0
0.0
0.0
0.0
0.0
0.0
0.0
0.0
0.0
6.4
0.9
0.0
0.0
0.0
0.0
0.0
14.3
19.0
0.0
16.5
3.5
1.6
3.2
1.3
0.4
5.3
6.0
1.6
0.0
0.0
0.0
0.0
4.3
0.0
0.0
0.0
0.0
25.4
8.0
0.6
0.0
0.0
0.0
0.0
0.0
0.0
0.0
8.2
0.0
0.0
0.0
0.0
0.0
0.0
0.0
0.0
15.6
0.9
0.0
0.0
0.0
0.0
0.0
15.1
0.0
0.0
0.0
0.0
0.3
3.3
0.0
0.0
0.0
0.0
0.5
0.4
0.0
0.0
0.0
6.9
0.0
0.0
1.5
4.6
4.1
20.9
0.0
11.9
0.0
0.0
0.0
0.0
0.3
0.0
19.0
30.5
10.5
9.3
0.0
0.0
0.0
0.0
0.0
0.0
41.8
11.3
27.6
21.0
0.0
0.0
7.3
1.2
0.0
0.0
0.0
0.0
4.4
0.0
0.6
0.2
24.5
0.0
0.0
0.0
0.0
0.7
0.0
0.0
0.0
19.8
1.9
0.0
0.0
0.0
0.0
0.0
0.7
8.5
0.0
0.0
0.0
0.0
0.0
0.4
33.3
0.3
0.3
0.0
0.0
0.0
0.0
0.0
1.7
0.0
0.0
0.0
0.5
0.0
0.0
0.0
0.4
1.2
5.1
0.0
0.0
7.1
13.8
0.9
0.0
0.0
12.9
0.0
0.0
0.0
10.6
0.4
0.0
0.0
0.0
0.0
0.0
0.0
0.0
6.2
41.4
7.3
0.0
0.0
0.0
0.0
0.0
0.0
0.0
0.0
0.0
0.0
0.0
3.7
0.0
0.0
0.0
3.2
8.2
0.0
0.0
0.0
0.0
0.0
0.0
0.0
0.0
7.1
0.4
15.0
0.3
0.0
0.0
6.0
0.0
5.3
0.0
3.9
0.0
0.0
0.0
0.0
0.9
0.0
0.0
0.0
0.0
0.0
7.3
4.3
1.0
0.0
0.9
13.6
10.0
13.4
0.0
0.5
7.4
3.5
0.0
0.0
6.5
0.0
0.0
0.0
1.3
0.0
5.8
0.0
0.0
0.0
0.0
0.0
0.0
0.0
0.0
10.7
0.0
17.6
0.0
0.0
0.0
0.0
14.8
5.5
1.3
0.3
0.6
0.0
1.6
0.0
0.0
0.0
0.0
0.0
0.0
10.2
0.0
0.0
0.0
0.0
0.0
0.0
4.9
0.0
0.0
0.0
0.0
0.0
7.7
11.9
0.0
0.0
23.2
