20000101
0.0
0.0
3.4
4.8
0.0
0.0
0.0
0.9
1.0
0.0
0.0
0.0
0.0
0.0
0.0
0.0
0.0
0.0
4.8
4.8
0.0
0.8
1.5
0.0
0.0
0.0
0.0
0.0
1.3
2.9
0.0
0.0
0.0
0.0
0.0
0.0
0.0
0.0
0.0
0.0
1.5
0.2
0.0
0.0
0.7
0.0
0.0
0.0
25.7
1.3
0.0
0.0
0.2
1.2
1.3
0.0
4.1
4.1
0.0
0.0
3.5
0.1
0.0
0.0
0.0
0.0
0.0
0.0
0.0
0.0
2.5
2.6
0.0
0.5
1.5
1.7
0.0
3.9
12.6
8.8
1.6
0.0
0.0
0.0
0.0
1.1
2.1
0.0
0.0
0.0
0.0
0.0
0.0
0.0
0.0
0.0
0.0
0.0
2.5
0.0
3.2
4.8
0.0
0.0
0.0
0.0
0.0
9.9
0.0
9.7
2.8
5.2
0.0
4.6
10.7
0.0
7.0
0.0
0.0
0.0
0.0
0.0
5.5
0.0
0.9
0.0
0.6
0.0
0.6
6.3
11.6
0.0
0.0
12.2
0.0
0.0
0.0
0.0
3.2
11.6
0.0
0.0
3.2
2.7
0.0
0.0
13.8
19.1
7.1
0.0
0.0
0.0
0.2
0.0
0.0
4.4
8.4
0.0
0.0
0.0
0.0
4.3
0.3
16.4
10.3
2.0
4.4
0.0
0.0
0.3
0.0
22.4
22.5
0.5
12.6
12.3
2.1
2.5
0.4
0.0
0.4
0.0
0.0
0.0
2.7
7.7
14.7
0.0
0.0
0.0
0.0
6.3
11.0
0.0
0.0
0.0
0.0
0.0
0.0
2.1
1.6
0.0
0.0
0.0
0.0
0.0
0.0
0.0
0.0
0.0
0.0
1.0
1.0
0.0
0.0
2.2
0.0
0.0
10.8
1.0
0.0
0.6
0.0
0.0
0.0
0.0
0.0
0.0
0.0
12.4
2.5
0.0
0.0
0.0
20.3
20.6
3.2
0.0
0.0
10.3
4.8
1.2
0.0
0.0
0.0
0.0
0.0
0.0
0.0
0.0
0.0
0.0
0.0
11.1
18.0
10.1
0.0
0.0
1.3
0.0
0.0
0.0
0.0
0.0
5.7
0.9
6.5
8.3
10.8
5.3
0.0
0.0
0.0
0.0
0.0
0.0
0.0
15.7
20.6
4.1
0.0
0.0
0.0
0.0
0.0
0.0
0.0
7.8
6.8
1.4
1.0
0.0
0.0
0.0
0.0
0.0
1.6
0.0
0.0
0.0
0.0
0.0
0.0
0.0
0.0
3.2
0.7
0.5
0.0
0.0
13.9
11.7
0.0
15.1
14.2
0.0
5.2
5.1
0.0
0.0
0.0
0.0
0.0
0.0
0.0
0.0
0.0
0.0
0.0
3.7
8.6
0.0
1.2
0.8
0.0
0.4
0.6
0.0
0.0
0.0
0.0
0.0
0.0
0.0
0.0
10.8
8.1
10.5
3.9
0.0
0.4
0.6
0.0
1.4
0.0
0.6
0.0
0.0
0.0
0.0
0.3
0.4
0.0
2.2
0.9
0.0
0.0
0.0
0.0
0.0
0.0
0.0
0.0
0.0
0.0
0.0
0.3
0.6
7.2
0.5
0.0
0.0
0.0
0.0
0.0
0.0
0.0
0.0
0.0
0.0
0.0
1.3
2.9
10.7
14.6
6.5
0.5
0.0
0.0
0.0
0.0
0.0
0.1
0.0
4.7
7.0
6.8
0.0
0.0
8.9
7.3
1.1
0.0
0.0
0.0
0.0
0.0
0.4
1.4
0.0
30.2
26.7
0.0
0.0
0.0
0.0
0.0
0.0
0.0
0.0
0.0
0.0
0.0
0.0
0.0
1.2
0.5
1.0
0.9
7.5
4.8
2.0
0.0
0.0
0.0
0.0
0.0
0.0
0.0
0.0
0.0
0.0
0.0
0.0
0.0
0.2
0.8
0.0
0.0
0.0
7.6
3.1
0.0
0.0
3.9
14.0
8.1
0.2
0.0
3.7
1.2
0.1
0.0
2.7
0.0
1.7
2.4
0.6
1.4
1.6
6.8
0.4
0.0
0.0
0.0
0.0
0.6
0.0
0.0
1.6
1.8
0.0
0.6
1.3
0.0
3.0
3.4
0.0
0.0
1.4
0.0
2.1
16.0
5.6
0.3
0.1
2.0
2.7
1.1
2.2
2.3
7.8
4.0
0.0
0.0
0.0
7.7
8.2
2.3
2.3
10.0
10.7
14.1
0.0
0.0
0.0
0.0
0.0
0.0
0.0
0.0
1.1
0.0
0.0
0.0
0.0
0.0
20.3
2.8
0.0
0.0
0.0
0.0
0.0
0.0
0.0
0.0
0.0
0.3
16.6
9.0
4.6
0.0
0.0
0.0
4.6
0.0
0.0
0.0
0.0
0.0
0.0
0.0
8.7
4.9
2.9
0.0
0.5
0.5
6.4
3.7
0.0
0.7
0.0
3.9
5.5
0.0
0.0
0.0
1.3
6.7
0.0
0.0
0.0
0.0
0.0
0.0
0.0
0.0
0.0
0.0
0.0
4.4
2.8
0.0
10.2
8.4
0.0
0.0
14.2
15.2
0.4
4.7
1.4
0.0
0.0
3.8
0.0
8.4
0.0
0.0
0.0
0.0
0.0
3.9
3.4
3.0
13.8
1.8
0.0
0.0
0.0
0.0
0.0
0.0
0.0
12.2
6.4
3.8
1.4
0.0
0.0
0.0
0.0
0.0
0.0
0.0
0.0
0.0
0.0
0.0
0.0
8.6
16.2
3.8
0.0
0.0
1.9
6.0
15.4
11.2
24.5
13.0
10.6
5.9
0.0
0.0
0.0
0.0
4.2
4.7
12.3
2.5
9.9
0.0
0.0
0.0
0.0
0.0
0.0
4.3
2.4
0.0
0.0
0.0
0.0
0.0
0.0
0.3
0.0
0.0
0.0
0.0
0.0
0.0
0.0
0.0
1.0
0.2
0.0
0.0
0.0
3.8
4.3
1.1
0.0
1.9
6.8
6.3
14.0
0.0
0.0
0.0
0.0
2.1
0.9
0.0
0.0
0.0
0.0
0.0
6.9
7.4
3.3
2.5
10.1
6.8
0.9
0.0
0.0
0.0
4.3
2.2
0.0
0.0
0.0
0.0
0.0
0.0
0.0
0.0
0.0
0.0
0.0
0.0
0.0
0.5
0.0
0.0
0.0
0.0
0.0
0.0
0.0
0.0
0.0
0.0
0.0
0.0
0.0
0.0
0.3
0.0
0.0
0.7
0.0
0.0
0.0
0.0
0.0
22.3
34.3
10.9
0.0
0.0
0.0
0.0
0.0
0.0
0.0
0.0
0.4
4.5
0.0
0.0
0.0
0.0
0.0
0.0
0.0
7.7
31.2
8.0
0.0
0.0
0.0
0.0
10.7
0.3
0.0
0.0
17.8
11.1
0.0
0.0
0.0
0.0
0.4
14.3
3.5
0.0
0.3
0.0
0.0
1.8
5.4
1.2
0.0
0.0
3.0
0.0
0.0
0.0
0.0
22.6
6.0
0.5
0.0
0.1
2.2
0.0
0.0
0.8
3.9
0.0
0.0
0.0
0.0
2.9
11.3
0.0
0.0
0.0
0.4
0.0
0.0
0.0
0.0
0.0
0.0
6.1
25.6
4.4
0.0
0.0
15.4
0.0
0.0
41.9
0.0
0.0
0.0
6.0
0.0
0.0
0.0
10.7
12.3
0.8
17.1
0.0
1.4
37.4
12.1
3.9
0.0
0.5
16.2
7.2
0.0
0.0
0.0
0.0
0.0
2.4
2.2
0.0
0.0
0.4
4.1
0.0
0.0
0.0
0.0
0.0
0.0
28.9
3.2
0.0
0.0
0.0
4.0
1.4
26.2
15.3
11.0
4.9
1.1
0.0
0.0
0.0
0.0
0.0
0.0
0.0
0.0
0.0
2.6
0.8
0.0
0.0
0.0
0.0
0.0
0.0
0.0
0.0
0.0
0.0
0.0
0.2
0.3
0.0
0.0
0.0
0.0
0.0
0.0
0.0
0.0
0.1
0.4
0.0
1.6
23.4
0.0
0.0
0.0
12.6
3.0
16.5
3.3
0.0
0.0
0.5
0.0
0.0
0.0
0.0
0.0
0.0
0.0
0.0
0.0
0.0
0.0
2.5
14.6
28.1
11.2
0.0
27.6
8.1
0.0
0.0
91.1
11.6
4.2
0.0
0.0
0.0
0.0
0.0
0.0
0.0
0.0
0.0
0.0
0.0
0.0
0.0
0.0
0.0
0.0
0.0
0.0
0.0
0.0
1.0
3.4
0.0
13.1
0.4
12.3
4.4
0.0
0.0
0.0
0.0
0.0
0.0
0.0
0.0
0.0
0.0
0.0
0.0
0.4
11.5
0.0
0.0
0.0
0.0
0.0
0.0
0.9
2.6
0.0
0.0
0.0
0.0
0.0
15.4
0.0
0.0
0.0
0.0
0.0
4.5
4.0
0.0
0.0
7.9
5.8
1.3
0.0
0.0
0.0
2.3
1.0
10.9
0.0
0.0
0.0
1.8
0.0
0.0
0.0
0.0
3.5
0.0
0.0
0.0
0.5
0.0
0.0
2.1
0.0
0.0
0.9
0.0
0.0
0.0
0.0
0.0
0.0
0.0
0.0
0.0
0.0
0.0
0.0
0.0
0.0
0.0
0.0
0.0
0.0
0.0
0.0
0.0
0.0
11.2
18.9
0.6
0.0
0.8
0.0
0.0
11.9
0.0
0.0
0.0
0.0
0.0
0.3
0.0
0.9
4.2
0.0
3.3
0.5
0.0
0.0
0.0
0.0
0.0
0.0
0.0
0.0
0.0
1.6
1.9
0.0
0.0
0.0
0.0
0.0
0.0
0.0
0.0
1.4
0.0
0.0
4.1
0.0
0.5
5.0
0.0
0.0
1.5
0.0
0.0
0.0
0.0
0.0
1.4
2.7
0.0
0.0
0.0
17.1
6.4
0.0
0.0
0.0
0.0
0.0
0.0
2.8
2.3
0.0
0.0
0.0
0.0
0.0
1.1
0.0
0.0
6.7
1.5
0.0
0.0
0.0
0.0
0.0
0.0
4.3
0.0
0.0
0.0
0.0
0.0
0.9
12.4
8.2
0.0
0.0
0.0
4.6
0.0
0.0
0.0
9.1
0.0
0.0
0.0
0.0
0.0
0.3
27.9
0.0
13.3
0.0
0.0
0.0
0.0
0.0
0.0
0.0
0.0
0.0
6.6
0.6
0.0
12.8
0.0
0.0
0.0
0.0
10.4
3.3
0.0
0.0
0.1
0.0
9.2
0.0
0.0
0.0
31.3
0.0
1.5
0.0
10.3
20.8
20.7
0.0
0.0
0.0
14.8
0.5
0.0
5.3
0.0
2.2
0.0
0.0
0.0
0.0
0.0
0.0
0.0
0.0
4.9
0.0
2.0
0.0
0.0
8.1
0.6
0.0
0.0
6.9
0.6
0.0
0.0
17.2
19.4
0.0
19.1
0.0
0.0
0.0
0.0
2.8
0.0
0.0
0.0
0.0
0.0
0.0
1.0
3.5
0.0
5.6
2.6
0.0
0.0
0.0
0.0
1.9
2.6
7.5
0.0
34.2
111.8
0.0
0.0
0.0
0.0
0.0
0.0
0.0
19.1
0.0
0.0
18.1
0.0
3.2
0.0
0.0
0.0
0.0
0.7
6.5
0.0
0.0
0.5
0.5
0.9
1.6
0.0
0.0
0.0
0.3
0.0
0.0
0.0
0.0
0.0
0.6
0.0
0.0
0.0
0.0
0.0
0.0
0.0
0.0
0.0
0.0
0.0
0.0
0.0
0.0
46.0
21.4
0.0
81.2
9.9
0.0
0.0
0.0
0.0
0.0
0.0
0.0
0.0
0.0
0.0
2.9
2.4
0.0
0.0
0.0
0.0
0.0
0.0
0.0
5.0
0.0
6.3
0.0
0.0
38.8
0.0
1.1
0.0
0.0
0.0
0.0
4.2
0.0
0.0
0.0
0.0
0.0
0.2
0.0
0.5
0.0
13.7
2.5
0.0
0.0
0.0
0.0
0.0
0.0
0.0
0.0
0.0
9.1
5.0
0.0
1.7
0.0
0.0
0.0
0.0
1.7
0.8
0.0
13.1
0.0
0.0
0.0
0.0
0.0
1.8
1.4
0.0
0.0
1.2
0.9
0.0
46.0
20.1
0.0
0.0
0.0
0.0
21.4
0.0
0.0
1.2
0.0
0.0
0.0
0.0
0.0
0.0
1.5
12.6
1.6
0.0
0.0
0.0
5.3
0.0
0.0
0.0
1.8
0.0
0.2
0.0
3.1
1.4
0.4
0.0
0.0
24.2
0.5
0.0
0.0
0.0
0.1
13.9
0.0
0.0
0.0
0.0
0.0
17.8
5.8
0.0
0.0
0.0
0.0
0.0
0.0
0.0
0.0
0.0
0.0
0.0
3.9
6.4
0.0
0.0
0.0
0.0
0.0
0.0
0.0
3.6
2.7
0.9
0.0
1.5
0.0
0.0
0.7
5.3
0.0
0.0
3.7
1.4
0.4
0.0
0.0
0.0
0.0
0.0
0.0
0.0
0.0
0.0
0.0
0.0
0.8
0.0
0.0
0.0
0.7
0.0
0.0
0.0
0.0
0.0
1.9
0.0
0.0
1.6
31.6
0.0
0.0
0.0
0.9
0.0
0.0
0.0
0.0
3.1
0.0
4.1
1.3
0.0
1.8
0.4
0.0
0.0
0.0
0.7
1.0
34.0
36.0
0.0
13.3
11.3
35.1
0.7
0.0
0.0
0.0
0.0
0.0
0.0
0.0
0.0
0.0
0.0
0.0
0.0
0.0
0.0
0.0
0.0
0.0
0.0
0.0
16.9
0.0
9.9
0.0
11.3
0.0
0.0
0.0
0.0
0.5
1.7
7.4
7.9
0.0
0.9
0.0
0.0
0.0
0.0
0.0
8.3
0.8
12.6
18.4
12.1
0.0
0.1
0.0
25.4
0.0
0.0
0.0
0.8
1.6
37.4
0.0
0.0
0.0
0.0
0.5
33.8
2.0
0.7
4.6
0.0
0.0
0.4
0.0
0.0
0.0
16.4
49.8
0.0
0.1
0.0
3.8
17.1
16.7
0.0
0.0
0.0
0.0
7.8
0.0
0.0
14.7
0.0
0.0
0.0
0.0
0.0
0.0
0.0
6.0
7.4
0.0
2.5
1.2
0.0
0.0
43.6
1.0
1.8
0.0
21.5
0.0
0.0
1.2
0.0
0.0
0.0
0.0
0.0
0.3
0.0
0.0
0.0
0.0
0.0
3.9
7.9
7.0
0.0
0.0
0.0
12.0
0.0
0.0
0.0
0.0
0.0
5.6
0.0
0.0
0.0
0.0
0.0
0.0
0.0
0.0
0.8
4.3
13.9
0.0
0.0
0.6
18.5
25.4
6.2
2.8
11.7
0.0
0.0
0.0
0.0
0.0
0.0
0.0
0.0
0.0
0.0
0.0
0.0
0.0
0.0
0.0
0.0
0.2
3.9
0.0
0.0
0.0
0.0
0.0
0.0
0.0
0.0
0.0
0.0
0.0
0.0
0.0
0.0
0.0
4.2
0.0
0.0
0.0
0.0
0.0
0.0
6.8
0.0
0.0
0.0
18.7
1.3
7.7
0.0
0.0
20.3
12.6
0.5
0.0
0.0
3.0
4.0
0.0
0.0
18.8
0.0
15.1
9.7
0.0
7.1
21.5
0.0
5.8
0.0
0.0
0.0
0.0
0.0
0.0
2.8
3.4
0.0
0.0
0.0
0.0
0.0
0.0
10.5
1.2
0.0
0.7
0.0
6.7
24.8
0.0
8.1
10.1
0.9
8.6
15.2
0.0
0.0
0.0
0.0
10.6
25.5
1.3
0.0
1.4
1.1
0.0
0.0
0.0
0.0
0.0
0.0
0.0
0.0
0.0
0.0
0.0
0.0
0.0
0.0
1.3
0.0
0.0
0.0
0.0
0.0
3.4
0.6
12.8
18.3
16.8
24.0
0.0
4.6
0.0
0.0
4.4
15.0
39.9
7.0
0.0
0.6
0.0
0.0
0.0
0.0
0.5
1.3
1.0
0.0
0.0
0.0
0.0
0.0
1.0
7.5
0.0
0.0
0.0
0.0
0.0
0.0
0.0
4.9
8.4
1.6
0.4
0.0
0.0
2.6
21.2
0.0
3.3
0.0
0.0
0.0
2.7
2.0
0.0
0.0
0.0
0.0
0.0
0.0
1.4
0.4
0.4
0.0
0.0
0.0
0.0
0.4
0.0
0.0
0.0
0.6
0.0
0.0
0.0
0.0
0.0
0.0
0.0
0.0
0.0
0.0
0.0
30.4
7.3
9.8
3.7
0.0
0.0
0.0
0.0
3.4
0.0
10.7
0.0
0.0
0.0
0.0
0.4
0.0
0.0
0.0
0.0
11.4
7.7
0.0
0.0
0.0
0.0
0.0
0.0
0.0
28.5
6.3
4.2
0.0
0.0
3.2
0.1
0.0
0.0
3.0
0.0
0.0
0.0
0.0
0.0
0.0
0.0
0.0
1.6
10.3
0.0
8.6
0.0
0.7
1.0
0.0
0.0
0.0
19.1
5.5
0.0
0.0
0.0
0.0
0.0
0.0
0.0
2.1
0.0
0.6
0.0
0.0
0.0
0.8
0.0
0.0
0.2
0.0
0.0
0.9
0.0
5.9
0.1
0.0
26.8
0.0
0.0
0.0
0.0
0.0
0.0
0.0
0.0
0.0
0.0
0.0
0.7
0.0
0.0
7.2
0.0
0.0
0.0
0.0
0.0
9.0
0.0
0.0
6.8
0.0
0.0
0.0
25.5
12.3
1.8
1.6
2.2
0.0
0.5
32.4
0.0
0.2
5.6
0.0
0.0
0.0
0.0
22.8
0.0
0.0
0.0
0.0
0.0
0.0
0.0
2.6
0.6
1.6
0.0
0.0
0.0
0.2
0.0
2.0
12.5
7.1
6.3
1.5
0.0
0.0
15.5
8.3
0.0
0.7
0.0
0.0
0.0
1.4
0.0
0.0
0.0
0.0
0.0
0.0
0.0
0.0
0.0
0.0
0.0
0.0
0.0
0.0
0.0
0.0
0.0
0.0
5.7
0.0
21.7
0.0
0.0
8.4
18.3
0.0
0.0
0.0
1.6
0.5
23.1
0.0
0.0
14.4
0.0
0.0
0.0
0.2
0.0
0.0
0.0
0.0
0.0
0.0
0.0
0.0
0.0
0.0
0.0
0.0
0.0
0.0
0.0
0.5
11.1
18.5
0.0
0.0
0.0
0.0
0.0
0.0
0.0
0.0
0.0
5.0
29.0
0.0
0.0
0.0
0.0
17.4
0.0
0.0
0.0
0.0
0.0
0.0
0.8
0.0
9.8
14.9
0.0
0.0
0.0
0.0
0.0
0.0
0.0
0.0
0.0
0.0
8.2
23.3
2.7
0.0
1.8
1.0
0.0
2.3
0.0
0.0
0.4
0.0
9.1
0.0
0.0
0.0
0.0
2.1
2.0
0.0
0.0
0.0
0.0
0.0
0.0
0.0
0.0
0.0
3.6
0.4
0.0
0.8
3.8
0.0
4.7
0.0
0.0
3.8
0.0
0.0
0.0
0.0
0.0
0.0
0.0
4.7
0.0
1.8
6.0
0.0
1.3
6.2
1.5
0.0
0.0
6.7
0.0
0.0
0.0
0.0
0.0
0.0
0.4
16.4
0.0
0.0
0.0
0.0
0.3
0.6
0.0
0.0
0.0
0.0
0.0
0.0
0.0
0.5
0.0
0.0
0.0
13.3
6.4
0.0
0.0
0.0
0.0
0.0
0.0
0.0
0.0
0.0
0.0
0.0
0.0
0.0
0.0
0.0
0.0
3.5
0.3
4.8
20.4
16.9
1.6
26.1
15.3
0.0
0.0
0.0
0.0
0.0
0.0
0.0
2.2
1.1
0.0
0.0
0.6
0.0
0.0
7.2
0.3
0.0
13.7
0.0
0.0
14.1
0.7
0.0
6.9
27.5
0.0
0.0
0.0
0.0
1.4
0.0
6.2
0.6
0.4
5.7
0.0
9.7
0.0
0.0
0.0
0.0
0.0
1.3
2.9
0.0
0.0
0.0
14.1
7.2
8.5
0.0
1.5
0.0
0.0
0.0
0.0
0.0
0.0
17.7
0.6
2.4
1.9
2.6
2.1
1.4
5.4
1.4
0.0
0.0
0.0
0.0
0.0
4.8
1.1
0.0
0.0
0.0
0.0
0.4
6.6
2.7
0.0
0.0
0.0
0.0
0.4
0.0
0.0
0.0
4.0
0.0
0.0
0.0
0.0
0.0
0.0
1.6
0.7
0.0
0.0
0.0
0.0
0.0
0.0
0.4
1.7
0.7
0.5
0.0
1.5
0.0
0.3
12.2
1.0
0.0
0.0
0.0
2.2
1.3
31.0
23.2
12.7
0.6
0.0
0.0
0.0
0.0
0.0
4.3
4.8
11.5
0.0
0.0
0.0
0.0
67.8
10.5
0.0
0.0
0.0
0.0
0.0
0.2
0.0
0.0
0.0
2.8
0.5
15.5
10.6
9.0
0.0
0.0
2.6
0.7
0.0
0.0
5.4
4.1
0.3
0.0
0.0
0.0
0.0
0.0
0.0
2.6
19.3
2.2
0.7
0.0
2.1
0.0
0.0
0.0
2.5
0.7
0.0
0.0
0.0
0.0
0.0
17.2
1.1
0.2
0.0
0.0
0.0
13.5
0.0
0.0
0.0
2.9
2.6
1.7
0.4
0.0
0.0
0.0
0.0
0.0
0.0
0.0
8.9
0.0
0.3
0.0
0.0
0.0
0.0
0.0
9.6
1.7
0.0
0.0
0.0
0.0
51.5
0.0
0.4
0.0
0.0
5.8
0.0
0.0
0.0
6.7
5.4
1.3
0.0
0.0
0.0
0.0
0.0
0.0
0.0
0.0
2.1
3.3
0.0
0.0
0.0
16.9
0.0
0.0
0.1
8.3
10.8
0.4
0.0
0.0
0.0
0.0
0.0
0.0
0.0
0.0
0.0
0.0
0.0
0.0
20.6
41.8
3.2
0.0
0.0
0.0
0.0
0.0
0.0
0.0
0.0
2.3
12.5
2.3
0.0
0.0
0.0
0.0
2.6
0.0
0.0
20.3
21.4
2.9
0.0
0.0
0.0
0.0
0.0
0.0
0.0
18.1
3.9
0.0
0.0
0.0
15.9
1.1
0.0
1.6
0.0
0.0
0.0
1.2
22.8
1.7
22.8
0.5
0.0
0.0
0.0
0.0
3.9
0.0
0.0
2.8
0.0
0.0
0.0
0.0
0.0
0.0
0.0
0.0
0.0
0.0
0.0
0.0
0.0
8.9
0.0
0.0
0.0
0.0
0.0
9.2
11.1
0.0
0.0
4.5
1.0
0.0
0.0
0.0
0.0
0.0
0.0
22.5
0.0
0.0
0.0
3.0
1.6
0.0
0.0
0.0
0.0
0.0
0.0
0.0
1.2
0.0
0.0
0.0
0.0
3.6
0.0
0.0
0.0
6.4
2.8
0.6
4.1
18.5
9.4
0.3
0.0
0.0
0.3
10.5
0.0
8.3
21.2
0.0
0.0
11.6
0.0
0.0
0.0
0.0
0.0
0.0
11.9
6.0
0.0
0.3
5.9
0.0
0.0
0.0
0.0
0.0
0.0
0.0
0.0
0.0
21.8
13.7
3.6
0.0
0.0
0.0
0.0
0.0
0.0
0.4
3.0
0.0
0.0
0.0
0.0
0.0
0.0
0.0
0.0
0.0
0.0
8.3
0.0
0.0
0.0
0.0
0.0
0.0
0.0
0.0
2.8
0.5
24.8
0.8
0.4
0.0
0.0
0.9
0.0
1.5
0.0
2.3
0.0
0.0
0.0
0.0
0.0
0.0
0.0
0.0
0.0
0.0
0.0
0.0
0.0
14.6
0.0
0.0
20.0
21.5
23.1
1.8
0.0
11.5
12.1
29.5
0.0
0.0
0.0
0.0
1.1
0.3
0.0
0.0
0.0
0.0
3.5
1.2
0.0
2.0
0.0
0.3
0.0
13.9
16.3
0.6
1.7
0.0
0.0
0.0
0.0
0.0
0.0
0.0
14.3
1.9
0.0
0.0
0.0
0.0
0.0
0.0
2.7
0.0
0.0
0.0
0.0
0.0
0.0
0.0
0.0
0.2
5.2
0.0
3.7
0.0
1.3
3.8
12.9
0.0
0.0
0.0
12.1
0.0
0.0
0.0
0.0
0.0
0.0
0.0
0.0
0.0
0.0
0.0
0.0
6.3
2.4
3.8
0.0
4.8
0.0
0.0
0.0
0.0
0.0
0.0
0.0
0.0
0.0
0.0
0.0
0.0
0.0
1.7
16.6
0.0
0.0
0.0
0.0
4.3
0.0
22.2
0.0
0.0
0.0
0.0
0.0
3.9
0.0
0.0
0.0
0.0
0.0
0.0
22.5
0.0
22.4
10.7
0.0
0.0
0.0
12.6
0.0
0.0
0.9
10.4
0.0
0.0
0.0
0.0
0.0
0.0
0.0
0.0
0.0
0.0
0.0
0.0
0.0
0.0
11.0
0.0
14.9
0.0
0.0
0.0
0.0
0.0
1.0
0.0
10.8
40.1
0.0
0.0
0.0
6.1
2.0
0.0
0.0
0.0
0.0
4.8
9.1
0.0
1.6
0.0
2.8
0.0
10.0
4.4
10.5
11.1
0.0
0.0
0.7
15.8
0.0
0.0
0.0
0.0
5.3
0.3
2.6
0.0
0.0
0.0
2.4
0.0
4.1
0.0
0.0
1.9
1.1
0.0
0.0
4.2
0.8
0.0
59.3
4.6
0.0
3.6
0.0
0.0
0.0
0.0
0.0
0.0
0.6
0.0
0.0
0.0
1.3
0.0
0.0
0.0
0.0
0.0
0.0
0.0
10.2
0.0
16.9
0.2
0.0
11.1
26.7
48.2
1.6
0.4
1.4
0.0
0.4
0.0
0.0
0.0
0.0
0.0
23.0
1.1
0.0
0.4
0.0
2.8
4.2
0.0
0.0
7.1
0.0
0.0
2.2
0.0
0.0
4.8
3.5
8.5
0.0
0.0
0.0
0.0
0.0
0.0
0.0
0.0
0.7
0.0
0.9
0.0
18.5
13.4
0.0
0.0
0.1
0.0
0.0
0.0
0.0
5.5
15.5
0.0
0.0
1.2
10.4
0.0
0.0
2.4
0.5
0.0
0.0
0.0
8.3
1.8
21.9
0.9
1.6
0.0
0.0
0.0
0.0
0.0
2.4
0.0
0.0
0.0
0.0
0.0
0.9
17.3
0.0
1.3
4.4
0.0
0.0
8.4
8.2
0.0
0.0
0.0
0.0
23.2
4.5
0.0
25.9
3.2
0.0
11.1
0.0
18.1
0.0
0.0
0.0
9.8
0.0
0.0
0.1
17.1
0.0
0.5
0.0
7.8
0.0
0.0
37.2
0.0
0.0
52.2
80.8
5.8
0.0
15.3
13.1
0.6
2.6
0.0
0.0
0.0
0.0
0.0
4.3
0.0
0.0
0.0
0.0
0.4
1.6
0.7
0.0
11.7
0.0
0.0
7.6
0.0
0.0
0.0
0.0
2.1
10.6
0.0
0.0
32.7
6.4
32.1
0.0
0.3
31.4
25.0
0.0
0.0
0.0
0.0
0.0
6.8
0.9
2.2
24.8
0.0
0.0
0.1
0.0
0.0
1.8
0.0
15.8
0.7
0.0
0.0
0.0
0.9
0.0
1.7
0.0
0.0
0.0
0.0
0.0
0.0
0.0
0.0
0.0
0.0
0.0
0.0
0.0
0.0
0.0
1.0
4.0
0.0
0.0
0.0
0.0
0.0
8.7
0.0
0.0
0.0
0.0
0.0
9.8
69.1
0.0
4.7
0.3
5.9
0.0
0.0
17.8
7.8
32.8
94.3
0.3
0.0
0.0
0.0
0.0
0.1
0.0
0.0
0.0
0.0
0.0
0.0
0.0
0.5
4.1
0.0
0.0
0.0
0.0
0.0
0.0
0.0
27.6
0.0
0.0
0.0
0.0
0.0
0.0
1.1
4.8
0.0
2.5
0.0
0.0
0.0
0.0
0.0
29.9
2.4
0.0
0.0
0.0
0.0
0.0
0.0
0.0
0.0
0.0
0.0
0.0
0.0
2.0
0.0
0.0
0.0
0.0
4.8
0.9
1.3
5.5
0.2
0.0
0.0
0.0
0.0
0.0
0.0
0.0
1.5
0.0
0.0
0.0
0.0
0.0
7.8
4.2
1.8
0.0
0.7
0.0
0.4
0.0
0.1
12.7
3.2
0.0
0.0
0.0
0.0
4.9
0.0
4.8
0.0
30.3
0.0
0.0
0.0
0.0
23.3
3.9
0.0
1.4
33.8
0.0
0.0
0.0
0.0
0.0
0.0
0.0
0.0
0.1
0.4
0.0
0.0
2.0
0.0
0.0
0.3
3.5
0.0
0.0
0.0
0.0
0.6
0.0
0.0
0.0
0.0
0.0
0.3
1.2
0.0
5.4
0.0
0.0
0.0
0.0
0.0
0.4
0.0
0.0
0.0
0.0
0.0
0.0
2.8
11.4
12.7
0.0
0.9
0.0
0.0
0.0
1.8
1.1
0.0
0.0
0.0
0.0
0.0
0.0
0.0
9.5
0.0
0.0
0.0
0.0
0.0
0.0
0.0
0.0
11.0
0.7
21.1
20.5
0.0
0.0
0.0
0.0
0.0
0.0
0.0
0.0
0.0
0.0
0.0
0.0
0.0
4.3
0.0
0.0
0.0
19.0
0.0
1.0
7.1
0.0
18.8
0.0
1.0
19.3
0.0
0.0
0.0
10.4
0.0
0.0
12.4
8.1
0.0
0.0
0.0
0.0
3.8
20.6
1.8
1.8
0.0
0.0
0.0
0.3
0.0
34.5
1.0
10.9
7.9
2.3
0.0
0.0
0.0
0.0
0.0
5.3
3.1
0.0
0.0
0.0
8.1
31.5
0.0
38.9
0.0
0.0
0.0
0.0
0.0
0.0
0.0
0.0
0.0
9.4
1.8
1.0
1.0
0.0
3.8
0.0
0.5
11.9
11.2
0.0
0.0
0.0
1.8
1.3
1.3
7.6
3.3
0.0
0.0
0.0
3.0
8.6
41.9
1.8
26.9
0.0
0.0
0.0
0.0
0.0
12.2
0.0
3.0
0.0
0.0
0.0
0.0
0.0
1.0
32.8
0.0
0.0
20.6
11.4
0.0
0.0
3.6
0.0
0.0
16.0
0.0
0.0
0.0
0.0
0.0
0.0
0.0
0.0
0.0
24.9
0.0
3.3
0.3
2.0
0.0
0.0
0.0
1.3
0.0
0.0
21.1
0.0
0.0
4.1
0.0
0.0
0.0
0.0
0.0
0.0
0.0
0.0
18.3
6.9
0.0
13.0
0.3
8.4
0.0
0.0
0.0
0.0
0.0
46.5
2.5
0.0
0.0
0.0
0.0
0.0
0.0
0.0
21.1
0.3
0.0
0.0
0.0
0.3
0.0
0.0
0.3
0.0
0.0
0.0
0.0
0.0
0.0
4.1
0.0
9.9
0.3
0.8
1.0
0.3
0.0
0.0
0.0
0.0
15.2
1.3
0.5
0.0
4.8
0.5
0.5
42.7
9.7
0.3
3.6
0.5
11.2
10.7
1.0
0.5
0.3
0.0
0.0
0.0
0.0
58.4
1.5
0.3
1.8
2.8
6.9
0.0
23.9
32.0
0.0
0.0
0.0
0.5
0.0
0.0
0.0
0.0
0.0
0.0
2.3
0.0
0.0
0.0
0.0
27.4
19.8
16.8
3.6
3.0
0.0
0.0
0.0
0.3
11.9
1.0
1.3
0.0
0.0
1.5
0.0
0.0
1.0
0.0
0.0
0.0
0.5
0.0
19.8
0.0
0.0
0.0
5.8
0.0
0.0
0.0
0.0
0.0
0.3
0.3
0.8
0.3
4.3
13.0
37.8
0.0
0.5
3.6
0.0
0.0
1.5
0.0
0.0
0.0
0.0
0.0
0.0
7.9
0.5
0.0
0.0
0.0
0.0
0.0
0.0
0.0
0.0
0.0
0.0
0.0
0.0
2.3
5.6
0.0
10.2
0.0
0.3
0.0
1.8
0.0
0.0
0.0
0.0
0.0
0.0
0.0
0.0
6.1
0.0
0.0
7.1
1.0
0.0
0.0
0.0
0.0
3.3
0.3
0.0
0.0
0.0
3.3
2.0
22.1
0.0
0.0
0.0
0.0
0.0
0.0
0.0
0.0
0.0
0.0
0.0
0.0
0.0
5.3
0.3
0.3
8.1
0.3
14.7
6.9
0.0
0.0
0.0
0.0
0.0
0.0
0.3
2.5
0.0
0.0
3.0
11.9
0.0
9.9
12.2
0.0
0.0
0.0
0.0
5.1
5.3
0.3
2.5
6.3
0.8
0.0
0.0
0.0
0.0
0.0
0.0
0.0
0.0
0.0
0.0
0.0
0.0
0.0
0.5
0.0
9.7
13.2
13.5
0.0
0.0
0.0
0.0
2.3
19.0
0.3
7.9
0.0
0.0
0.0
0.0
0.0
0.0
26.7
1.0
5.1
1.3
0.0
0.0
11.9
10.4
0.0
0.0
6.3
1.5
0.0
0.0
0.0
0.0
0.0
0.0
0.0
0.0
0.0
6.1
15.0
0.0
0.0
5.3
11.4
0.0
0.0
31.0
0.0
0.0
2.5
18.3
17.5
4.3
38.9
0.0
2.0
48.0
0.0
0.0
7.9
8.1
13.5
0.0
0.3
0.0
3.3
0.0
0.0
0.0
0.0
0.0
0.0
0.0
0.0
0.0
5.8
0.0
0.0
0.0
2.8
0.0
0.0
0.0
0.0
0.0
0.0
0.0
31.0
3.3
27.2
0.0
0.0
28.7
0.0
0.0
0.0
2.5
0.0
0.0
0.0
0.0
0.0
0.0
0.0
0.0
0.0
0.0
0.0
0.0
0.0
0.0
0.0
12.7
0.0
0.0
0.0
0.0
0.0
0.0
18.8
0.0
0.0
0.0
0.0
0.0
0.0
0.0
0.0
0.0
1.8
1.3
50.3
25.9
0.0
0.0
0.0
0.0
0.0
0.0
0.0
4.3
0.0
0.0
0.0
0.0
2.0
0.0
0.0
3.8
0.3
0.0
11.7
7.9
1.5
0.0
4.1
0.0
0.0
0.0
0.0
0.0
4.6
1.8
0.0
0.0
0.0
0.0
0.0
0.0
0.0
0.0
0.0
0.0
13.2
0.0
0.0
0.0
0.0
0.0
0.0
0.0
0.0
0.0
0.8
13.5
10.4
0.0
0.0
0.0
0.0
0.0
0.0
0.0
0.0
0.0
0.8
0.0
0.0
0.0
0.0
0.0
0.0
0.0
0.3
1.3
0.0
0.3
0.0
0.0
0.0
0.0
0.0
0.5
18.3
0.0
32.0
6.9
0.0
0.0
0.0
23.6
0.0
0.0
0.0
6.1
1.3
0.0
0.0
0.0
0.0
0.0
0.0
15.2
2.3
0.0
0.0
7.4
0.0
0.0
0.0
0.0
0.5
0.0
0.0
0.0
8.1
0.0
0.0
0.0
0.0
0.3
0.0
3.6
0.0
0.0
0.0
0.0
0.0
0.0
0.8
0.0
0.0
3.6
2.0
0.0
0.0
0.0
0.0
0.0
3.8
1.0
2.5
1.5
0.0
0.0
0.5
0.0
0.0
0.0
0.0
0.0
0.0
0.0
7.4
23.1
0.0
0.0
0.0
0.8
0.0
0.0
0.0
0.0
0.0
0.0
0.0
0.0
0.0
0.0
0.0
0.0
0.0
8.6
0.8
6.1
0.0
3.0
4.1
0.3
0.0
15.5
0.0
0.0
0.0
0.3
27.2
1.3
0.0
0.0
8.6
0.0
0.0
0.0
0.0
0.0
5.6
0.0
0.0
0.0
0.3
1.3
2.5
0.0
4.3
0.0
0.0
0.0
0.0
0.0
0.0
0.0
0.0
0.0
1.0
0.0
8.6
0.0
0.0
0.0
12.2
2.5
0.0
12.4
0.0
0.0
0.0
0.0
9.4
0.8
0.0
17.0
26.9
0.0
2.8
24.4
0.8
0.5
32.0
8.1
7.1
0.0
0.0
0.0
4.3
0.0
0.0
0.0
7.1
1.3
0.3
0.0
0.0
0.0
0.0
1.0
36.6
7.9
2.3
0.0
0.0
0.0
0.0
0.0
0.5
13.0
0.0
5.1
46.0
4.1
0.0
30.5
0.0
0.0
0.0
0.0
1.8
0.0
0.0
7.6
0.0
0.0
0.0
0.0
6.6
0.0
0.0
0.0
25.4
13.2
0.5
0.0
0.0
1.5
0.0
2.8
0.3
0.5
0.0
2.8
34.5
0.0
0.0
0.0
0.0
0.0
0.0
2.8
0.0
0.0
0.0
0.5
0.0
0.0
0.0
0.0
9.1
0.0
0.0
0.0
0.0
0.0
0.3
0.0
0.0
0.0
0.0
0.0
10.4
0.0
0.0
0.0
0.0
0.0
0.0
0.0
0.0
0.0
0.0
0.0
0.0
0.0
0.0
4.8
0.0
0.0
0.0
0.0
10.2
0.0
0.0
0.0
0.0
0.0
0.0
0.8
0.0
0.0
19.8
0.3
0.0
0.0
0.0
0.0
0.0
3.3
0.0
0.0
0.0
2.5
1.0
0.0
0.0
0.0
13.7
0.0
0.0
0.0
0.0
0.0
12.4
0.0
0.0
0.8
7.1
0.0
0.5
0.0
0.0
0.3
5.3
8.6
22.6
1.3
0.0
0.0
0.0
0.0
0.0
0.0
0.0
0.0
0.0
0.0
0.0
0.0
0.0
0.0
16.0
3.8
0.0
0.0
0.0
3.8
3.6
15.5
0.3
0.0
0.0
0.0
0.0
0.0
1.8
0.3
0.0
0.0
1.3
0.0
0.0
9.7
22.4
0.0
0.0
2.5
5.6
5.3
0.3
0.0
0.0
0.0
0.3
15.0
0.0
0.0
0.0
0.0
0.0
0.0
0.8
19.0
0.0
0.0
0.0
13.7
0.5
13.2
0.0
0.0
0.0
0.0
3.8
0.3
0.0
0.0
0.0
0.8
0.0
0.0
0.0
0.3
4.3
20.8
0.0
0.0
0.0
0.0
17.3
2.3
0.8
0.0
0.0
0.0
0.0
8.4
0.0
0.0
0.0
2.0
0.5
0.3
0.0
0.0
0.0
0.0
0.0
0.0
0.0
0.0
0.0
0.1
5.7
0.0
0.0
0.0
35.1
0.0
0.0
0.0
1.3
0.0
17.5
0.0
0.0
4.6
7.1
1.8
0.0
0.0
0.0
0.5
0.0
0.0
7.1
6.1
0.0
0.0
0.8
0.0
0.0
0.8
0.0
0.0
0.3
0.0
3.3
0.0
0.0
0.0
0.0
2.4
0.3
0.0
0.3
0.0
0.0
0.0
0.0
6.3
0.0
0.0
6.3
0.0
1.0
0.0
0.0
5.3
2.0
0.0
0.0
1.8
0.0
0.0
0.0
0.0
0.0
5.3
0.0
0.0
0.0
0.0
0.3
0.5
0.0
0.0
0.0
0.0
0.0
1.5
0.0
14.0
0.0
0.0
0.0
0.0
0.0
0.0
0.0
0.0
0.0
0.0
0.0
0.0
0.0
7.6
14.5
0.3
0.0
0.0
2.0
2.0
0.0
0.0
0.0
0.0
0.0
0.0
2.3
0.3
19.0
2.8
9.4
2.0
0.0
0.5
0.0
18.0
0.5
0.0
0.0
0.0
0.0
0.0
0.0
0.0
0.0
0.0
0.0
0.0
0.0
1.8
0.0
0.0
0.0
0.0
0.0
0.0
0.0
0.0
0.0
0.0
13.5
0.0
9.1
0.5
2.8
0.3
0.0
0.0
0.0
0.0
0.0
0.3
0.0
0.0
0.0
0.0
14.2
0.0
0.0
0.0
0.0
5.6
0.0
0.0
0.0
0.0
0.0
0.0
0.0
0.0
4.8
0.0
4.8
0.0
0.0
0.0
0.0
0.0
15.0
0.0
0.0
0.0
0.0
0.0
15.5
0.0
0.0
0.0
0.0
0.0
0.0
0.0
0.0
0.0
0.0
0.0
3.3
0.0
0.0
0.0
0.0
0.0
0.0
0.0
0.0
32.3
0.0
0.0
0.0
0.8
8.4
0.0
0.0
10.7
2.5
0.0
0.0
39.1
0.0
0.0
0.0
0.0
0.0
0.0
0.0
0.0
0.0
50.3
0.0
0.0
0.0
0.0
29.0
64.8
3.0
0.3
0.0
0.0
0.0
28.2
0.0
0.0
0.0
0.0
0.0
2.5
0.0
0.0
0.0
5.6
0.0
0.0
0.0
21.3
0.0
0.0
1.3
7.4
2.8
0.0
0.0
0.0
0.0
0.0
2.5
0.8
20.3
4.3
0.0
0.0
0.0
1.3
0.0
0.0
0.0
43.4
1.3
0.0
0.0
15.7
3.0
8.9
0.0
0.0
21.1
1.8
0.0
9.7
0.0
0.0
0.0
0.0
0.0
0.0
0.0
0.8
1.5
0.0
0.0
2.3
0.0
0.0
0.0
0.0
18.0
0.0
0.0
0.0
0.0
0.0
0.0
0.0
0.0
0.0
0.5
1.0
0.0
0.0
0.0
0.0
0.0
0.0
0.0
0.0
0.8
0.0
7.9
0.5
0.0
3.3
2.0
2.8
2.8
0.0
0.0
0.0
0.0
5.3
1.0
0.0
2.8
0.0
18.3
2.5
0.0
0.0
0.0
0.0
0.0
0.0
0.0
0.0
0.0
0.0
3.8
0.0
0.0
0.0
0.0
0.5
0.0
0.0
0.0
0.0
11.2
0.0
10.7
0.0
0.0
0.0
0.0
0.0
0.0
0.0
0.0
0.0
0.0
0.0
1.0
0.0
0.0
4.1
0.0
28.4
0.3
0.0
0.5
0.5
0.0
0.0
0.0
0.0
8.4
0.0
3.3
7.9
0.0
0.0
0.0
0.0
0.0
0.0
0.0
6.1
0.0
0.0
8.6
0.0
0.0
0.0
15.2
16.3
1.0
0.3
0.3
0.0
0.0
0.0
9.9
0.0
0.0
0.0
1.5
3.8
0.0
0.3
0.0
0.0
0.0
0.0
1.3
0.0
0.0
0.0
0.0
0.0
0.0
18.5
0.0
0.0
0.0
0.0
0.0
0.0
0.0
0.0
0.0
0.0
0.0
0.0
0.0
0.5
0.0
0.0
79.8
0.5
0.3
0.5
0.0
27.7
12.2
0.0
64.8
0.8
0.0
0.0
0.5
11.4
2.3
0.0
0.0
12.7
0.3
0.0
0.0
0.0
15.2
4.3
2.8
0.3
0.0
0.0
0.0
17.0
0.3
0.0
0.0
0.0
0.0
0.0
0.0
0.0
0.0
0.0
30.7
0.3
7.6
0.8
0.0
9.7
14.7
13.2
0.8
0.0
8.1
29.0
6.6
1.3
0.0
0.0
0.0
0.0
0.0
0.0
1.0
0.0
0.0
0.5
0.0
0.0
7.6
0.0
0.0
0.0
0.0
0.0
12.7
4.1
6.6
2.8
111.8
1.3
0.0
0.3
20.1
0.0
0.0
2.5
0.0
0.0
0.0
0.0
0.0
0.3
0.5
33.0
0.0
0.0
0.0
0.0
0.0
0.0
0.0
0.0
0.0
0.0
9.4
1.0
0.0
0.0
0.0
2.3
0.0
0.0
0.5
8.1
0.8
0.0
4.8
0.0
0.0
0.0
0.0
15.2
0.0
0.0
0.0
0.0
1.3
0.0
0.0
0.0
0.0
0.0
0.0
0.0
0.0
0.0
0.3
0.0
0.0
0.0
0.0
0.0
0.0
0.0
0.0
2.3
0.0
0.0
0.0
0.0
0.0
0.0
0.0
0.0
0.0
0.0
1.8
0.5
0.0
0.0
1.8
0.0
0.0
1.0
3.3
3.3
0.0
0.0
0.0
0.0
0.0
0.0
0.0
3.0
0.0
0.0
0.0
0.3
16.8
0.0
7.4
1.5
0.0
0.0
0.0
0.0
0.0
0.5
0.0
0.0
1.3
1.0
0.5
7.1
0.0
0.0
0.0
14.2
0.3
0.0
0.0
0.0
0.0
0.0
1.0
19.0
13.2
0.3
0.0
0.0
0.0
4.1
3.8
0.0
0.0
0.0
0.0
3.0
0.0
0.0
0.0
0.0
0.8
8.9
0.0
0.0
1.8
9.1
0.0
0.0
0.0
0.0
0.0
0.0
0.0
0.0
0.0
0.0
0.0
0.0
0.0
0.0
0.0
0.3
1.5
0.0
0.0
0.0
0.0
9.1
3.0
1.3
0.0
0.8
0.0
1.3
6.3
16.8
0.0
0.0
0.0
0.0
0.0
0.0
0.0
0.0
0.0
0.0
2.3
0.0
0.0
0.0
10.9
0.0
0.0
0.0
0.0
17.0
0.0
0.0
0.0
1.0
0.0
1.8
0.0
0.5
0.0
1.5
0.0
0.3
0.0
0.0
0.0
0.0
0.0
0.0
0.0
0.0
8.6
12.4
0.0
0.0
3.0
0.0
0.0
0.3
0.8
0.0
0.0
0.0
0.0
0.0
4.1
0.0
0.0
11.9
0.0
2.0
2.5
0.0
6.9
0.0
0.5
0.0
0.0
0.0
0.0
5.1
0.0
0.0
0.0
0.0
0.0
0.0
0.0
0.0
0.0
22.9
0.0
0.0
0.0
0.0
0.0
0.0
1.8
0.0
0.0
0.0
0.0
0.0
1.5
0.0
6.1
8.1
0.0
0.0
0.0
0.0
1.0
19.3
16.5
0.0
0.0
0.0
16.8
0.0
0.0
0.0
0.0
0.0
7.6
2.8
0.0
0.0
0.0
0.0
0.0
0.0
0.5
0.0
0.5
4.8
0.0
0.0
27.4
10.7
4.8
0.0
0.3
0.0
0.3
0.0
0.0
0.0
0.0
14.5
0.3
6.6
0.0
25.4
0.8
19.0
8.9
7.1
0.0
0.0
0.3
0.0
13.5
0.0
0.0
0.0
0.0
0.0
0.0
0.0
4.3
0.0
0.0
8.1
0.0
26.4
2.8
0.0
0.0
27.9
0.0
4.8
9.9
0.3
0.0
0.0
0.0
0.0
0.0
0.0
0.0
18.5
0.0
5.6
30.2
21.3
0.8
0.0
0.0
0.0
0.0
4.3
64.8
0.0
1.3
0.5
0.0
5.8
2.8
11.7
0.0
0.0
0.0
49.0
59.2
0.0
12.2
0.0
0.0
0.0
0.0
0.0
0.0
0.0
0.0
0.0
0.0
2.3
39.9
0.0
0.0
0.0
0.0
0.0
0.0
0.0
0.0
15.0
0.0
0.0
2.3
0.0
0.0
0.0
0.0
0.0
0.0
0.0
0.0
6.9
0.0
0.0
0.0
3.0
0.0
21.3
5.1
0.0
5.1
2.3
2.3
6.3
1.3
0.0
0.0
1.0
0.3
0.0
1.3
12.2
0.0
0.0
4.5
28.6
73.9
0.0
1.8
0.0
0.0
20.1
0.0
0.0
0.0
0.0
12.4
0.0
0.0
0.0
0.0
0.0
0.0
0.0
0.0
0.0
0.0
19.6
16.8
2.8
0.0
2.3
1.5
0.5
0.0
3.0
0.0
0.0
1.0
18.0
3.0
10.2
0.0
0.0
0.0
0.0
0.0
0.0
0.0
0.0
0.0
0.0
0.0
9.1
0.0
0.0
2.0
0.0
0.0
0.0
6.6
6.6
0.8
0.0
0.0
0.0
0.0
0.0
3.6
0.0
0.0
0.0
0.0
0.8
0.3
0.0
0.0
0.0
2.8
1.8
29.5
0.0
0.0
0.0
0.3
0.0
0.0
0.0
0.0
0.0
0.0
0.8
9.7
0.0
0.0
2.8
0.0
0.0
0.0
0.0
0.0
0.0
3.6
0.0
0.0
0.5
0.0
0.0
0.0
16.0
1.8
3.8
0.0
2.3
0.8
0.0
0.0
0.0
0.0
0.0
4.1
10.9
0.5
3.0
0.0
0.0
0.5
0.0
0.0
8.4
0.0
0.0
0.0
0.0
0.0
0.0
0.0
0.0
0.0
0.0
0.0
0.0
0.0
2.5
1.0
0.0
0.0
0.0
0.0
8.1
3.6
0.0
0.0
2.8
0.0
0.0
0.0
0.0
0.0
0.0
0.0
0.0
0.0
0.0
0.0
0.0
1.0
0.3
0.0
2.8
0.5
0.0
0.0
0.0
1.8
0.0
0.0
15.2
2.0
0.3
0.8
0.0
0.0
0.0
0.0
0.0
0.3
0.8
0.0
0.5
0.3
0.0
0.0
0.0
0.0
0.0
3.3
0.0
0.0
0.0
1.0
13.0
12.4
0.0
0.0
0.0
2.0
0.0
0.0
0.0
6.1
2.5
0.0
0.0
1.3
26.4
4.1
5.1
0.0
0.0
0.0
1.0
0.0
0.0
0.0
0.0
0.0
10.2
0.0
2.8
0.0
0.0
3.0
14.2
0.0
0.0
0.0
0.0
0.0
0.0
0.0
5.6
5.3
0.0
0.0
5.8
6.9
3.0
16.8
8.6
0.0
0.0
7.9
3.3
3.0
0.0
0.0
0.0
1.8
0.0
0.0
0.0
0.0
0.0
3.0
0.8
0.0
17.8
18.8
0.0
0.0
0.0
0.0
0.0
0.0
0.0
26.2
0.0
0.0
0.0
0.5
19.0
21.6
2.3
14.0
0.8
1.0
2.0
1.0
5.6
0.0
0.0
0.0
46.2
0.3
31.8
0.0
10.4
2.3
0.0
0.0
0.0
0.0
0.0
0.0
7.9
1.3
43.9
0.3
0.0
8.9
0.0
0.0
0.0
0.0
6.3
0.0
0.0
1.3
11.9
0.0
0.0
0.0
0.0
0.0
0.0
0.0
4.3
0.0
0.0
0.0
0.0
0.0
0.0
0.0
0.3
0.0
0.0
2.0
21.3
0.0
0.0
0.0
0.0
0.0
0.0
0.0
6.1
9.4
0.5
0.0
0.0
0.5
0.3
0.0
0.0
0.0
0.0
1.0
5.1
0.0
0.0
1.3
0.0
0.0
12.4
0.0
0.0
0.0
26.7
0.0
10.2
1.5
0.0
0.0
0.0
0.0
0.0
17.0
47.2
0.0
0.0
0.0
0.0
0.0
0.0
0.0
0.0
0.0
0.0
0.0
0.0
0.0
0.0
0.0
0.0
0.0
0.0
0.0
9.9
0.0
0.0
0.0
0.0
0.0
0.0
0.0
0.0
0.0
0.0
0.0
0.0
0.0
0.0
0.0
0.0
0.0
5.1
14.2
1.3
0.0
2.0
11.2
0.0
0.3
0.3
0.0
2.8
0.0
0.0
0.0
0.0
0.0
5.1
0.0
0.0
0.0
0.0
16.5
22.4
0.0
0.0
8.9
7.9
0.0
0.0
0.0
1.0
18.3
7.4
0.3
0.3
10.7
1.0
1.0
0.0
0.0
0.0
1.5
0.0
0.0
0.0
0.0
0.0
0.5
13.7
3.3
1.5
0.3
0.0
0.0
0.0
14.7
0.0
0.0
22.4
0.0
0.0
64.3
15.7
42.7
0.0
0.0
0.0
0.0
0.0
0.0
0.0
0.0
0.0
2.8
1.5
10.4
0.0
0.3
0.0
0.0
0.0
6.9
0.8
0.0
0.0
3.0
0.0
0.0
0.0
0.0
0.0
0.0
0.0
0.0
0.0
0.0
0.0
0.0
0.0
25.7
0.0
0.0
0.0
0.0
0.0
0.0
0.8
0.0
0.0
0.0
0.0
0.5
0.0
0.0
0.0
0.0
0.0
0.0
0.0
0.0
1.0
9.9
0.0
0.0
0.0
0.0
0.3
1.0
0.0
2.0
0.0
0.0
0.8
1.3
0.0
2.3
0.5
0.0
12.2
12.4
0.5
0.5
0.0
0.0
0.3
1.0
0.0
0.0
0.0
18.8
18.3
0.0
0.0
4.8
0.0
0.0
27.7
3.6
0.3
0.0
0.0
0.0
0.0
25.4
0.0
0.3
0.0
7.4
0.0
0.0
0.0
0.0
0.0
0.0
0.0
0.0
0.0
14.5
0.8
0.0
0.0
0.0
0.0
0.0
7.4
0.0
5.6
14.7
7.1
0.3
4.8
0.0
0.0
0.0
4.1
8.9
34.3
0.8
12.4
0.0
6.6
0.0
0.0
5.1
0.5
0.0
0.0
1.3
0.0
0.0
0.0
0.0
0.0
7.6
10.4
0.0
0.0
22.1
2.5
3.6
0.0
9.9
7.9
0.0
0.0
0.0
0.0
0.5
0.0
0.0
0.0
0.0
15.0
0.5
0.0
0.0
0.0
0.0
22.9
36.1
7.1
0.0
0.0
0.0
0.0
0.0
0.0
0.0
25.4
0.0
2.8
10.4
0.0
26.7
5.3
1.8
0.0
0.0
0.0
0.0
0.0
31.2
0.0
0.0
0.0
18.8
1.8
0.0
0.0
13.2
0.0
0.0
70.9
0.0
0.0
35.6
9.1
0.0
0.0
0.0
0.0
0.0
0.0
0.0
0.0
0.0
0.0
0.0
0.0
0.0
0.0
38.1
0.0
8.6
37.6
0.3
0.0
4.8
0.0
5.3
0.0
0.0
0.0
25.4
6.1
12.2
0.8
0.0
0.0
0.8
0.0
0.0
0.0
0.0
0.0
0.0
0.0
34.0
32.3
8.9
0.5
0.0
0.0
16.5
0.0
0.0
6.9
0.0
0.0
0.0
0.0
0.0
0.0
0.0
0.0
1.8
0.0
0.0
0.5
3.3
1.8
0.5
0.0
0.0
0.0
1.0
0.0
0.0
0.0
0.0
0.0
1.0
5.8
0.0
0.0
0.0
2.0
0.0
0.0
10.4
1.0
0.0
0.0
0.0
0.0
4.6
5.8
0.3
0.0
0.0
0.0
0.0
0.0
16.8
0.0
0.0
0.0
0.0
0.0
4.1
0.0
0.0
0.0
0.0
0.0
0.0
0.0
0.0
0.0
7.6
0.0
0.0
0.0
19.6
21.3
0.0
0.0
0.0
8.4
11.9
0.0
0.0
0.0
0.0
0.0
10.4
0.0
0.0
0.0
0.0
0.0
0.3
1.5
0.0
0.3
0.0
0.0
1.5
0.8
0.0
0.0
0.0
0.0
0.0
0.5
0.0
14.0
0.0
0.0
0.0
0.0
0.0
0.0
0.0
15.0
11.9
1.0
0.0
0.0
0.0
0.0
0.0
0.0
8.4
0.3
2.0
2.8
0.3
3.8
0.0
0.0
24.4
0.3
0.0
0.0
0.0
0.0
0.0
0.0
0.0
0.0
1.0
0.0
0.0
0.0
0.0
0.0
0.0
0.0
4.8
0.3
6.9
0.0
0.0
1.0
0.0
0.0
0.0
0.0
0.0
0.0
0.0
0.0
0.0
5.8
0.0
0.0
0.0
0.0
0.0
0.3
13.2
0.0
0.0
0.0
0.0
0.0
9.4
0.0
0.0
0.0
0.0
0.0
2.3
1.3
0.3
0.0
0.0
2.0
0.0
3.8
0.0
0.0
0.0
0.0
0.8
3.3
1.5
2.0
0.0
33.5
13.2
0.8
0.0
0.0
3.8
16.5
16.8
0.3
0.0
0.0
0.0
0.5
0.0
0.0
0.0
0.8
7.6
0.5
0.0
0.0
0.0
0.5
0.0
0.0
0.0
0.0
0.0
11.2
0.0
5.1
54.9
6.6
0.5
0.0
19.0
9.7
2.0
0.0
0.0
0.8
0.0
7.6
0.0
0.0
0.0
0.0
0.0
0.0
0.0
5.6
10.9
17.3
0.0
0.3
3.8
0.8
0.0
0.8
0.0
0.0
0.0
2.3
0.0
0.0
0.0
0.0
0.0
0.0
0.0
0.0
0.0
0.0
0.0
0.0
0.0
0.0
8.6
0.0
0.0
3.8
0.0
1.8
6.9
0.3
1.8
1.0
0.0
0.0
2.8
0.0
0.0
0.0
0.0
0.0
0.0
0.0
2.3
0.0
0.0
0.0
0.0
0.0
3.3
8.6
0.0
0.0
0.0
0.0
0.0
0.0
1.8
0.0
1.5
0.0
7.6
3.6
0.0
0.0
17.5
2.5
0.0
0.0
0.0
0.0
0.0
0.0
33.5
0.0
0.3
0.8
0.0
0.0
0.0
1.8
0.0
0.0
0.0
0.0
0.0
15.7
0.0
1.8
0.0
0.0
22.6
1.0
0.0
0.0
0.0
0.0
3.8
11.7
0.0
0.0
0.0
0.0
0.0
0.0
0.0
0.0
0.0
0.0
0.0
0.0
0.0
0.0
0.0
0.0
0.0
0.0
0.0
0.0
26.9
0.0
0.0
0.0
0.5
0.0
0.0
0.0
0.0
0.0
0.0
0.0
0.0
0.0
0.0
0.0
4.1
17.3
11.4
9.9
0.0
7.4
19.8
1.0
0.3
0.0
3.3
0.3
0.0
0.0
0.0
0.0
0.0
0.5
37.6
5.3
2.3
0.0
0.0
0.0
0.3
0.5
0.0
0.0
1.5
1.0
0.0
1.5
16.8
0.0
0.0
0.0
0.0
0.0
0.8
2.3
0.0
11.7
5.6
0.0
15.7
26.4
0.0
0.0
0.0
0.0
0.0
0.0
0.0
0.0
0.0
0.0
2.8
0.0
0.0
0.0
0.0
1.8
0.0
0.0
0.0
0.0
0.0
0.0
0.0
0.0
0.0
0.0
0.0
0.0
0.0
0.0
0.0
0.0
0.0
1.5
1.0
5.3
0.0
0.0
0.0
0.0
1.5
1.3
0.0
0.0
0.0
0.0
0.0
0.0
0.0
1.3
0.0
0.0
0.8
6.6
0.0
0.0
0.5
0.0
0.0
0.0
0.0
0.0
0.0
6.9
2.5
0.0
0.0
0.0
0.0
0.0
0.3
0.0
0.0
0.0
0.0
0.0
0.0
1.0
2.8
0.0
0.0
0.0
0.0
5.6
0.0
0.0
0.0
0.0
0.5
0.0
1.5
8.1
33.8
52.6
1.8
2.0
3.8
3.0
0.0
0.0
1.3
17.5
4.8
0.0
0.0
0.0
2.3
0.0
0.0
0.0
0.0
0.0
0.0
0.0
0.0
0.0
0.0
9.1
1.0
0.0
0.0
0.0
0.0
0.0
11.2
17.3
0.0
14.7
1.8
3.3
0.5
0.8
0.5
5.8
6.1
1.3
0.0
0.0
0.0
0.0
2.8
0.0
0.0
0.0
0.0
32.3
6.9
1.0
0.0
0.0
1.0
0.0
0.0
0.0
0.0
7.4
0.0
0.0
0.0
0.0
0.0
0.0
0.0
0.0
14.7
1.5
0.0
0.0
0.0
0.0
0.0
11.4
0.0
0.0
0.0
0.0
0.0
4.1
0.0
0.0
0.0
0.0
0.3
0.0
0.0
0.0
0.0
13.0
0.0
0.0
0.0
3.3
5.1
55.4
0.0
15.0
0.0
0.0
0.0
0.0
0.0
0.0
18.8
33.8
16.5
3.0
0.0
0.3
0.0
0.0
0.0
0.0
9.9
8.4
15.7
8.1
0.0
0.0
2.0
1.0
0.0
0.0
0.0
0.0
1.5
0.0
0.0
0.8
19.8
0.0
0.0
0.0
0.0
2.8
0.0
0.0
0.0
12.7
8.1
0.0
0.0
0.0
0.0
0.0
0.0
4.1
0.0
0.0
0.0
0.0
0.0
0.0
33.5
0.8
1.0
0.0
0.0
0.0
0.0
0.0
0.5
0.0
0.0
0.5
0.0
0.0
0.0
0.0
0.3
0.0
22.9
0.0
0.0
0.0
10.7
0.8
0.0
0.8
9.7
0.0
0.0
0.0
6.9
1.0
0.0
0.0
0.0
0.0
0.0
0.0
0.0
27.9
38.9
9.7
0.0
0.0
0.0
0.0
0.0
0.0
0.0
0.0
0.0
0.0
0.0
1.0
0.0
0.0
0.0
11.4
11.9
0.0
0.0
0.0
0.0
0.0
0.0
0.0
0.0
54.4
0.8
23.4
5.3
0.0
0.0
2.8
0.0
6.9
0.0
3.0
0.0
0.0
0.0
0.0
0.5
0.0
0.0
0.0
0.0
0.0
4.6
6.3
1.0
0.3
0.0
12.4
7.1
11.9
0.5
0.8
4.3
2.0
0.0
0.0
5.8
0.0
0.0
0.0
2.0
0.0
4.6
0.0
0.0
0.0
0.0
0.0
0.0
0.0
0.0
11.2
0.0
23.1
0.3
0.0
0.0
0.0
15.5
9.7
1.0
0.5
0.5
0.0
1.8
0.0
0.0
0.0
0.0
0.0
0.0
10.4
0.0
0.0
0.0
0.0
0.0
0.0
5.1
0.0
0.0
0.0
0.0
0.0
5.3
9.9
0.0
0.0
19.3
