20000101
0.0
0.0
0.1
14.5
0.0
0.0
0.0
0.0
1.0
0.0
0.0
0.0
0.0
0.0
0.0
0.0
0.0
0.0
0.0
4.9
0.0
0.0
2.1
0.0
0.0
0.0
0.0
0.0
0.0
4.8
0.4
0.0
0.0
0.2
0.3
0.0
0.0
0.0
0.0
0.0
2.4
0.0
0.0
0.0
0.7
0.0
0.0
0.0
31.2
0.2
0.0
0.0
0.0
0.0
0.6
0.0
1.0
9.1
0.0
0.0
1.3
0.0
0.0
0.0
0.0
0.0
0.0
0.0
0.0
0.0
3.0
7.0
0.0
0.3
0.5
0.0
0.0
0.0
2.2
18.0
0.0
0.0
0.0
0.0
0.0
0.0
1.4
0.0
0.0
0.0
0.0
0.0
0.3
0.0
0.0
0.0
0.0
2.5
4.1
0.0
0.0
4.0
0.0
0.0
0.0
0.0
0.0
15.1
0.5
0.0
2.5
9.4
0.0
0.0
13.7
0.0
0.0
0.0
0.0
0.3
0.0
0.0
2.7
0.0
0.5
0.0
0.0
2.3
0.0
6.5
4.1
0.0
0.0
10.1
0.0
0.0
0.0
0.0
1.4
3.6
0.0
0.0
5.7
1.9
0.0
0.0
0.0
29.0
7.1
4.3
0.0
0.0
0.0
0.0
0.0
0.0
11.7
0.0
0.0
0.0
0.0
0.0
1.0
4.2
7.4
0.7
16.0
0.0
3.0
0.3
0.0
0.0
44.0
0.0
0.0
30.3
6.2
6.8
0.1
0.0
0.0
0.0
0.0
0.0
2.1
0.0
50.2
1.0
0.0
0.0
0.0
0.0
16.9
0.1
4.1
0.0
0.0
0.0
0.0
0.0
2.7
0.0
2.3
0.0
0.0
0.0
0.0
0.0
0.0
0.6
0.4
14.2
1.7
0.5
0.0
13.7
0.0
0.0
30.0
0.9
2.0
3.0
0.0
0.0
0.0
0.0
0.0
0.0
0.0
0.0
19.5
0.0
0.0
0.0
1.7
19.2
2.5
0.0
0.0
9.8
0.0
0.0
0.0
0.0
0.0
0.0
0.0
0.0
0.0
0.0
0.0
0.0
0.0
3.7
24.1
2.2
0.0
0.0
1.2
0.0
0.0
0.0
0.0
0.0
11.9
1.8
0.8
13.1
31.0
4.6
0.0
0.0
0.0
0.0
0.0
0.0
0.0
15.1
30.9
3.2
0.0
0.0
0.0
0.0
0.0
0.0
0.0
0.8
12.0
0.0
2.1
0.0
0.0
0.0
0.0
0.0
0.0
0.0
0.0
0.0
0.0
0.0
0.0
0.0
0.0
0.0
2.5
2.3
0.0
0.0
0.0
26.5
0.0
9.3
15.6
0.0
0.0
9.7
0.0
0.0
0.0
0.0
0.0
0.0
0.0
0.0
0.0
0.0
0.0
4.4
11.6
0.0
0.0
0.9
0.0
0.0
0.5
0.0
0.0
0.0
0.0
0.0
0.0
0.0
0.3
9.5
11.3
2.5
8.3
1.5
2.0
1.6
0.0
2.0
0.0
1.0
0.0
0.0
0.0
0.0
0.0
0.0
0.1
2.5
1.5
0.3
0.8
0.0
0.0
0.0
0.0
0.0
0.0
0.0
0.0
0.0
0.0
3.4
0.0
1.5
0.0
0.0
0.0
0.0
0.0
0.0
0.0
0.0
0.0
0.0
2.0
2.0
1.1
0.0
15.2
15.9
1.4
0.0
0.0
0.0
0.0
0.7
0.0
0.0
0.0
1.9
15.1
0.0
0.0
0.0
7.6
2.6
2.8
0.0
0.0
0.0
0.0
0.0
1.1
0.0
7.6
37.3
0.0
0.0
0.0
0.0
0.0
0.0
0.0
0.0
0.0
0.0
0.0
0.0
0.0
0.0
1.0
1.3
0.0
1.8
17.1
3.3
0.0
0.0
0.0
0.0
0.0
0.0
0.0
0.0
0.0
0.0
0.0
0.0
0.0
0.0
2.9
0.0
0.0
0.0
0.0
21.3
0.0
0.0
0.0
6.1
46.0
0.3
0.0
0.0
1.9
0.3
0.0
0.0
0.0
5.2
1.0
0.5
0.1
2.1
0.4
1.5
0.0
0.0
0.0
0.0
3.4
0.0
0.0
0.0
0.3
0.0
7.4
2.0
0.0
0.0
15.4
0.0
0.0
0.4
0.0
0.0
1.3
16.3
5.7
0.0
3.7
2.8
2.2
3.6
1.4
3.7
6.8
0.0
0.0
0.0
9.5
6.0
8.4
1.7
14.2
16.1
60.2
0.2
0.0
0.0
0.0
0.0
0.0
0.0
0.0
2.3
0.0
0.0
0.0
0.0
0.8
19.7
2.1
0.0
0.0
0.0
0.0
0.0
0.0
0.0
0.0
0.0
0.2
0.0
16.7
5.4
0.0
0.0
0.0
0.9
0.0
0.0
0.0
0.0
0.0
0.0
0.0
0.0
6.6
7.0
0.9
0.0
0.0
2.9
3.1
0.0
5.5
0.0
0.0
16.1
0.0
0.0
0.0
0.0
16.3
0.0
0.0
0.0
0.0
0.0
0.0
0.0
0.0
0.0
0.0
0.0
0.0
3.1
0.0
0.0
25.2
0.0
0.0
0.0
35.3
5.0
1.3
0.9
0.0
0.0
0.0
0.0
37.3
0.0
0.0
0.0
0.0
0.0
0.0
8.4
7.8
20.0
4.9
0.0
0.0
0.0
0.0
0.0
0.0
0.0
1.1
16.0
0.7
6.3
0.0
0.0
0.1
0.0
0.0
0.0
0.0
0.0
0.0
0.0
0.0
0.0
0.0
16.5
10.9
0.0
0.0
0.0
10.4
7.3
29.5
0.5
23.0
2.9
15.1
0.0
0.0
0.0
0.0
0.0
0.0
13.2
0.9
28.0
0.0
0.0
0.0
0.0
0.0
0.0
0.0
4.3
0.0
0.0
0.0
0.0
0.0
0.0
0.0
0.0
0.0
0.0
0.0
0.0
0.0
0.0
0.0
0.0
2.1
0.0
0.0
0.0
0.0
6.6
7.5
0.0
1.1
7.2
8.1
21.1
0.0
0.0
0.0
0.0
0.0
1.9
0.0
0.0
0.0
0.0
0.0
1.4
13.7
8.5
3.0
4.5
21.0
3.2
0.0
0.0
0.0
0.0
2.9
0.0
0.0
0.0
0.0
0.0
0.0
0.0
0.0
0.0
0.0
0.0
0.0
0.0
0.1
0.0
0.0
0.0
0.0
0.0
0.0
0.0
0.0
0.0
0.0
0.0
0.0
0.9
0.0
0.0
0.0
0.0
0.8
0.0
0.0
0.0
0.0
0.0
18.3
45.5
13.3
0.0
0.0
0.0
0.0
0.0
0.0
0.0
0.0
0.0
4.5
0.0
0.0
0.0
0.0
0.0
0.0
0.0
5.5
31.4
2.3
0.0
0.0
0.0
0.0
10.5
0.4
0.0
0.0
3.0
12.3
0.0
0.0
0.0
0.0
0.0
15.7
3.2
0.0
0.7
0.0
0.0
0.7
7.5
1.3
0.0
0.6
3.2
0.0
0.0
0.0
0.0
19.6
12.0
0.7
0.0
0.3
0.5
0.0
0.0
0.5
0.2
0.0
0.0
0.0
0.0
4.0
16.7
0.0
0.0
0.0
3.8
0.0
0.0
0.0
0.0
0.0
0.0
23.4
33.8
9.1
0.0
0.0
31.7
0.0
0.0
42.7
0.0
0.0
0.3
3.9
0.0
0.0
0.0
20.0
47.7
3.0
23.9
0.0
4.5
71.6
36.3
4.7
0.0
1.3
14.5
7.5
0.0
0.0
0.0
0.0
0.0
3.1
1.2
0.0
0.0
7.5
0.8
0.0
0.0
0.1
0.0
0.0
0.0
12.7
6.4
0.0
0.0
0.0
4.1
0.6
33.3
8.0
4.2
1.3
0.6
0.0
0.0
0.0
0.0
0.0
0.0
0.0
0.0
2.2
4.2
0.0
0.0
0.0
0.0
0.0
0.0
0.0
0.0
0.0
0.0
0.0
0.0
0.0
2.4
0.0
1.8
0.0
0.0
0.0
0.0
0.0
0.0
0.0
0.0
0.0
0.8
19.2
0.0
0.0
0.0
19.4
0.5
0.0
1.0
0.0
0.0
0.0
0.0
0.0
0.0
0.0
0.0
0.0
0.0
0.0
0.0
0.0
0.0
1.5
2.3
12.0
4.1
0.0
14.1
9.3
0.0
0.0
1.6
8.2
0.0
0.1
0.0
0.0
0.0
0.0
0.0
0.0
0.0
0.0
0.0
0.0
0.0
0.0
0.0
0.5
0.0
0.0
0.0
0.0
0.0
4.4
2.5
0.0
25.1
0.0
15.4
4.9
0.0
0.0
0.0
0.0
0.0
0.0
0.0
0.0
0.0
0.0
0.0
1.3
0.0
13.6
0.0
1.1
0.0
0.0
0.0
0.0
0.0
3.0
0.0
0.0
0.0
0.0
0.0
26.3
0.0
0.0
0.0
0.0
0.0
7.7
11.0
0.0
0.0
9.6
5.0
2.3
0.0
0.0
0.0
1.6
2.5
6.9
0.0
0.0
0.0
1.9
0.0
0.0
0.0
0.0
2.0
0.0
0.0
0.0
0.4
0.0
0.0
3.1
0.0
0.0
1.4
0.0
0.0
0.0
0.0
0.0
0.0
0.0
0.0
0.0
0.0
0.0
0.0
0.0
0.0
0.0
0.0
0.0
0.0
0.0
0.0
0.0
0.0
10.6
25.1
1.2
0.0
0.0
0.0
0.0
14.0
0.0
0.0
0.0
0.0
0.0
0.7
0.0
1.1
2.1
0.0
2.7
0.0
0.0
0.0
0.0
0.0
0.0
0.0
0.0
0.0
0.0
2.0
1.0
0.0
0.4
0.0
0.0
0.0
0.0
0.0
0.0
1.1
0.0
0.0
2.6
0.0
0.0
5.2
0.0
0.0
1.5
0.0
0.0
0.0
0.0
0.0
1.7
3.3
0.0
2.4
0.0
13.2
8.3
0.0
0.0
0.0
0.0
0.0
0.0
1.5
2.6
0.0
0.0
0.0
0.0
0.0
1.7
0.0
0.0
5.1
0.0
0.0
0.0
0.0
0.0
0.0
0.0
20.6
0.0
0.0
0.0
0.0
0.0
2.5
15.4
4.6
0.0
0.0
0.0
2.3
0.0
0.0
0.0
12.8
0.0
0.0
0.0
0.0
0.0
0.0
12.1
0.0
10.7
0.0
0.0
0.0
0.0
0.0
0.0
0.0
0.0
0.0
5.2
0.0
0.0
12.0
0.0
0.3
0.0
0.0
14.0
3.1
0.0
0.0
0.0
0.0
4.3
0.0
0.0
0.0
28.2
0.0
10.8
0.0
16.4
3.1
51.8
0.0
0.0
0.0
2.6
1.3
0.0
3.6
0.0
18.4
0.0
0.0
0.0
0.0
0.9
0.0
3.1
0.0
9.6
0.0
0.0
0.0
0.0
10.7
0.4
0.0
0.0
11.0
0.0
0.0
0.9
7.4
31.0
0.0
15.5
0.0
0.0
0.0
0.0
12.9
0.0
0.0
0.0
0.0
0.0
0.0
14.4
1.5
0.0
0.0
1.0
0.0
0.0
2.5
0.0
0.0
0.0
0.0
0.0
20.7
44.2
0.0
0.0
0.0
0.0
0.0
0.0
0.0
17.9
4.3
0.0
10.6
0.0
0.0
0.0
0.0
0.0
0.0
0.1
2.3
0.0
0.0
0.0
0.0
3.8
5.0
0.0
0.0
13.8
0.0
0.0
0.0
0.0
0.0
0.0
0.0
0.0
0.0
0.0
0.0
0.0
0.0
0.0
0.0
0.0
0.0
0.0
0.0
0.0
0.0
0.0
15.0
0.9
90.8
22.9
1.5
0.0
0.0
0.0
0.0
0.0
0.0
0.0
0.0
0.0
1.7
1.5
0.0
0.0
0.0
0.0
0.0
0.0
0.0
3.5
0.7
1.6
0.0
0.0
18.2
0.0
0.0
0.0
0.0
0.0
0.0
1.7
0.0
0.0
0.0
0.0
0.0
7.1
0.0
0.0
0.0
26.7
0.0
0.0
0.0
0.0
0.0
0.0
0.0
0.0
0.0
0.0
0.2
5.3
0.0
1.8
0.0
0.0
0.0
0.0
2.7
0.0
0.0
10.0
1.9
0.0
0.0
0.0
0.0
0.9
0.5
0.0
0.0
1.3
0.7
0.0
50.9
13.2
0.0
0.0
0.0
0.0
19.9
0.0
0.0
0.8
0.0
0.0
0.0
0.0
0.0
0.0
0.6
7.8
0.6
0.0
0.0
0.0
3.1
0.0
0.0
0.0
2.0
0.0
0.0
0.0
2.1
2.2
0.0
0.0
0.0
28.9
0.6
0.0
0.0
0.0
0.0
18.6
0.0
0.0
0.0
0.0
0.0
28.1
17.5
0.0
0.0
0.0
0.0
0.0
0.0
0.0
0.0
0.0
0.0
0.0
5.2
11.3
0.0
0.0
0.0
0.0
0.0
0.0
0.0
4.9
2.1
0.3
0.0
1.8
0.0
0.0
0.0
7.3
0.0
0.3
4.0
1.7
0.0
0.0
0.0
0.0
0.0
0.0
0.0
0.0
0.0
0.0
0.0
0.0
0.4
0.0
0.0
0.0
0.0
0.0
0.0
0.0
0.0
0.0
0.5
0.0
0.0
2.2
32.6
0.0
0.0
0.0
0.0
0.0
0.0
0.0
0.0
1.6
0.0
4.8
1.3
0.0
0.0
1.2
2.3
0.0
0.0
0.0
0.6
28.6
21.3
0.0
13.6
10.5
1.6
1.6
0.0
0.0
0.0
0.0
0.0
0.0
0.0
0.0
0.0
0.0
0.0
0.0
0.0
0.0
0.0
0.0
0.0
0.0
0.0
4.1
0.0
24.9
0.0
11.2
0.0
0.0
0.0
0.0
0.3
5.6
5.2
1.7
0.0
2.0
0.0
0.0
0.0
0.0
0.0
16.8
0.2
7.6
40.7
10.9
0.0
0.0
0.0
5.9
0.0
0.0
0.0
0.0
1.1
18.6
0.0
1.5
1.0
0.0
3.7
8.9
2.0
0.0
0.0
0.0
0.0
0.0
0.0
0.0
0.0
2.6
29.6
0.0
3.6
0.0
0.0
51.5
4.6
0.0
0.0
0.0
0.1
1.4
0.0
0.0
1.3
0.4
0.0
0.7
0.0
0.0
0.0
0.0
1.3
1.5
1.8
7.7
31.7
0.0
0.0
26.5
4.8
5.0
0.0
0.6
0.0
0.0
0.0
0.0
0.0
0.0
0.0
0.0
1.6
0.0
0.3
1.1
0.0
0.0
0.0
10.8
11.9
0.0
0.0
0.0
0.5
0.0
0.0
0.0
0.0
0.0
5.7
0.0
0.0
0.0
0.0
0.0
0.0
0.0
9.0
0.6
8.1
15.5
0.0
0.0
10.6
4.1
64.1
0.0
19.1
31.5
0.0
0.0
0.0
0.0
0.0
0.0
0.0
0.0
0.0
0.0
0.0
0.0
0.0
0.0
0.0
0.0
1.1
0.8
0.0
0.0
0.0
0.0
0.0
0.0
0.0
0.0
0.0
0.0
0.0
0.0
0.0
0.0
0.0
1.3
0.0
0.0
0.0
0.0
0.0
0.3
4.8
0.0
0.0
1.2
23.3
1.3
7.8
0.0
0.0
19.3
27.5
0.3
0.0
0.4
7.2
1.3
0.0
0.0
19.8
0.5
5.0
5.5
0.0
8.3
17.8
0.0
10.4
0.0
0.0
0.0
0.0
0.0
0.0
2.2
7.1
0.0
0.0
0.0
0.1
0.0
0.0
8.9
0.8
0.0
1.2
0.0
7.8
30.0
0.0
9.1
11.8
1.8
8.7
13.7
0.0
0.0
0.0
0.0
6.3
30.5
2.3
0.0
0.0
2.1
0.0
0.0
0.0
0.0
0.0
0.0
0.0
0.0
0.0
0.0
0.0
0.0
0.0
0.0
0.1
0.0
0.0
0.0
0.0
0.0
0.3
0.8
14.5
19.9
22.3
25.8
0.0
3.1
0.0
0.0
3.3
26.8
40.8
7.8
0.0
1.5
0.0
0.0
0.0
0.0
0.0
0.5
0.3
0.0
0.0
0.0
0.0
0.0
1.8
8.2
0.0
0.0
0.0
0.0
0.0
0.0
0.0
5.1
7.8
2.1
0.6
0.0
0.0
4.8
17.4
0.0
4.9
0.0
0.0
0.0
3.5
1.7
0.0
0.0
0.0
0.0
0.0
0.0
1.1
0.3
0.0
0.0
0.0
0.0
0.0
0.4
0.0
0.0
0.0
0.7
0.0
0.0
0.0
0.0
0.0
0.0
0.0
0.0
0.0
0.0
0.0
18.6
3.7
9.0
4.3
0.0
0.0
0.0
0.0
3.9
0.0
1.6
0.0
0.0
0.0
0.0
0.4
0.0
0.0
0.0
0.0
8.1
17.9
0.0
0.0
0.0
0.0
0.0
0.0
0.0
6.7
7.4
8.2
0.0
0.0
5.3
1.1
0.0
0.4
2.3
0.0
0.0
0.0
0.0
0.0
0.0
0.0
0.0
0.3
0.0
0.0
15.7
0.0
4.1
1.1
0.0
0.0
0.0
9.8
13.1
0.0
0.0
0.0
0.0
0.0
0.0
0.0
1.1
0.0
2.0
0.1
0.0
0.0
1.7
0.0
0.0
0.0
0.0
0.6
6.4
0.0
12.0
1.2
0.8
63.1
0.0
0.0
0.0
0.0
0.0
0.0
0.0
0.0
0.3
0.0
0.0
0.5
0.0
0.0
0.0
0.0
4.3
0.0
0.0
0.0
12.5
0.0
0.0
1.6
0.0
0.0
0.0
9.7
11.0
3.6
4.4
17.4
0.0
0.0
25.0
0.0
0.0
0.0
0.0
0.0
0.0
0.0
5.3
0.0
0.0
0.0
0.0
0.0
0.0
0.0
0.3
13.7
1.7
0.0
0.0
0.0
0.0
0.0
0.6
12.6
3.8
8.3
2.4
0.0
0.0
16.6
0.4
0.0
4.5
0.0
0.0
0.0
1.0
0.4
0.0
0.0
0.0
0.0
0.0
0.0
0.0
0.0
0.0
0.0
0.0
0.0
0.0
0.0
0.0
0.0
0.0
8.4
0.0
23.5
0.0
0.0
11.7
13.8
0.0
0.0
0.0
26.2
0.8
39.8
0.0
0.0
11.7
0.0
0.0
0.0
0.0
0.0
0.0
0.0
0.0
0.0
0.0
0.0
0.0
0.0
0.0
0.0
0.0
0.0
0.0
0.0
0.0
9.0
33.9
0.8
0.0
0.6
0.0
0.0
0.0
0.0
0.0
0.0
2.8
31.4
0.0
0.0
0.0
0.0
10.1
0.0
0.0
0.0
0.0
0.0
0.0
0.5
0.0
8.8
14.8
0.0
0.0
0.0
0.0
0.0
0.0
0.0
0.0
0.0
0.0
5.8
33.3
0.7
0.0
2.2
0.9
0.0
1.5
0.0
0.5
0.0
0.0
8.1
0.0
0.0
1.3
0.0
4.0
1.9
0.0
0.0
0.6
0.0
0.0
0.0
0.0
0.0
0.0
2.3
0.8
0.0
0.8
7.5
0.0
4.7
0.0
0.0
5.1
0.0
0.0
0.0
0.0
0.0
0.0
0.0
5.3
0.0
1.8
10.5
0.0
0.0
4.2
0.0
0.0
0.0
5.9
0.0
0.0
0.0
0.0
0.0
0.0
0.0
20.5
0.0
0.0
0.0
0.0
0.2
0.0
0.0
0.0
0.0
0.0
0.0
0.0
0.0
0.9
0.0
0.0
0.0
8.2
8.5
0.0
0.0
0.0
0.0
0.0
0.0
0.0
0.0
0.0
0.0
0.0
0.0
0.0
0.0
0.0
0.0
1.7
0.6
7.3
11.3
14.7
2.0
32.7
8.9
0.0
0.0
0.0
0.0
0.0
0.0
0.0
9.6
1.6
0.0
0.0
0.2
0.0
0.0
5.4
0.0
0.0
8.0
0.0
0.0
16.2
0.0
0.0
14.0
50.2
0.0
0.0
0.0
0.0
0.0
0.0
0.0
0.0
1.0
21.6
0.0
7.1
0.0
0.0
0.0
0.0
0.0
2.2
2.8
0.0
0.0
0.5
8.6
15.4
7.8
0.0
1.9
0.0
0.0
0.0
0.0
0.0
0.0
27.0
0.1
1.5
2.4
0.9
8.3
0.8
5.2
0.0
0.0
0.0
0.3
0.0
0.0
7.8
0.0
0.0
0.0
0.0
0.0
1.8
39.4
9.9
6.9
0.0
0.0
0.0
2.3
0.0
0.0
0.0
1.5
0.0
0.0
0.0
0.0
0.0
0.0
0.8
18.4
0.0
0.0
0.0
0.0
0.0
0.0
0.8
0.0
0.0
0.0
0.5
0.0
0.0
0.0
0.5
12.0
0.0
0.0
0.0
0.0
2.8
49.2
2.1
31.6
0.0
0.0
0.0
0.0
0.0
5.2
2.1
4.1
5.0
0.0
0.0
0.0
0.0
8.9
3.8
0.0
0.0
0.0
0.0
0.0
0.0
0.0
0.0
0.0
1.3
13.4
6.0
4.2
3.0
0.0
0.0
0.0
0.5
0.0
0.0
0.9
25.2
0.5
0.0
0.0
0.0
0.0
0.0
0.0
0.6
28.9
7.4
0.5
0.1
0.0
0.0
0.0
0.0
10.9
0.8
0.0
0.0
0.0
0.0
0.0
7.5
0.8
0.9
0.0
0.0
0.0
14.5
0.0
0.0
0.0
3.3
0.0
0.0
0.0
0.0
0.0
0.0
0.0
0.7
0.0
0.0
0.0
0.0
0.1
0.0
0.0
0.0
0.0
0.0
5.9
3.5
0.0
0.0
0.0
0.0
54.8
0.0
0.4
0.0
0.0
4.1
0.0
0.0
0.0
8.7
3.2
10.2
0.0
0.0
0.3
0.0
0.0
0.0
0.0
0.0
0.3
1.9
0.0
0.0
0.0
13.0
0.0
0.0
0.0
6.7
16.3
0.0
0.0
0.0
0.0
0.0
0.0
0.0
0.0
0.0
0.0
0.0
0.0
0.0
15.9
47.9
2.6
0.0
0.0
0.0
0.0
2.9
0.0
0.0
0.0
1.7
7.2
2.1
0.0
0.0
0.0
0.0
5.6
0.0
0.0
22.4
14.0
0.3
0.0
0.0
0.0
0.0
0.0
0.0
0.0
16.5
2.8
0.0
0.0
0.0
10.2
0.5
0.0
3.8
0.0
0.0
0.0
0.0
33.0
2.0
25.1
0.3
0.0
0.0
0.0
0.0
5.6
0.5
0.0
3.0
0.0
0.0
0.0
0.0
0.0
1.3
0.0
0.0
0.0
0.0
0.0
0.0
0.0
3.0
0.0
0.0
0.0
0.0
0.0
13.5
29.2
0.0
0.0
1.5
1.0
0.0
0.0
0.0
0.0
0.0
0.0
16.8
1.5
0.0
0.0
5.8
9.7
0.8
0.0
0.0
0.0
0.0
0.0
0.0
0.5
0.0
0.0
0.0
0.0
8.4
0.0
0.0
0.0
0.0
10.4
1.0
0.0
4.8
6.9
0.3
0.0
0.0
0.0
0.0
3.0
0.0
14.0
0.0
0.0
12.4
0.0
0.0
0.0
0.0
0.0
0.0
11.2
5.8
0.0
0.8
9.9
0.0
0.0
0.0
0.0
0.0
0.0
0.0
0.3
0.0
4.8
7.4
6.3
0.0
0.0
0.0
0.0
0.0
0.5
1.0
7.6
0.0
0.0
0.0
0.8
0.0
0.0
0.0
0.0
0.0
0.0
8.4
0.0
0.0
0.0
0.0
0.0
0.0
0.0
0.0
0.0
0.0
8.6
0.0
0.3
0.0
0.8
2.3
0.0
1.0
0.0
1.3
0.0
0.0
0.0
0.0
0.0
0.0
0.0
0.0
0.0
0.0
0.0
0.0
0.0
11.2
5.6
0.0
13.2
24.1
40.4
1.5
0.0
4.8
18.5
26.2
0.0
0.0
0.0
0.0
0.0
18.8
17.0
0.0
0.0
0.0
0.0
0.5
0.0
4.3
0.0
0.0
0.0
10.7
16.3
0.0
0.0
0.0
0.0
0.0
0.0
0.0
0.0
0.0
1.3
0.0
0.0
0.0
0.0
0.0
0.0
0.0
26.2
0.0
3.6
0.0
0.0
0.0
0.0
0.0
0.0
0.5
0.5
0.0
0.0
0.0
1.0
3.3
6.3
0.0
0.0
0.0
1.8
0.0
0.0
0.0
0.0
0.0
0.0
0.0
0.0
0.0
0.0
0.0
0.0
4.8
0.3
43.7
0.0
1.3
0.0
0.0
0.0
0.0
0.0
0.0
0.0
0.0
0.0
0.0
0.0
0.0
0.0
0.0
0.5
0.0
0.0
0.0
0.0
2.3
0.0
11.9
0.0
0.0
0.0
0.0
0.0
0.0
0.0
0.0
0.0
0.0
0.0
0.0
32.5
0.0
21.1
3.0
0.0
0.0
0.0
12.2
0.0
0.0
1.0
7.6
0.0
0.0
0.0
0.0
0.0
0.0
0.0
0.0
0.0
0.0
0.0
0.0
0.0
0.0
0.0
0.0
19.0
0.0
0.0
0.0
0.0
0.0
0.0
0.0
0.0
53.1
0.0
0.0
0.0
7.4
5.1
0.0
0.0
0.0
0.0
2.0
10.2
0.0
0.0
0.0
3.0
2.8
11.4
10.9
0.8
10.4
0.3
0.0
0.8
16.3
0.0
0.0
0.0
0.0
3.8
0.0
2.0
0.0
0.0
0.0
1.8
0.0
2.8
0.0
0.0
0.3
0.3
0.0
0.0
2.3
0.3
0.0
35.4
3.4
0.0
3.5
0.0
0.0
0.0
0.0
0.0
0.0
0.0
0.0
0.0
0.0
0.3
0.0
0.3
0.0
0.0
0.0
0.0
0.0
3.3
0.0
16.8
1.5
0.0
11.7
19.8
53.8
0.5
0.0
2.3
0.0
0.0
0.0
0.0
0.0
0.0
0.0
23.9
0.8
0.0
0.3
0.0
3.3
5.3
0.0
0.0
2.5
1.5
0.0
1.0
0.0
0.0
0.5
11.2
10.9
0.0
0.0
0.0
0.0
0.2
0.0
0.0
0.0
5.8
0.0
0.5
0.0
14.5
21.6
0.0
0.0
0.0
0.0
0.0
0.0
0.0
1.3
14.7
0.0
0.0
2.5
20.1
0.0
0.0
2.0
0.0
0.0
0.0
0.0
0.5
1.8
26.4
0.0
3.6
2.0
0.0
0.0
0.0
0.0
1.9
0.0
0.0
0.0
0.0
0.0
0.3
26.2
0.0
1.5
2.5
0.0
0.0
0.0
4.8
0.0
0.0
0.0
0.0
11.2
10.7
0.3
24.9
8.6
0.0
0.8
0.5
21.3
0.0
0.0
0.5
3.3
0.0
0.0
0.0
9.7
0.0
5.1
0.8
0.5
0.0
0.0
19.8
0.0
1.3
25.7
58.9
2.5
0.0
55.4
39.4
1.5
6.3
0.0
0.0
0.0
0.0
0.0
2.5
0.0
0.0
0.0
0.0
0.0
1.0
0.0
0.0
4.1
0.0
0.0
7.4
0.0
0.0
0.0
0.0
40.4
9.9
3.0
0.0
0.0
22.6
26.7
0.0
0.0
36.8
14.2
0.0
0.0
0.0
0.0
0.0
0.0
5.8
0.0
32.0
0.0
0.0
1.5
0.0
0.0
15.2
0.0
4.6
1.8
0.0
0.0
0.0
1.8
0.0
14.7
0.0
0.0
0.0
0.2
0.0
0.0
0.0
0.0
0.0
0.0
0.0
0.0
0.0
0.0
0.0
3.3
23.4
0.0
0.0
0.0
0.0
0.0
2.0
0.0
0.0
0.0
0.0
0.0
19.3
74.4
0.0
1.3
0.8
10.2
0.0
0.0
25.1
13.2
33.8
112.3
0.0
0.0
0.0
0.0
0.0
0.0
1.3
0.0
0.0
0.0
0.0
0.0
0.0
0.0
2.0
0.0
0.0
0.0
0.0
0.0
0.0
0.0
48.5
0.0
0.0
0.0
0.0
0.0
0.0
0.0
22.4
0.0
0.5
0.0
0.0
0.0
0.0
0.0
29.2
0.3
0.0
0.0
0.0
0.0
0.0
0.0
0.0
0.0
0.0
0.0
0.0
0.0
2.3
0.0
0.0
0.0
0.0
5.1
0.0
1.8
10.9
0.3
0.0
0.0
0.0
0.0
0.0
0.0
0.0
1.0
0.0
0.0
0.0
0.0
0.0
5.1
2.8
2.3
0.0
0.5
0.0
0.0
0.0
0.0
3.8
5.8
0.0
0.0
0.0
0.0
4.1
0.0
3.8
0.0
30.2
0.0
0.0
0.0
0.0
29.2
0.0
4.8
0.3
39.6
0.0
0.0
0.0
0.0
0.0
0.0
0.0
0.0
0.0
0.8
0.0
0.0
2.5
0.0
0.0
0.0
1.3
0.0
0.0
0.0
0.0
2.5
0.8
0.0
0.0
0.0
0.0
0.0
2.0
0.0
13.0
0.0
0.0
0.0
0.0
0.0
0.3
0.0
0.0
0.0
0.0
0.0
0.0
3.3
19.6
15.0
0.0
0.0
0.0
0.0
0.0
0.0
0.0
0.0
0.0
0.0
0.0
0.0
0.0
0.0
11.4
0.0
0.0
0.0
0.0
0.0
0.0
0.0
0.0
7.4
0.5
7.9
11.7
0.0
0.0
0.0
0.0
0.0
0.0
0.0
0.8
0.0
0.0
0.0
0.0
0.0
6.1
0.0
0.0
0.0
21.6
0.0
0.0
6.3
0.0
24.6
0.0
0.0
21.6
0.8
0.0
0.0
21.8
0.3
0.0
5.3
12.2
0.3
0.0
0.0
0.0
6.9
14.2
0.8
1.5
0.0
0.0
0.0
0.5
0.0
48.5
2.0
13.7
10.7
7.4
0.0
0.0
0.0
0.0
0.0
6.1
3.8
0.0
0.3
0.0
2.0
70.4
0.3
24.9
0.0
0.0
0.0
0.0
0.0
0.0
0.0
0.0
0.5
14.0
4.6
1.3
2.5
0.0
0.0
0.0
0.0
24.9
2.5
0.0
0.0
0.0
2.3
2.3
4.6
22.9
4.3
0.0
0.0
0.0
0.3
14.0
0.0
24.4
32.5
0.0
1.3
0.0
0.0
0.0
0.0
0.0
3.4
0.0
0.0
0.0
0.0
0.0
2.2
44.5
0.0
0.0
0.0
14.5
0.0
0.0
2.5
0.0
0.0
17.0
0.0
0.0
0.0
0.0
0.0
0.0
0.5
0.0
0.0
9.4
0.0
0.0
0.0
6.3
0.0
0.0
0.0
2.5
0.0
0.0
8.6
0.0
0.0
3.0
0.0
0.3
0.0
0.0
0.0
0.0
0.0
0.0
5.3
4.3
0.3
53.3
0.0
4.3
0.0
0.0
0.0
0.0
0.0
0.0
1.0
0.0
0.0
0.0
0.0
0.0
0.0
0.0
19.0
1.8
0.0
0.0
0.0
0.0
0.0
0.0
0.0
0.0
0.0
0.0
0.0
0.0
0.0
8.4
0.3
9.7
0.0
1.8
3.3
0.5
0.0
0.0
0.0
0.0
15.0
0.3
0.3
0.0
0.0
21.1
0.0
53.8
10.4
0.0
0.0
0.8
16.0
8.1
0.5
0.8
0.0
0.0
0.0
0.0
0.0
47.8
1.8
0.3
1.5
2.5
9.4
0.0
21.6
31.8
0.0
0.0
0.0
0.0
0.0
0.0
0.0
0.0
0.0
0.0
0.0
0.0
0.0
0.0
0.0
54.1
38.1
22.4
4.3
1.8
0.0
0.0
0.0
0.0
10.4
2.5
0.0
0.0
0.0
0.0
0.0
0.0
6.6
0.0
0.0
0.0
0.1
0.0
22.7
0.0
0.0
0.0
16.0
0.3
0.0
0.0
0.0
0.0
0.0
0.3
0.8
0.0
4.1
15.2
36.2
0.7
3.9
43.2
0.0
0.0
1.3
0.0
0.0
0.0
0.0
0.0
0.0
6.8
1.4
0.0
0.0
0.0
0.0
0.0
0.0
0.0
0.0
0.0
0.0
0.0
0.0
5.1
11.4
0.0
7.0
0.0
1.8
0.0
1.0
0.0
0.0
0.0
0.0
0.0
0.0
0.0
6.9
7.5
0.0
0.0
7.2
0.4
0.0
0.0
0.0
0.0
5.0
0.0
0.0
0.0
0.0
1.8
3.9
13.3
0.0
0.0
0.0
0.0
0.0
0.0
0.0
0.0
0.0
0.0
0.0
0.0
0.0
3.2
0.0
1.0
3.8
0.0
8.9
3.6
0.0
0.0
0.0
0.0
0.0
0.0
0.8
4.1
0.0
0.0
2.8
18.0
0.0
5.1
21.8
0.0
0.0
0.0
0.0
8.1
4.1
4.1
4.6
0.0
2.8
0.0
0.0
0.0
0.0
0.0
0.0
0.0
0.0
0.0
0.0
0.0
0.0
0.0
3.6
2.5
7.6
11.2
10.4
0.0
0.0
0.0
0.0
3.2
13.4
0.0
10.2
0.0
0.0
0.0
0.0
0.0
0.0
21.8
0.5
5.3
1.5
0.0
2.5
17.5
11.7
0.0
0.0
11.2
0.5
0.0
0.0
0.0
0.0
0.0
2.0
0.0
0.0
0.0
7.4
14.2
0.3
0.0
0.0
0.3
0.0
0.0
14.7
0.5
0.5
0.5
17.5
26.2
3.3
19.6
0.0
0.0
22.4
0.0
38.9
5.1
90.2
8.9
0.0
0.0
0.0
4.2
0.0
0.0
0.0
0.0
0.0
0.0
0.8
0.0
0.0
0.0
0.0
0.0
0.0
11.2
0.0
0.3
0.0
0.0
0.0
0.0
0.5
75.7
3.8
0.0
0.0
0.0
20.1
0.0
0.0
0.0
0.0
0.0
0.0
0.0
0.0
0.0
0.0
3.6
0.0
0.0
0.0
0.0
0.0
0.0
1.3
0.0
28.7
0.0
0.0
0.0
0.0
0.0
0.0
26.8
0.0
0.0
0.0
0.0
0.0
0.0
0.0
0.0
0.0
0.0
0.0
26.4
49.0
0.0
0.0
0.0
0.0
0.0
0.0
0.0
14.5
0.3
0.0
0.0
0.0
0.3
0.0
0.0
5.1
4.6
0.0
0.0
15.5
0.0
2.8
8.6
0.5
0.0
0.0
0.0
0.0
0.0
5.3
0.0
0.0
0.0
0.0
0.0
0.0
0.0
0.0
0.0
0.0
0.3
0.0
0.0
0.0
0.0
0.0
0.0
0.0
0.0
0.0
0.0
3.6
0.0
6.9
0.0
0.0
0.0
0.0
0.0
0.0
0.0
0.0
5.6
0.0
0.0
0.0
0.0
0.0
0.0
0.0
0.0
2.8
0.0
0.0
0.0
0.3
0.0
0.0
0.0
0.0
35.1
0.0
43.8
6.8
0.0
0.0
0.0
23.1
0.0
0.0
0.0
0.0
1.1
0.0
0.0
0.0
0.0
0.0
0.0
15.5
1.5
0.0
0.0
1.5
0.0
0.0
0.0
0.0
0.0
0.0
0.0
0.0
5.7
0.0
0.6
0.0
0.0
0.3
0.6
7.1
0.0
0.0
0.0
0.0
0.0
0.3
1.1
0.0
0.0
4.0
2.4
0.0
0.0
0.0
0.0
0.0
1.3
1.0
4.8
1.9
0.0
0.0
1.9
0.0
0.0
0.0
0.0
0.0
0.0
0.0
13.5
26.8
0.0
0.0
0.0
4.0
0.0
0.0
0.0
0.0
0.0
0.0
0.0
0.0
0.0
0.0
0.0
0.0
0.0
7.6
7.1
0.0
0.0
7.9
8.6
0.0
0.0
15.7
0.0
0.0
0.0
0.0
26.7
2.0
0.0
0.0
12.2
0.8
0.0
0.0
0.0
0.0
3.3
0.0
0.0
0.0
1.6
1.1
0.0
0.0
0.0
0.0
0.0
0.0
0.0
0.0
0.0
0.0
0.0
0.0
0.3
0.0
2.3
8.1
0.0
0.0
0.0
0.0
17.5
8.1
0.0
0.0
0.0
0.0
18.3
1.0
0.0
3.6
35.8
0.0
2.8
21.8
2.3
0.3
24.9
11.7
15.0
0.3
0.0
0.0
8.9
0.3
0.0
0.0
8.9
0.3
0.5
0.0
0.0
0.0
0.0
0.0
27.9
10.9
3.3
0.0
0.0
0.0
0.0
0.0
0.0
1.0
0.0
5.1
56.1
18.3
0.3
13.5
0.0
0.0
0.0
0.0
8.6
0.0
0.0
5.6
0.0
0.0
0.0
0.0
67.3
0.8
0.0
4.8
49.5
6.9
0.0
30.5
4.1
3.3
0.0
4.6
0.3
0.0
1.0
4.3
37.3
0.8
0.0
0.0
0.0
0.0
0.0
10.0
8.6
0.0
0.0
3.3
0.0
0.0
0.0
0.0
4.8
6.1
0.0
0.0
0.0
0.0
0.0
0.0
0.0
0.0
0.0
5.8
0.0
0.0
32.5
0.0
0.0
0.0
0.0
0.0
0.0
0.0
0.0
0.0
0.0
0.0
0.0
0.0
0.0
0.0
0.0
0.0
0.0
0.0
0.0
0.0
0.0
0.0
0.0
0.0
0.0
0.0
0.0
0.0
0.0
0.0
0.0
0.0
0.0
1.0
0.0
0.0
0.0
17.5
12.2
0.0
0.0
0.0
14.0
3.8
0.0
0.0
0.0
2.0
8.1
0.0
0.0
0.0
7.6
0.3
0.0
0.0
0.0
0.5
0.0
9.9
8.9
3.8
0.8
0.0
0.0
0.0
0.0
0.0
0.0
0.0
0.0
0.0
0.0
0.0
0.0
0.0
10.9
1.0
0.0
0.0
0.0
14.0
3.8
13.2
0.0
0.0
0.0
0.3
0.0
0.0
0.8
0.3
0.0
0.0
0.8
0.0
0.0
10.9
14.0
0.0
0.0
4.6
5.6
5.3
0.5
0.0
0.0
0.0
1.8
1.0
0.0
0.0
0.0
0.0
0.0
0.3
7.1
20.8
0.0
0.0
0.0
16.5
0.8
18.8
0.5
0.0
0.0
0.0
4.3
1.3
0.0
0.0
0.0
0.0
0.0
0.0
0.0
0.8
4.6
11.2
0.3
0.0
0.0
0.0
17.3
2.5
0.0
0.0
0.0
0.0
0.0
7.1
3.6
0.0
0.0
5.1
0.5
0.8
0.0
0.0
0.0
0.0
0.0
0.0
0.0
0.0
0.0
2.8
3.6
0.0
0.5
0.0
4.1
0.5
0.0
0.0
0.8
0.0
12.4
0.0
0.0
12.7
7.6
2.3
0.0
0.0
0.0
0.0
0.0
0.0
13.2
3.6
0.0
0.0
0.3
0.0
0.0
0.0
0.0
0.0
1.8
0.0
8.9
0.0
0.0
0.0
0.0
1.3
0.0
0.0
0.8
0.3
0.0
0.0
0.0
0.8
0.0
0.0
6.3
0.0
3.8
0.0
0.0
6.1
1.5
0.0
0.0
1.0
0.0
0.0
0.0
0.0
0.0
10.2
0.0
0.0
0.0
0.0
0.8
5.6
0.0
0.0
0.0
0.0
0.0
0.8
0.0
0.3
0.0
0.0
0.0
3.6
0.0
0.0
0.0
0.0
0.0
0.0
0.0
0.0
3.6
10.7
26.2
0.0
0.0
0.0
0.0
2.0
0.0
0.0
0.0
0.0
0.0
0.0
0.0
2.8
21.8
6.6
7.6
0.0
0.5
2.5
0.0
0.0
14.2
0.0
0.0
0.0
0.0
0.0
0.0
0.0
0.0
0.0
0.0
0.0
0.0
12.4
0.0
0.0
0.0
0.0
0.0
0.0
0.0
0.5
1.3
0.0
13.7
0.0
9.9
0.0
0.8
0.0
0.0
0.0
0.0
0.0
0.0
10.7
0.0
0.0
0.0
0.0
5.6
0.0
0.0
0.0
0.0
1.1
0.0
0.0
0.5
0.0
0.0
0.0
0.0
0.0
1.0
0.0
20.6
0.0
0.0
0.0
0.0
0.0
18.3
0.0
0.0
0.0
0.0
0.0
0.3
0.0
0.0
0.0
0.0
0.0
0.0
0.0
0.0
0.0
0.0
0.0
0.0
0.0
0.0
0.0
0.0
0.0
0.0
0.5
0.0
11.2
0.0
0.0
0.0
0.0
0.0
0.0
0.0
8.9
3.8
0.0
0.0
28.7
0.0
0.0
0.0
0.0
0.0
0.0
0.0
0.0
0.0
6.9
0.0
0.0
0.0
0.0
32.5
55.9
15.0
0.0
0.0
0.0
0.0
37.1
0.0
0.0
0.0
0.0
0.0
1.3
0.3
0.0
0.0
10.2
0.0
0.0
0.0
7.6
0.0
0.0
1.3
13.2
0.0
0.0
0.0
0.0
0.0
3.3
4.6
2.0
2.3
14.0
0.0
0.0
0.0
0.5
0.0
0.0
0.0
8.6
3.6
0.0
0.0
8.6
1.8
2.0
0.0
0.0
32.3
4.6
11.9
0.0
0.0
0.0
0.0
0.0
0.0
0.0
0.0
0.0
2.5
0.0
0.0
4.1
0.0
0.0
0.0
0.0
21.8
0.0
0.0
0.0
0.0
0.0
0.0
0.0
0.0
0.0
0.0
0.5
0.0
0.0
0.0
0.0
0.0
0.0
0.0
0.0
1.5
0.0
3.3
4.3
0.0
0.8
3.8
7.1
4.1
0.0
0.0
0.0
0.0
1.5
5.6
0.0
1.0
0.0
16.0
1.3
0.0
0.0
0.0
0.0
0.0
0.0
0.0
0.0
0.0
0.0
3.3
0.0
0.0
0.0
0.0
0.0
0.0
0.0
0.0
0.0
6.3
0.0
18.8
0.3
0.0
0.0
0.0
0.0
0.0
0.0
0.0
0.0
0.0
0.0
0.0
0.0
0.0
2.8
0.3
30.7
1.8
0.0
1.0
0.0
0.0
0.0
0.0
0.0
7.4
0.0
3.8
6.9
0.0
0.0
0.0
0.0
0.0
0.0
0.0
8.4
0.0
0.0
16.3
0.0
0.0
0.0
14.2
14.0
1.8
0.5
0.3
0.0
0.0
0.0
5.1
0.0
0.0
0.0
1.8
5.3
0.0
0.3
0.0
0.0
0.0
0.0
1.3
0.0
0.0
0.0
0.0
0.0
1.8
42.2
0.0
0.0
0.0
0.0
0.0
0.0
0.0
0.0
0.0
0.0
0.0
0.0
0.0
0.5
0.0
0.0
50.0
1.0
0.0
2.0
0.0
21.1
19.0
0.5
61.7
0.5
0.0
0.0
0.0
16.0
0.0
0.0
0.0
12.4
0.0
0.0
0.0
0.0
24.5
6.7
10.1
3.8
0.0
0.0
0.0
34.3
0.5
0.0
0.0
0.0
0.0
6.3
0.3
0.0
0.0
0.0
33.3
0.5
2.8
0.0
0.0
9.1
23.9
20.6
5.1
0.0
6.3
23.0
6.3
0.0
0.0
0.0
0.0
0.0
0.0
0.0
0.5
0.0
0.0
0.0
0.0
0.0
25.1
0.0
0.0
26.7
0.3
0.0
0.0
3.3
0.0
0.0
12.3
12.9
0.0
0.0
12.4
0.5
0.0
1.8
0.0
0.0
0.3
0.0
0.0
0.0
0.0
37.5
0.0
0.0
0.0
0.0
0.0
0.0
0.0
0.0
0.0
0.0
19.7
8.9
0.0
0.0
0.0
6.1
0.0
0.0
0.0
6.6
0.5
0.0
0.0
0.0
0.0
0.0
0.0
0.0
0.0
0.0
0.0
0.0
1.0
0.0
0.0
0.0
0.0
0.0
0.0
0.0
0.0
0.0
0.0
0.0
0.0
0.0
0.0
0.0
0.0
0.0
0.0
0.0
0.0
0.0
0.0
0.0
0.0
0.0
0.0
0.0
0.0
0.0
0.0
2.5
0.0
0.0
0.3
0.0
0.0
0.5
2.8
2.8
0.0
0.0
0.0
0.0
0.0
0.0
0.0
1.3
0.0
0.0
0.0
0.0
32.5
0.0
2.5
0.8
0.0
0.0
0.0
0.0
0.0
1.3
0.0
0.0
2.8
0.5
0.0
8.4
0.0
0.0
0.0
3.0
0.0
0.0
0.0
0.0
0.0
0.0
1.3
22.9
33.0
0.0
0.0
0.0
0.0
3.0
4.6
0.0
0.0
0.0
0.0
4.1
0.0
0.0
0.0
0.0
1.3
5.8
0.0
0.0
1.3
10.7
0.0
0.0
0.0
0.0
0.0
0.0
0.0
0.0
0.0
0.0
0.0
0.0
0.0
0.0
0.0
0.3
0.0
0.0
0.0
0.0
0.0
10.7
5.8
0.8
0.0
0.8
0.0
2.8
6.3
21.4
0.0
0.0
0.0
0.0
0.0
0.0
0.0
0.0
0.0
0.0
7.4
0.0
0.0
0.0
17.5
0.0
0.0
0.0
0.5
14.7
0.0
0.0
0.0
0.3
0.5
0.3
0.0
1.0
0.0
5.6
0.0
0.0
0.0
0.5
0.0
0.0
0.0
0.0
0.0
0.0
7.8
21.7
0.0
0.0
18.5
0.0
0.0
0.8
0.8
0.0
0.0
0.0
0.0
0.0
6.6
0.8
0.0
19.6
0.0
0.8
1.5
0.0
6.3
0.0
0.5
0.0
0.0
0.0
0.0
0.0
3.3
0.0
0.0
0.0
0.0
0.0
0.0
0.0
0.0
28.2
2.3
0.0
0.0
0.0
0.0
0.0
0.8
0.0
0.0
0.0
0.0
0.0
0.0
0.0
5.4
6.6
0.3
0.0
0.0
0.0
5.1
11.4
17.8
0.0
0.0
0.0
13.7
0.0
0.0
0.0
0.0
0.0
10.9
2.0
0.0
0.0
0.0
0.0
0.0
0.0
0.0
0.0
0.0
5.9
0.0
0.0
23.5
13.2
4.6
0.0
0.3
0.0
0.0
0.0
0.0
0.0
0.0
4.8
1.3
21.1
0.0
11.9
0.8
16.8
2.0
6.1
0.0
0.0
0.0
0.0
0.0
0.0
0.0
0.0
0.0
0.0
0.0
4.1
25.2
0.0
0.0
1.8
4.6
46.2
19.8
0.0
0.0
38.4
0.0
9.9
8.6
0.0
7.4
0.0
0.0
0.0
0.0
0.0
0.1
26.4
0.5
1.0
0.5
41.1
1.3
0.0
0.0
4.3
0.0
0.3
10.7
0.0
0.0
0.0
0.0
5.1
0.0
7.1
0.0
0.0
0.0
9.4
15.7
2.5
11.4
0.0
0.0
0.0
0.0
0.0
0.0
0.0
0.0
0.0
3.8
3.8
0.0
0.0
0.0
0.0
0.0
0.0
1.5
0.0
0.0
9.7
0.0
0.0
16.5
8.6
1.0
9.7
0.0
0.0
0.0
0.3
0.0
6.9
0.6
0.0
0.0
16.6
0.0
4.8
0.0
0.0
6.1
23.1
0.5
0.8
0.3
0.0
0.0
19.0
0.0
0.0
0.0
8.6
0.0
0.0
0.0
16.0
17.0
0.0
0.4
0.0
0.0
25.2
0.0
0.0
0.0
0.0
0.5
0.0
0.0
0.0
0.0
0.0
0.0
0.0
0.0
0.0
0.0
24.4
27.7
1.8
0.0
2.0
1.0
0.0
0.0
5.3
0.3
0.0
1.0
27.9
2.8
2.5
0.0
0.0
0.0
0.0
0.0
0.0
0.0
0.0
0.0
0.0
0.0
10.2
0.0
0.0
3.8
0.0
0.0
0.0
3.9
7.6
0.0
0.0
0.0
0.0
0.0
0.0
2.4
0.0
0.0
0.0
0.3
1.8
0.0
0.0
0.0
0.0
0.3
3.8
27.7
0.0
0.0
3.8
0.0
0.0
0.0
0.0
0.0
0.0
0.0
0.0
16.0
0.0
0.0
1.3
0.0
0.0
0.0
0.0
0.0
0.0
3.6
0.0
0.0
0.8
0.0
0.0
0.0
18.8
1.0
5.1
0.0
1.8
1.8
0.0
0.0
0.0
0.0
0.0
6.3
9.7
0.0
2.5
0.0
0.0
0.0
0.0
0.0
8.6
0.0
0.0
0.0
0.0
0.0
0.0
0.0
0.0
0.0
0.0
0.0
0.0
0.0
2.0
0.8
0.0
0.3
0.0
0.0
5.6
6.9
0.0
0.0
1.0
0.0
0.0
0.0
0.0
0.0
0.0
0.0
0.0
0.0
0.0
1.0
0.0
1.1
0.0
0.0
10.6
1.0
0.0
0.0
0.0
1.0
0.0
0.0
15.7
0.0
1.3
0.0
0.0
0.0
0.0
0.0
0.0
0.0
5.3
0.0
4.6
1.0
0.0
0.0
0.0
0.0
0.0
5.8
0.0
0.0
0.0
0.8
9.8
11.1
0.0
0.0
0.0
0.5
0.0
0.0
0.0
0.0
1.0
0.0
0.0
1.0
0.3
9.9
22.4
0.0
0.0
0.0
5.6
0.0
0.0
0.0
0.0
0.0
11.2
0.0
0.8
0.0
0.0
0.6
7.4
0.0
0.0
0.0
1.3
0.0
0.0
0.0
0.0
0.8
0.0
0.0
2.5
9.1
0.8
11.4
21.8
0.0
0.0
7.4
2.0
2.5
0.0
0.0
0.0
8.6
0.0
0.0
0.0
1.8
0.0
5.8
0.0
0.0
10.4
17.3
0.0
0.0
0.0
0.0
0.0
0.0
0.0
32.8
2.3
0.0
0.0
2.3
1.0
0.5
10.9
20.1
1.9
1.3
20.6
0.0
4.3
1.0
0.3
0.0
27.7
9.1
18.0
0.0
9.5
0.0
0.2
1.0
0.0
0.0
0.0
0.0
12.2
0.0
36.3
0.5
0.3
5.8
0.0
3.3
0.0
0.0
0.8
0.0
1.3
4.1
0.0
0.0
0.0
0.0
0.0
0.0
0.8
0.0
0.5
0.0
0.0
0.0
0.0
0.0
0.0
0.0
14.7
0.0
0.0
2.1
9.0
0.0
0.0
0.0
0.0
0.0
0.0
0.0
0.9
19.4
0.0
0.0
0.0
10.4
0.0
0.0
0.0
0.0
0.0
0.0
0.0
0.0
0.0
0.0
0.0
0.0
0.0
0.0
0.0
0.0
36.3
0.3
14.0
3.3
0.3
0.0
0.0
0.0
0.0
2.5
7.1
0.0
0.0
0.0
0.0
0.0
0.0
0.0
0.0
0.0
0.0
0.5
0.0
0.0
0.0
0.3
0.0
0.0
0.0
0.0
0.8
0.0
0.0
0.0
0.0
0.0
0.0
0.0
0.0
0.0
0.0
0.0
0.6
0.0
0.0
0.0
0.0
0.0
8.4
18.0
1.3
0.0
0.5
10.2
0.0
0.0
0.0
0.0
0.0
0.0
0.0
0.0
0.0
0.0
5.1
0.0
0.0
0.0
0.0
22.9
21.3
0.0
0.0
7.5
8.1
0.0
0.0
0.0
0.3
12.7
19.8
0.3
0.0
8.4
0.3
1.0
0.0
0.0
0.0
0.8
0.0
0.0
0.0
0.0
0.0
0.3
14.7
1.5
1.0
0.0
0.0
0.0
0.0
19.8
0.5
0.0
30.5
0.0
0.0
90.4
21.8
45.7
0.0
0.0
0.0
0.0
0.0
0.0
0.0
0.0
0.0
2.0
3.0
10.2
0.0
0.0
0.0
0.0
0.0
6.3
0.3
0.0
0.0
6.8
0.0
0.0
0.0
0.0
0.0
0.0
0.0
0.0
0.0
0.0
0.0
0.0
0.0
11.2
0.0
0.0
0.0
0.0
0.3
0.0
0.3
0.0
0.5
0.0
0.8
2.8
0.0
0.0
0.0
0.0
0.0
0.0
0.0
0.0
2.5
10.8
0.0
0.0
0.0
0.8
0.0
0.0
0.0
1.8
0.0
0.0
1.0
2.8
0.0
4.1
1.0
0.0
9.4
12.2
0.0
0.0
0.0
0.0
0.0
1.5
0.3
0.0
0.0
6.0
8.9
0.0
0.0
3.8
0.0
0.0
20.3
3.8
0.0
0.0
0.0
0.0
0.0
23.7
0.0
0.5
0.0
17.4
1.5
0.0
0.0
0.0
0.0
0.0
0.0
0.0
0.0
11.0
7.7
0.0
0.0
0.0
0.9
4.6
8.0
0.0
8.6
10.4
0.0
0.0
3.6
0.0
0.0
0.0
3.2
6.3
18.6
0.2
6.1
0.0
11.7
0.0
0.0
0.0
1.4
0.0
0.0
0.0
0.0
0.0
0.0
0.0
0.0
12.4
14.5
0.0
0.0
2.2
6.9
4.2
0.0
18.7
22.2
0.0
0.0
0.0
0.0
0.0
0.0
0.0
0.0
1.0
2.2
0.0
0.0
0.0
0.0
0.0
0.0
1.3
2.0
0.0
0.0
0.0
2.0
0.0
0.0
0.0
0.0
0.0
14.7
10.3
0.3
9.5
10.2
2.3
0.0
0.0
0.0
0.0
0.0
12.9
0.0
0.0
0.0
0.6
1.3
4.5
0.0
11.9
0.6
0.0
55.7
0.0
0.0
21.8
1.1
0.0
0.0
0.0
0.7
2.3
0.0
0.4
0.0
0.0
0.0
0.0
0.0
0.0
0.0
28.7
0.0
8.7
44.2
0.4
0.0
0.0
0.3
1.4
0.0
0.0
0.0
5.8
4.3
25.5
0.0
0.0
0.0
0.3
0.0
0.0
0.0
0.0
0.0
0.0
0.0
1.6
23.7
20.6
0.6
0.0
0.0
0.0
0.0
0.2
10.7
0.0
0.0
0.0
0.0
0.0
0.0
0.0
0.0
1.8
0.0
0.0
3.1
3.5
3.8
0.5
0.0
0.0
0.0
0.0
0.0
0.0
0.0
0.0
0.0
2.8
4.1
0.0
0.0
5.1
21.7
0.0
0.0
19.7
3.3
0.0
0.0
0.0
0.4
1.7
7.6
0.0
0.0
0.0
0.0
0.0
0.0
14.9
0.0
0.0
0.0
0.0
0.0
9.2
0.0
0.0
0.0
0.0
0.0
0.0
0.0
0.0
0.0
8.7
0.0
0.0
0.0
17.0
9.8
0.0
0.0
0.0
8.1
19.7
0.0
0.0
0.0
0.0
0.0
10.3
0.0
0.0
0.0
0.0
0.0
0.0
1.0
0.0
1.1
0.0
0.0
1.4
0.3
0.0
0.0
0.0
0.0
0.0
1.3
0.0
10.0
4.6
0.0
0.0
0.0
0.0
0.0
0.0
5.5
6.7
0.8
0.5
0.0
0.0
0.0
0.0
0.6
2.2
1.0
2.4
1.2
0.4
8.1
0.0
0.0
19.3
0.0
0.0
0.0
0.0
0.0
0.0
0.0
0.0
0.0
0.0
0.0
0.0
0.0
0.0
0.0
0.0
0.0
5.7
0.0
2.9
0.0
0.0
0.0
0.0
0.0
0.0
0.0
0.0
0.0
0.0
0.0
0.0
1.0
0.0
0.0
0.0
0.0
0.0
1.5
12.7
0.0
0.0
0.0
0.0
0.0
9.6
0.0
0.0
0.6
0.0
0.0
4.3
1.5
0.0
0.0
0.3
3.3
0.0
0.0
0.0
0.0
0.0
0.0
0.5
0.8
0.0
2.8
0.0
10.7
19.5
0.0
0.0
0.0
4.3
11.5
16.0
0.0
0.0
0.0
0.0
1.5
0.0
0.0
0.0
0.7
15.5
2.5
0.0
0.0
0.0
0.0
0.0
0.0
0.0
0.0
0.0
21.7
0.0
15.0
48.5
14.4
0.6
0.0
33.9
12.8
0.7
0.0
0.0
0.0
0.0
16.8
2.6
0.0
0.0
0.0
0.0
0.0
0.0
70.1
18.2
30.6
0.0
0.0
7.0
3.4
0.0
0.1
0.0
0.0
0.0
4.0
0.0
0.0
0.0
0.0
0.0
0.0
0.0
0.0
0.0
0.0
0.0
0.0
0.0
0.0
7.3
0.0
1.3
4.0
0.0
0.7
5.9
0.0
2.1
11.6
0.0
0.0
0.7
0.0
0.0
0.7
1.7
0.0
0.0
0.0
0.0
17.1
0.9
0.0
0.0
0.0
6.1
41.8
0.2
0.0
0.0
0.0
22.8
0.0
6.5
0.0
1.9
1.2
4.9
3.3
0.0
0.0
34.8
7.4
0.0
0.0
0.0
0.0
19.9
5.7
0.3
0.0
0.0
0.0
0.0
0.0
0.0
6.3
0.0
0.0
0.0
0.0
0.0
5.1
0.0
0.0
0.0
0.0
11.1
0.5
0.0
0.0
0.0
0.0
12.0
38.6
0.0
0.0
0.0
0.0
0.0
0.0
9.8
0.0
0.0
0.0
0.0
0.0
0.0
0.0
0.0
0.4
0.0
0.0
0.0
1.0
9.5
0.0
0.0
0.0
0.0
0.0
0.0
0.0
0.0
0.0
0.0
0.0
0.0
0.0
0.0
0.0
15.1
15.0
4.1
9.7
0.0
29.5
17.4
0.8
0.0
0.0
6.3
0.7
0.0
0.0
0.0
0.0
0.0
0.3
32.8
5.6
2.5
0.0
0.0
0.0
0.0
0.0
0.6
0.0
1.0
0.9
0.0
1.1
9.1
0.1
0.0
0.0
0.0
0.0
3.0
0.3
0.0
7.5
2.9
0.0
3.0
10.4
0.0
0.0
0.0
0.0
0.0
0.0
0.0
0.0
0.0
0.0
2.9
0.0
0.0
0.0
0.0
4.0
0.0
0.0
0.0
0.0
0.0
0.0
0.0
0.0
0.0
0.0
0.0
0.9
0.0
0.0
0.0
0.0
0.0
1.5
1.2
4.0
0.0
0.0
0.0
0.9
0.6
1.4
0.0
0.0
0.0
0.0
0.0
0.0
0.0
5.1
0.0
0.0
0.7
9.0
0.0
0.0
3.3
0.0
0.0
0.0
0.0
0.0
0.0
6.7
1.2
0.0
0.0
0.0
0.0
0.0
0.0
0.0
0.0
0.0
0.0
0.0
0.0
0.4
1.4
0.0
0.0
0.0
0.4
2.0
0.0
0.0
0.0
0.0
0.7
0.0
1.8
13.0
25.2
64.8
1.4
2.3
5.2
3.8
0.0
0.0
0.0
5.9
0.8
0.0
0.0
0.0
5.0
0.6
0.0
0.0
0.0
0.0
0.0
0.0
0.0
0.0
0.0
6.5
0.0
0.0
0.0
0.0
0.0
0.0
15.9
22.7
0.0
25.0
3.9
1.4
6.2
0.6
0.0
5.1
15.4
2.7
0.0
0.0
0.0
0.0
8.7
0.0
0.0
0.0
0.0
20.5
4.5
0.4
0.0
0.0
0.0
0.0
0.0
0.0
0.0
6.1
0.0
0.0
0.0
0.0
0.0
0.0
0.0
0.0
11.4
2.1
0.0
0.0
2.6
0.0
0.0
5.9
0.0
0.0
0.0
0.0
0.9
14.6
0.0
0.0
6.0
0.0
4.0
0.0
0.0
0.0
0.0
7.6
0.0
0.0
0.3
1.5
7.9
0.2
0.0
0.0
0.0
0.0
0.0
0.0
0.0
0.0
4.6
31.4
45.1
10.0
0.0
0.4
0.7
0.0
0.0
0.0
3.0
4.6
31.7
12.4
0.0
0.0
3.8
4.4
0.0
1.5
0.0
0.0
44.5
0.0
0.1
0.0
0.5
0.0
0.0
0.0
0.0
0.3
0.0
0.0
0.0
9.0
0.0
6.0
0.0
0.0
0.3
0.0
3.7
0.7
0.0
0.0
0.0
0.0
0.0
1.0
65.3
1.5
3.7
0.0
0.0
0.0
0.0
0.0
9.1
0.5
0.0
0.0
1.3
0.0
0.0
0.0
0.0
4.2
4.7
0.5
0.0
14.9
9.9
0.5
0.0
1.0
18.5
0.0
0.0
0.0
5.1
2.4
0.0
0.0
0.0
0.0
0.0
0.0
0.0
3.3
53.6
11.9
0.0
0.0
0.0
0.0
0.0
0.0
0.0
0.0
0.0
0.0
0.7
0.9
1.9
0.0
0.0
9.2
13.3
0.0
0.0
0.0
0.0
0.0
0.0
0.3
0.0
5.6
0.0
6.5
0.2
0.0
0.0
7.2
0.0
3.6
0.0
1.2
0.0
0.0
0.0
0.0
0.6
0.0
0.0
0.0
0.0
0.0
11.5
8.3
1.1
0.0
0.0
13.1
13.9
13.7
0.0
0.3
6.2
5.3
0.0
0.0
5.1
0.5
0.0
0.0
0.8
0.0
7.4
0.0
0.0
0.0
0.0
0.0
0.0
0.0
0.0
8.6
0.0
10.1
0.0
0.0
0.0
0.0
12.0
4.8
1.1
0.5
0.6
0.0
2.3
0.0
0.0
0.0
0.0
0.0
0.0
10.9
0.0
0.0
0.0
0.0
0.0
0.6
4.2
0.0
0.0
0.0
0.0
0.0
8.2
8.9
0.0
0.0
26.1
