20000101
0.0
0.0
0.0
6.6
0.0
0.0
0.0
0.0
0.8
0.8
0.0
0.0
0.0
0.0
0.0
0.0
0.0
0.0
0.0
13.5
0.0
0.0
4.1
0.0
0.0
0.0
0.0
0.0
0.0
7.6
0.0
0.0
0.0
0.0
0.5
0.0
0.0
0.0
0.0
0.0
2.8
0.0
0.0
0.0
1.5
0.0
0.0
0.0
24.6
0.8
0.0
0.0
0.0
0.0
1.8
0.0
0.5
8.9
0.0
0.0
1.5
0.0
0.0
0.0
0.0
0.0
0.0
0.0
0.0
0.0
0.0
0.0
0.5
0.0
0.0
5.8
0.0
0.0
6.9
21.1
0.8
0.0
0.0
0.0
0.0
0.0
1.3
1.0
0.0
0.0
0.0
0.0
0.3
0.0
0.0
0.0
0.0
0.0
5.6
0.0
0.0
5.8
0.0
0.0
0.0
0.0
0.0
30.5
0.0
0.0
6.1
12.2
0.8
0.0
5.8
0.0
0.0
0.0
0.0
1.3
0.0
15.5
0.0
0.0
0.5
0.0
0.0
0.0
0.0
4.6
14.5
0.0
0.0
10.4
0.0
0.0
0.0
0.0
5.8
13.2
0.0
0.0
4.3
1.8
0.0
0.0
0.0
20.6
10.4
0.0
0.0
0.0
3.0
0.0
0.0
0.0
5.3
0.0
0.0
0.0
0.0
0.0
0.0
5.3
6.1
0.5
7.9
0.0
0.0
0.0
0.0
0.0
32.0
0.0
0.0
17.3
6.3
1.3
0.0
0.0
2.5
0.0
0.0
0.0
10.9
0.0
21.1
0.0
0.0
0.0
0.0
0.0
2.8
0.0
0.0
0.0
0.0
0.0
0.0
0.0
4.3
0.0
0.0
0.0
0.0
0.0
0.0
0.0
0.0
0.0
0.0
0.0
0.3
1.3
0.0
0.8
0.0
0.0
5.8
1.3
0.0
0.0
0.3
0.0
0.0
0.0
0.0
0.0
0.0
0.0
11.4
0.0
0.0
0.0
0.5
12.7
2.5
0.0
0.0
0.0
11.4
3.8
0.0
0.0
0.0
0.0
0.0
0.0
0.0
0.0
0.0
0.0
0.0
0.0
39.1
22.4
0.0
1.8
1.3
0.0
0.0
0.0
0.0
0.0
5.8
0.0
19.0
9.4
8.4
7.4
0.0
0.0
0.0
0.0
0.0
0.0
0.0
12.7
14.7
7.9
0.0
0.0
0.0
0.0
0.0
0.0
0.0
2.5
10.4
0.0
4.6
0.0
0.0
0.0
0.0
0.0
0.0
0.0
0.0
0.0
0.0
0.0
0.0
0.0
0.0
0.0
0.0
1.0
0.0
0.0
20.6
0.0
7.1
34.3
0.0
0.0
11.2
0.0
0.0
0.0
0.0
0.0
0.0
0.0
0.0
0.0
0.0
0.0
0.0
0.0
10.9
0.5
0.0
2.8
0.0
0.0
2.8
0.0
0.0
0.0
0.0
0.0
0.0
0.0
0.0
7.1
13.2
0.0
9.1
0.0
0.0
1.3
0.0
2.8
0.0
1.0
0.0
0.0
0.0
0.0
0.0
1.0
0.0
2.5
0.3
0.0
0.0
0.0
0.0
0.0
0.0
0.0
0.0
0.0
0.0
0.0
0.0
0.3
0.0
0.8
1.0
0.0
0.0
0.0
0.0
0.0
0.0
0.0
0.0
0.0
0.0
0.8
0.8
0.0
13.5
12.7
0.5
0.0
0.0
0.0
0.0
0.0
2.8
0.0
0.0
5.3
14.2
0.0
0.0
0.0
15.7
1.8
0.0
0.0
0.0
0.0
0.0
0.0
2.8
0.0
7.6
56.9
0.0
0.0
0.0
0.0
0.0
0.0
0.0
0.0
0.0
0.0
0.0
0.0
0.0
0.0
0.8
1.0
0.0
0.0
15.2
0.0
0.0
0.0
0.0
0.0
0.0
0.0
0.0
0.0
0.0
0.0
0.0
0.5
0.0
0.0
2.8
0.0
0.0
0.0
0.0
10.4
44.7
0.0
0.0
3.3
28.4
0.5
0.0
13.0
0.0
0.0
1.5
0.0
0.0
2.8
2.8
1.5
0.8
0.0
0.0
4.3
0.0
0.0
0.0
0.0
0.0
3.3
0.0
0.0
0.0
0.0
0.0
13.5
0.0
0.0
2.0
3.6
0.0
0.0
0.3
0.0
16.0
14.2
0.3
0.0
1.0
3.0
0.0
7.9
11.4
11.2
13.0
0.0
0.0
0.0
0.0
13.7
11.7
3.8
6.1
7.6
28.2
0.0
0.0
0.0
0.0
0.0
0.0
0.0
0.0
1.3
0.0
0.0
0.0
0.0
0.0
12.7
7.1
3.8
0.0
0.0
0.0
0.0
0.0
0.0
0.0
0.0
2.8
18.0
26.2
0.0
0.0
0.0
0.0
15.7
0.0
0.0
0.0
0.0
0.0
0.0
0.0
0.0
0.0
3.0
0.0
0.0
0.0
0.0
0.0
0.0
0.0
0.0
0.0
6.3
0.0
0.0
0.0
0.0
20.6
0.0
0.0
0.0
0.0
0.0
0.0
0.0
0.0
0.0
0.0
0.0
0.0
8.6
0.0
0.0
43.2
0.0
0.0
0.0
56.9
0.0
32.0
3.3
0.0
0.0
0.0
0.0
13.5
0.0
0.0
0.0
0.0
0.0
0.0
6.9
0.0
20.1
2.8
0.0
0.0
0.0
0.0
0.0
0.0
0.0
0.0
9.1
0.0
2.0
0.0
0.0
0.0
0.0
0.0
0.0
0.0
0.0
0.0
0.0
0.0
0.0
0.0
25.9
11.2
0.0
0.0
0.0
0.0
12.7
16.8
0.0
40.1
1.3
16.0
0.0
0.0
0.0
0.0
0.0
14.7
6.3
0.5
28.2
0.0
0.0
0.0
0.0
0.0
0.0
0.0
5.8
0.0
0.0
0.0
0.0
0.0
0.0
1.3
0.0
0.0
0.0
0.0
0.0
0.0
0.0
0.0
0.0
1.3
0.0
0.0
0.0
0.0
0.0
7.1
0.0
0.8
0.8
11.2
16.5
0.0
0.0
0.0
0.0
0.0
2.5
0.0
0.0
0.0
0.0
0.0
1.0
8.4
6.9
1.5
0.0
13.5
1.5
0.0
0.0
0.0
0.0
10.7
0.0
0.0
0.0
0.3
0.0
0.0
0.0
0.0
0.0
0.0
0.0
0.0
0.0
0.0
0.0
0.0
0.0
0.0
0.0
0.0
0.0
0.0
0.0
0.0
0.0
0.0
0.0
0.0
0.8
0.0
0.0
0.5
0.0
0.0
0.0
0.0
0.0
15.7
41.7
6.9
0.0
0.0
0.0
0.0
0.0
0.0
0.0
0.0
0.0
4.3
0.0
0.0
0.0
0.0
0.0
0.0
0.0
21.8
26.2
0.0
0.0
0.0
0.0
0.0
11.7
0.0
0.0
0.0
5.6
11.2
0.0
0.0
0.0
0.0
0.0
11.2
3.3
0.0
0.0
0.0
0.0
0.0
4.1
0.5
0.0
0.0
1.5
0.0
0.0
0.0
0.0
7.1
3.0
0.0
0.0
0.0
7.1
0.0
0.0
0.0
3.3
0.0
0.0
0.0
0.0
1.3
16.0
0.0
0.0
0.0
0.0
0.0
0.0
0.0
0.0
0.0
0.0
1.3
17.3
0.0
0.0
0.0
10.2
0.0
0.0
46.2
0.0
0.0
0.0
8.4
0.0
0.0
0.0
7.9
2.8
2.0
18.0
0.0
0.0
45.0
8.4
0.5
0.0
0.0
11.2
6.3
0.0
0.0
0.0
0.0
0.0
4.8
1.0
0.0
0.0
0.0
0.0
0.0
1.3
0.0
0.0
0.0
0.0
18.0
2.8
0.0
0.0
0.0
0.0
10.2
17.0
14.7
4.6
14.2
3.6
0.0
0.0
0.0
0.0
0.0
0.0
0.0
0.0
0.0
24.6
13.2
0.0
0.0
0.0
0.0
0.0
0.0
0.0
0.0
0.0
0.0
0.0
8.1
0.5
0.0
0.0
0.0
0.0
0.0
0.0
0.0
0.0
3.8
1.3
0.0
2.3
8.9
0.0
0.0
0.0
6.1
0.0
15.0
17.0
0.0
0.0
3.3
0.0
0.0
0.0
0.0
0.0
0.0
0.0
0.0
0.0
0.0
0.0
1.5
15.5
3.0
0.3
0.0
71.6
2.8
0.0
0.0
135.9
2.5
0.0
0.0
0.0
0.0
0.0
0.0
0.0
0.0
0.0
0.0
0.0
0.0
0.0
0.0
0.0
0.0
0.0
0.5
0.0
0.0
0.0
1.0
3.0
0.0
8.6
0.0
7.9
8.9
0.0
1.0
0.0
0.0
0.0
0.0
0.0
0.0
0.0
0.0
0.0
0.0
0.0
16.3
0.0
0.0
0.0
0.0
0.0
0.0
0.0
3.0
0.0
0.0
0.0
0.0
0.0
7.1
0.0
0.0
0.0
0.0
0.0
3.8
2.3
0.0
0.0
10.2
1.3
0.0
0.0
0.0
0.0
1.3
4.1
6.6
0.0
0.0
0.0
21.6
0.0
0.0
0.0
0.0
4.6
0.0
0.0
0.0
0.8
0.0
0.0
3.6
0.0
0.0
0.5
0.0
0.0
0.0
0.0
0.0
0.0
0.0
0.0
0.0
0.0
0.0
0.0
0.0
0.0
0.0
0.0
0.0
0.0
0.0
0.0
0.0
0.0
7.6
24.4
0.5
0.0
0.0
0.0
0.0
4.6
0.0
0.0
0.0
0.0
0.0
0.0
0.0
0.0
4.1
0.0
1.5
0.0
0.0
0.0
0.0
0.0
0.0
0.0
0.0
0.3
0.0
1.3
0.5
0.0
0.0
0.0
0.0
0.0
0.0
0.0
0.0
2.5
0.0
0.0
1.5
0.0
0.0
3.0
0.0
0.0
0.0
0.0
0.0
0.0
0.0
0.0
1.5
0.8
0.0
0.0
0.0
10.7
1.0
0.0
0.0
0.0
0.0
0.0
0.0
0.0
2.0
0.0
0.0
0.0
0.0
0.0
0.5
0.3
0.0
4.1
0.0
0.0
0.0
0.0
0.0
0.0
0.0
0.0
0.0
0.0
0.0
0.0
0.0
1.3
1.3
7.6
0.0
0.0
0.0
7.4
0.0
0.0
0.0
6.6
0.0
0.0
0.0
0.0
0.0
0.0
26.7
0.0
14.7
0.0
0.0
0.0
0.0
0.0
0.0
0.0
0.0
0.0
2.0
0.0
0.0
15.0
0.0
0.0
0.0
0.0
10.7
4.1
0.0
0.0
0.0
0.0
7.6
0.0
0.0
0.0
25.9
0.0
0.5
0.0
22.1
7.1
14.2
0.0
0.0
0.0
7.4
0.0
0.0
0.0
0.0
0.5
0.0
0.0
0.0
0.0
0.0
0.0
0.0
0.0
9.4
0.0
11.4
0.0
0.0
6.9
0.0
0.0
0.0
3.0
0.0
2.5
0.3
10.2
13.0
0.0
15.7
0.0
0.0
0.0
0.0
8.9
0.0
0.0
0.0
0.0
0.0
0.0
0.0
2.8
0.0
2.5
1.8
0.0
4.3
0.0
0.0
5.1
0.0
5.3
1.5
33.0
42.9
0.0
0.0
0.0
0.0
3.6
0.0
0.0
54.1
0.0
0.0
8.1
0.0
0.0
0.0
0.0
0.0
0.0
1.3
3.6
0.0
0.0
0.0
0.0
10.9
17.8
0.0
1.5
3.6
0.0
2.5
0.0
0.0
0.0
0.0
10.2
0.0
0.0
0.0
0.0
0.0
0.0
0.0
0.0
0.0
0.0
0.0
0.0
0.0
0.0
78.0
10.9
0.0
45.7
12.7
0.0
0.0
0.0
0.0
0.0
0.0
0.0
0.0
0.0
0.0
7.6
6.3
0.0
0.0
0.0
0.0
0.0
0.0
0.0
10.2
0.0
5.1
0.0
0.0
29.2
0.0
1.3
0.0
0.0
0.0
0.0
3.0
0.0
0.0
0.0
0.0
0.0
0.0
0.0
0.8
0.0
18.3
4.8
0.0
0.0
0.0
0.0
0.0
0.0
0.0
0.0
0.0
15.7
6.1
0.0
3.0
0.0
0.0
0.0
0.0
0.8
1.0
0.0
12.7
0.0
0.0
0.0
0.0
0.0
2.5
16.3
0.0
0.0
1.0
0.5
0.0
40.9
13.5
0.0
0.0
0.0
0.0
22.6
0.0
0.0
3.0
0.0
0.0
0.0
0.0
0.0
0.0
2.5
7.9
0.0
0.0
0.0
0.0
5.6
0.0
0.0
0.0
1.8
0.0
0.0
0.0
1.5
0.0
0.0
0.0
0.0
23.4
0.0
0.0
0.0
0.0
0.0
13.7
0.0
0.0
0.0
0.0
0.0
0.0
20.8
0.0
0.0
0.0
0.0
0.0
0.0
0.0
0.0
0.0
0.0
0.0
2.8
2.3
0.0
0.0
0.0
0.0
0.0
0.0
0.0
2.0
1.5
0.0
0.0
0.3
0.0
0.0
0.0
4.3
0.0
0.0
4.3
2.5
2.5
0.0
0.0
0.0
0.0
0.0
0.0
0.0
0.0
0.0
0.0
0.0
1.0
0.0
0.0
0.0
0.0
0.0
0.0
0.0
0.0
0.0
2.0
0.0
0.0
0.5
30.2
0.0
0.0
0.0
0.0
0.0
0.0
0.0
0.0
0.0
0.0
1.0
0.8
0.0
1.0
0.0
0.0
0.0
0.0
1.5
0.0
54.4
21.6
0.0
13.2
2.5
10.9
0.0
0.0
0.0
0.0
0.0
0.0
0.0
0.0
0.0
0.0
0.0
0.0
0.0
0.0
0.0
0.0
0.0
0.0
0.0
0.0
34.3
0.0
0.8
0.0
5.6
0.0
0.0
0.0
0.0
0.0
0.5
4.1
5.3
0.0
0.0
0.0
0.0
2.5
0.0
0.0
4.3
0.0
2.3
12.2
7.1
0.0
0.0
0.0
6.9
0.0
0.0
0.0
8.4
1.8
27.7
0.0
0.0
0.0
0.0
0.0
41.9
3.3
0.0
8.9
0.0
0.0
0.0
0.0
0.0
0.0
4.8
60.5
0.0
0.0
0.0
0.0
4.6
55.9
0.0
0.0
0.0
0.0
2.5
0.0
0.0
15.2
0.0
0.0
0.0
0.0
0.0
0.0
0.0
4.3
27.2
0.0
0.0
0.0
0.0
0.0
73.7
1.5
0.0
0.0
24.6
0.0
0.0
13.0
0.0
0.0
0.0
0.0
0.0
1.8
0.0
0.0
0.0
0.0
0.0
0.0
12.7
5.1
0.0
0.0
0.5
23.1
0.0
0.0
0.0
0.0
0.0
10.7
0.0
0.0
0.0
0.0
0.0
0.0
2.0
0.0
0.0
2.3
11.7
0.0
0.0
0.0
27.2
24.4
0.0
5.8
12.2
0.0
0.0
0.0
0.0
0.0
0.0
0.0
0.0
0.0
0.0
0.0
0.0
0.0
0.0
0.0
0.0
2.8
9.1
0.0
0.0
0.0
0.0
0.0
0.0
0.0
0.0
0.0
0.0
0.0
0.0
0.0
0.0
0.0
2.5
0.0
0.0
0.0
0.0
0.0
0.0
7.9
0.0
0.0
0.0
6.9
1.8
5.3
0.0
0.0
19.6
7.6
0.5
0.0
0.0
3.3
0.0
0.0
0.0
16.0
0.0
9.1
3.6
0.0
5.8
24.9
0.0
7.4
0.0
0.0
0.0
0.0
0.0
0.0
1.0
0.0
0.0
0.0
0.0
0.0
0.0
0.0
18.3
3.0
0.0
0.0
5.6
5.6
20.8
0.0
8.4
19.3
0.0
8.4
12.4
0.0
0.0
0.0
0.0
8.1
27.7
1.5
0.0
0.0
1.5
0.0
0.0
0.0
0.0
0.0
0.0
0.0
0.0
0.0
0.0
0.0
0.0
0.0
0.0
1.8
0.0
0.0
0.0
0.0
0.0
4.3
5.3
14.2
20.1
15.2
19.6
0.0
3.6
0.0
0.0
4.8
19.8
41.4
2.8
0.0
0.0
0.0
0.0
0.0
0.0
0.0
2.5
7.6
0.0
0.0
0.0
0.0
0.0
0.0
3.3
0.0
0.0
0.0
0.0
0.0
0.0
0.0
4.1
8.6
0.8
0.0
0.0
0.0
3.3
20.8
0.0
1.5
0.0
0.0
0.0
2.8
3.6
0.0
0.0
0.0
0.0
0.0
0.0
0.0
0.8
0.0
0.0
0.0
0.0
0.0
0.0
0.0
0.0
0.0
0.5
0.0
0.0
0.0
0.0
0.0
0.0
0.0
0.0
0.0
0.0
0.0
7.6
0.0
9.9
2.5
0.0
0.0
0.0
0.0
3.3
0.0
7.1
0.0
0.0
0.0
0.0
0.3
0.0
0.0
0.0
0.0
7.1
7.1
0.0
0.0
0.0
0.0
0.0
0.0
0.0
24.6
9.7
2.8
0.0
0.0
1.8
0.0
0.0
0.0
2.5
0.0
0.0
0.0
0.0
0.0
0.0
0.0
0.0
0.0
2.5
0.0
0.0
0.0
0.0
0.0
0.0
0.0
0.0
29.5
2.3
0.0
0.0
0.0
0.0
0.0
0.0
0.0
0.0
0.0
0.0
0.0
0.0
0.0
2.0
0.0
0.0
0.0
0.0
0.5
13.7
0.0
2.3
0.0
0.0
20.3
0.0
2.5
0.0
0.0
0.0
0.0
0.0
0.0
0.0
0.0
0.0
0.0
0.0
0.0
61.7
0.0
0.0
0.0
0.0
0.0
2.3
0.0
0.0
0.0
0.0
0.0
0.0
15.0
5.6
0.0
0.0
0.0
0.0
0.0
5.8
0.0
21.8
105.2
0.8
0.0
0.0
0.0
28.4
0.0
0.0
0.0
0.0
0.0
0.0
0.0
10.2
11.4
0.0
0.0
0.0
0.0
0.0
0.0
10.4
11.4
3.6
4.6
0.0
0.0
0.0
4.1
4.3
0.0
0.0
0.0
0.0
0.0
0.0
0.0
0.0
0.0
0.0
0.0
0.0
0.0
0.0
0.0
0.0
0.0
0.0
0.0
0.0
0.0
0.0
0.0
0.0
10.7
0.0
14.7
0.0
0.0
1.3
23.4
0.0
0.0
0.0
0.0
0.3
17.8
0.0
0.0
17.5
0.0
0.0
0.0
4.6
0.0
0.0
0.0
0.0
0.0
0.0
0.0
0.0
0.0
0.0
0.0
0.0
0.0
0.0
0.0
0.0
3.3
17.0
0.0
0.0
0.5
1.5
0.0
0.0
0.0
0.0
0.0
1.3
26.4
0.0
0.0
0.0
0.0
18.3
0.0
0.0
0.0
0.0
0.0
0.0
0.8
0.0
8.6
18.8
0.0
0.0
0.0
0.0
0.0
0.0
0.0
0.0
0.0
0.0
6.9
19.8
0.0
0.0
1.8
0.0
0.5
2.3
0.0
0.0
0.0
0.0
6.3
0.0
0.5
0.0
0.0
0.5
1.3
0.0
0.0
0.0
0.0
0.0
0.0
0.0
0.0
0.0
0.0
2.5
0.0
0.0
0.8
0.0
6.6
0.0
0.0
0.0
0.0
0.0
0.0
0.0
0.0
0.0
0.0
3.6
0.0
1.3
6.9
0.0
0.0
3.6
0.0
0.0
0.0
0.0
0.0
0.0
0.0
0.0
0.0
0.0
0.0
14.5
0.0
0.0
0.0
0.0
0.0
0.3
0.0
0.0
0.0
0.0
0.0
0.0
0.0
0.0
0.0
0.0
0.0
17.8
6.6
0.0
0.0
0.0
0.0
0.0
0.0
0.0
0.0
0.0
0.0
0.0
0.0
0.0
0.0
0.0
0.0
5.6
0.0
4.6
4.8
13.0
0.0
18.8
17.3
0.0
0.0
0.0
0.0
0.0
0.0
0.0
0.3
0.0
0.0
0.0
0.0
0.0
0.0
7.9
0.0
0.0
9.1
0.0
0.0
19.3
0.8
0.0
2.0
17.0
0.0
0.0
0.0
0.0
2.3
0.0
25.4
0.0
0.0
52.8
0.0
10.2
0.0
0.0
0.0
0.0
0.0
0.0
3.6
0.0
0.0
0.0
12.2
3.8
9.9
0.0
0.5
0.0
0.0
0.0
0.0
0.0
0.0
11.7
5.3
2.5
2.5
4.6
1.5
0.5
4.6
0.3
0.0
0.0
0.0
0.0
0.0
16.5
0.0
0.0
0.0
0.0
0.0
0.0
2.8
4.6
0.0
0.0
0.0
0.0
0.0
0.0
0.0
0.0
11.4
3.3
0.0
0.0
0.0
0.0
0.0
0.0
0.0
3.6
0.0
0.0
9.7
0.0
0.0
0.8
5.8
2.0
0.0
0.0
3.8
0.0
5.1
13.5
0.0
0.0
0.0
0.0
0.0
0.8
47.2
21.6
0.0
0.0
0.0
0.0
0.0
0.0
0.0
1.8
4.1
2.3
0.0
0.0
0.0
0.0
11.4
5.8
0.0
0.0
0.0
0.0
0.0
2.0
0.0
0.0
0.0
0.3
6.3
0.5
0.0
13.2
0.0
0.0
0.0
0.0
0.0
0.0
3.6
7.1
0.0
0.0
0.0
0.0
0.0
0.0
0.0
10.7
10.4
6.6
0.8
8.9
0.5
0.0
0.0
0.3
2.5
5.8
1.0
0.0
0.0
3.8
0.0
22.6
0.0
0.8
0.0
0.0
0.0
13.2
0.0
0.0
0.0
7.1
11.7
0.0
0.0
0.0
0.0
0.0
0.0
0.0
0.0
0.0
26.4
0.0
0.0
0.0
0.0
0.0
0.0
0.0
7.4
1.5
0.0
0.0
0.0
0.0
49.3
0.0
0.0
0.0
0.0
3.3
0.0
0.0
0.0
5.3
7.1
0.0
0.0
0.0
0.0
0.0
0.0
0.0
0.0
0.0
0.5
3.3
0.0
0.0
0.0
14.0
0.0
0.0
0.0
8.9
8.6
5.6
0.0
0.0
0.8
0.0
0.0
0.0
0.0
0.0
0.0
0.0
0.0
0.0
21.6
31.2
0.0
0.0
0.0
0.0
0.0
0.0
0.0
0.0
0.0
2.5
17.5
0.3
0.0
0.0
0.0
0.0
2.5
0.0
0.0
24.9
22.9
1.0
0.0
0.0
0.5
0.0
0.0
0.0
0.0
23.6
4.3
0.0
0.0
0.0
14.7
0.0
0.0
2.0
0.0
0.0
0.0
0.0
21.1
1.8
19.0
0.0
0.0
0.0
0.0
0.0
5.1
0.0
0.0
0.0
0.0
0.0
0.0
0.0
0.0
0.0
0.0
0.0
0.0
0.0
0.0
0.0
0.0
13.0
0.0
0.0
0.0
0.0
0.0
4.1
1.8
0.0
0.0
2.5
0.5
0.0
0.0
0.0
0.0
0.0
0.0
22.6
0.0
0.0
0.0
4.6
1.5
0.0
0.0
0.0
0.0
0.0
0.0
0.0
2.0
0.0
0.0
0.0
0.0
1.3
0.0
0.0
0.0
11.4
0.0
0.5
0.8
41.7
7.6
8.4
0.0
1.5
1.5
2.5
0.0
1.0
3.6
0.0
0.0
3.6
0.0
0.0
0.0
0.0
0.0
0.0
13.2
10.4
0.0
0.0
4.1
0.0
0.0
0.0
0.0
0.0
0.0
0.0
0.0
37.8
7.9
1.0
0.0
0.0
0.0
0.0
0.0
0.0
0.0
0.0
0.3
0.0
0.0
0.0
0.8
0.0
0.0
0.0
0.0
0.0
0.0
12.2
0.0
0.0
0.0
0.0
0.0
0.0
0.0
0.0
3.8
1.8
40.1
0.0
0.0
0.0
0.0
0.0
0.0
4.3
3.3
8.1
3.3
0.0
0.5
0.0
0.0
0.0
0.0
0.0
0.0
0.0
0.0
0.0
0.0
16.3
0.0
0.0
17.5
11.4
11.2
0.0
0.0
6.6
0.8
6.3
0.0
0.0
0.0
0.0
3.0
1.0
0.0
0.0
0.0
0.0
0.0
0.0
0.0
0.0
0.0
0.0
0.0
14.2
48.8
38.9
1.3
0.0
0.0
0.0
0.0
0.0
0.0
0.0
6.3
0.0
0.0
0.0
0.0
0.0
0.0
0.0
0.8
0.0
0.0
0.0
0.0
0.0
0.0
0.0
0.0
7.6
7.1
0.0
1.3
0.0
0.5
62.0
6.9
0.0
0.0
0.0
8.4
16.0
0.0
0.0
0.0
0.0
0.0
0.0
0.0
0.0
0.0
0.0
0.0
7.1
2.0
6.9
0.0
5.6
0.0
0.0
0.0
0.0
0.0
0.0
0.0
0.0
0.0
0.0
0.0
0.0
0.0
0.0
8.9
0.0
0.0
0.0
0.0
7.1
0.0
17.3
0.0
0.0
0.0
0.0
0.0
0.8
0.0
0.0
0.0
0.0
0.0
0.0
5.8
0.0
25.4
0.8
0.0
0.0
0.0
9.1
0.0
0.0
0.5
17.0
0.0
0.0
0.0
0.0
0.0
0.0
0.0
0.0
0.0
0.0
0.0
0.0
0.0
0.0
6.1
0.0
17.3
0.0
0.0
0.0
0.0
0.0
1.3
0.0
23.1
32.3
0.0
0.0
0.0
4.1
0.0
0.0
0.0
0.0
0.0
5.8
7.1
0.0
5.6
0.0
0.8
0.0
8.9
3.3
18.3
16.5
0.0
0.0
0.0
4.8
0.0
0.0
0.0
0.0
3.8
0.0
2.0
0.0
0.0
0.0
5.6
0.0
5.3
0.0
0.0
3.6
0.0
0.0
0.0
4.1
0.5
0.0
91.9
3.0
0.0
6.1
0.0
0.0
0.0
0.0
0.0
0.0
0.0
0.0
0.0
0.0
0.3
0.0
0.0
0.0
0.0
0.0
0.0
7.1
0.0
0.0
11.9
0.0
0.0
8.4
23.6
33.5
1.3
0.0
0.0
0.0
0.0
0.0
0.8
0.0
0.0
0.0
17.3
1.3
0.0
0.0
0.0
2.8
1.5
0.0
0.0
9.1
0.0
0.0
0.5
0.0
0.0
5.3
1.0
1.5
0.0
0.0
0.0
0.0
0.0
0.0
0.0
0.0
0.0
0.0
0.0
0.0
18.8
9.7
0.0
0.0
0.0
0.0
0.0
0.0
0.0
0.8
8.4
0.0
0.0
2.0
9.1
0.0
0.0
0.0
0.0
0.0
0.0
0.0
3.8
0.5
24.4
1.8
2.5
0.0
0.0
0.0
0.0
0.0
4.8
0.0
0.0
0.0
0.0
0.0
1.8
20.1
0.0
0.5
3.3
0.0
0.0
13.0
12.7
0.0
0.0
0.0
0.0
44.2
0.3
0.0
33.5
2.0
0.0
9.7
0.0
13.0
0.0
1.5
0.0
1.3
0.0
0.0
3.8
18.0
0.0
0.3
0.3
5.3
0.0
0.0
20.1
0.0
0.0
3.8
38.4
7.1
0.0
0.0
54.6
0.0
4.6
0.0
0.0
0.0
0.0
0.0
2.0
0.0
0.0
0.0
0.0
0.0
0.0
0.0
0.0
20.6
0.0
3.6
14.0
0.0
0.0
0.8
0.0
2.3
1.3
0.0
0.0
11.7
0.8
11.4
0.0
8.6
26.9
8.6
0.0
0.0
0.0
0.0
0.0
9.4
2.3
6.1
5.1
0.0
0.0
0.0
0.0
0.0
0.0
0.0
13.7
0.0
0.0
0.8
0.0
0.0
0.3
2.8
0.0
0.0
0.0
2.0
0.0
0.0
0.0
0.0
0.0
0.0
0.0
0.0
0.0
0.0
0.0
1.5
2.8
0.0
0.0
0.0
0.0
0.0
20.6
0.0
0.0
0.0
0.0
0.0
2.8
69.6
0.0
12.7
0.0
6.3
0.0
0.0
19.8
8.4
19.6
97.5
0.0
0.0
0.0
0.0
0.0
0.0
0.0
0.0
0.0
0.0
0.0
0.0
0.0
0.0
0.8
0.0
0.0
0.0
0.0
0.0
0.0
0.0
16.3
0.0
0.0
0.0
0.0
0.0
0.0
4.3
3.8
0.0
1.0
0.0
0.0
1.0
0.0
0.0
21.8
8.1
0.0
0.0
0.0
0.0
0.0
0.0
0.0
0.0
0.0
0.0
0.0
0.0
3.8
0.0
0.0
0.0
0.0
4.3
0.5
1.8
5.1
0.0
0.0
0.0
0.0
0.0
0.0
0.0
0.0
2.5
0.0
0.0
0.0
0.0
0.0
3.3
2.0
0.0
0.0
0.0
0.0
0.0
0.0
0.0
12.7
4.8
0.0
0.0
0.0
0.0
4.8
0.0
3.3
0.0
35.8
0.0
0.3
0.0
0.0
20.8
0.0
0.0
1.5
20.6
0.0
0.0
0.0
0.0
0.0
0.0
0.0
0.0
0.3
0.5
0.0
0.0
1.0
0.0
0.0
0.0
3.3
0.0
0.0
0.0
0.0
0.0
0.0
0.0
0.0
0.0
0.0
0.0
0.3
0.0
2.8
0.0
0.0
0.0
0.0
0.0
2.5
0.0
0.0
0.0
0.0
0.0
0.0
2.5
8.9
16.0
0.0
0.5
0.0
0.0
0.0
3.3
1.0
0.0
0.0
0.0
0.0
0.0
0.0
0.0
17.5
0.0
0.0
0.0
0.0
0.0
0.0
0.0
3.6
28.7
0.0
26.4
27.9
0.0
0.0
0.0
0.0
1.5
0.0
0.0
0.0
0.0
0.0
0.0
0.0
0.0
3.6
0.0
0.0
0.0
12.2
0.0
0.8
10.9
0.0
13.0
0.0
0.0
9.4
0.0
0.0
0.0
4.3
0.8
0.0
15.2
10.9
0.0
0.0
0.0
0.0
2.5
18.8
4.6
2.0
0.0
0.0
0.0
1.0
0.0
29.7
0.3
8.9
10.2
5.6
0.0
0.0
0.0
0.0
3.0
5.8
0.8
0.0
0.3
0.0
8.1
45.2
0.0
28.7
0.0
0.0
0.0
0.0
0.0
0.0
0.0
0.8
0.0
0.8
0.3
0.0
0.5
2.0
0.0
0.0
13.5
9.4
4.8
0.0
0.0
0.0
2.0
1.0
0.5
4.1
0.0
0.0
0.0
0.0
0.0
3.0
4.3
0.0
19.3
0.0
11.9
0.0
0.0
0.0
0.0
0.0
3.0
0.0
0.0
0.0
0.0
0.0
0.0
26.7
0.0
0.3
7.1
6.6
0.0
0.0
2.5
0.0
0.0
12.2
0.0
0.0
1.3
0.0
0.0
0.0
0.0
0.0
0.0
21.8
0.0
0.0
0.0
77.7
0.0
0.0
0.0
1.8
0.0
5.1
16.0
0.0
0.0
3.8
0.0
0.0
0.0
3.8
0.0
0.0
0.0
0.0
3.6
6.6
0.0
6.9
0.0
1.8
0.0
0.0
0.0
0.0
0.0
47.0
11.9
0.0
0.0
0.0
0.0
0.0
0.0
0.0
2.5
0.5
0.0
0.0
0.0
0.0
0.0
0.0
0.0
0.0
0.0
0.0
0.0
0.0
0.0
16.3
0.0
11.2
0.0
0.5
0.0
2.0
0.0
0.0
0.0
0.0
16.8
1.3
0.0
0.0
3.6
0.8
0.0
36.8
10.2
0.0
3.8
0.0
5.3
6.6
1.3
0.0
0.0
0.0
0.0
0.0
0.0
59.9
3.0
0.0
1.3
2.3
7.1
0.0
20.3
20.3
0.0
0.0
0.0
0.0
0.0
0.0
0.0
0.0
0.0
0.0
2.5
0.0
0.0
0.0
0.0
15.7
11.2
23.6
0.0
2.3
0.0
0.0
0.0
0.0
12.7
1.5
0.5
0.0
0.0
0.0
0.0
0.0
0.0
0.0
0.0
0.0
0.0
0.0
21.3
0.0
0.0
0.0
6.1
0.0
0.0
0.0
0.0
0.0
0.0
0.0
1.3
2.5
1.5
12.4
24.6
1.5
1.0
4.3
0.0
0.0
0.8
0.0
0.0
0.0
0.0
0.0
0.0
7.4
1.3
0.0
0.0
0.0
0.0
0.0
0.0
0.0
0.0
0.0
0.0
0.0
0.0
2.3
6.1
0.0
8.4
0.0
0.0
0.0
1.0
0.0
0.0
0.0
0.0
0.0
0.0
0.0
0.8
2.5
0.0
0.0
5.6
0.3
0.0
0.0
0.0
0.0
0.0
0.0
0.0
0.0
0.0
12.7
0.0
26.7
0.0
0.0
0.0
0.0
0.0
0.0
0.0
0.0
0.0
0.0
0.0
0.0
0.0
2.5
0.0
1.0
6.9
9.1
10.4
7.9
0.0
0.0
0.0
0.0
0.0
0.0
0.0
1.8
0.0
0.0
6.6
9.7
0.0
3.6
11.9
0.0
0.0
0.0
0.0
0.0
11.2
5.3
0.0
5.8
1.0
0.0
0.0
0.0
0.0
0.0
0.0
0.0
0.0
0.3
0.0
0.0
0.0
0.0
0.0
0.0
16.5
8.6
10.9
0.0
0.0
0.0
0.0
1.0
25.9
1.3
16.3
0.0
0.0
0.0
0.0
0.0
0.0
38.1
2.8
8.4
2.0
0.0
0.0
20.6
11.9
0.0
0.0
11.7
14.0
0.0
0.0
0.0
0.0
0.0
0.0
0.0
0.0
0.0
15.2
15.0
0.0
0.0
8.4
0.0
0.0
0.0
27.2
0.0
15.2
0.0
4.8
6.6
3.8
41.4
0.0
0.0
25.9
0.0
0.0
12.7
1.3
17.5
0.0
0.0
0.0
0.0
0.0
0.0
0.0
0.0
0.0
0.0
0.0
0.0
0.0
0.0
0.0
0.0
0.0
9.1
0.0
22.9
0.0
4.3
0.0
0.0
0.0
14.5
2.3
0.0
0.0
7.1
7.9
0.0
0.0
0.0
0.0
0.0
0.0
0.0
0.0
0.0
0.0
0.0
0.0
0.0
0.0
0.0
0.0
4.6
0.0
0.0
8.6
0.0
0.0
0.0
0.0
0.0
0.0
12.4
0.0
0.0
0.0
0.0
0.0
0.0
0.0
0.0
0.0
0.0
0.0
35.1
36.1
0.0
0.0
0.0
0.0
0.0
0.0
0.0
3.3
0.0
0.0
0.0
0.0
5.6
0.0
0.0
0.8
0.0
0.0
12.7
4.1
0.8
0.0
1.8
0.0
0.0
0.0
0.0
0.0
3.0
0.0
0.0
0.0
0.0
0.0
0.0
0.0
0.0
0.0
0.0
0.0
0.0
0.0
0.0
0.0
0.0
0.0
0.0
0.0
0.0
0.0
0.0
5.8
18.5
0.0
0.0
0.0
0.0
0.0
0.0
0.0
0.0
0.0
1.0
0.0
0.0
0.0
0.0
0.0
0.0
0.0
0.0
1.3
0.0
0.0
0.0
0.0
0.0
0.0
0.0
3.0
18.8
0.0
23.1
2.8
0.0
0.0
0.0
18.8
0.0
0.0
0.0
14.7
1.5
0.0
0.0
0.0
0.0
0.5
0.0
16.3
0.0
0.0
0.0
6.3
0.0
0.0
0.0
0.0
10.4
0.0
0.0
0.0
0.8
0.0
0.0
0.0
0.0
0.0
0.0
5.1
0.0
0.0
0.0
0.0
0.0
0.0
0.0
0.0
0.0
4.1
1.3
0.0
0.0
0.0
0.0
0.0
3.8
0.0
1.3
0.8
0.0
0.0
1.5
0.0
0.0
0.0
0.0
0.0
0.0
0.0
4.6
19.0
0.0
0.0
0.0
2.3
0.0
0.0
0.0
0.0
0.0
0.0
0.0
0.0
0.0
0.0
0.0
0.0
0.0
7.9
0.8
0.0
0.0
9.4
1.3
0.0
0.0
16.5
0.0
0.0
0.0
0.0
27.9
0.0
0.0
0.0
10.9
0.0
0.0
0.0
0.0
0.0
9.7
0.0
0.0
0.0
0.0
0.0
1.0
0.0
5.6
0.0
0.0
0.0
0.0
0.0
0.0
0.0
0.0
0.0
1.0
0.0
3.8
0.0
0.0
0.0
0.5
0.0
0.0
17.8
0.0
0.0
0.0
0.0
8.9
2.5
0.0
22.9
26.4
0.0
6.3
35.6
0.0
1.3
48.3
3.6
8.6
0.0
0.0
0.0
6.6
0.0
0.0
0.0
3.6
1.0
3.8
0.0
0.0
0.0
0.0
0.0
17.3
14.5
1.8
0.0
0.0
0.0
0.0
0.0
3.3
0.8
0.0
2.5
43.9
0.3
0.0
15.2
0.0
0.0
0.0
0.0
0.0
0.0
2.5
4.3
0.0
0.0
0.0
14.0
13.2
0.0
0.0
0.0
17.8
3.6
0.0
0.0
0.0
10.7
0.0
3.8
0.0
0.0
0.0
10.2
15.2
0.0
0.0
0.0
0.5
2.5
0.0
0.0
0.0
0.0
0.0
5.1
0.0
0.0
0.0
0.0
3.0
0.8
0.0
0.0
0.0
0.0
0.0
0.0
0.0
0.0
0.0
0.0
17.8
0.0
0.0
0.0
0.0
1.3
0.0
0.0
0.0
0.0
0.0
0.0
0.0
0.0
0.0
3.0
0.0
0.0
0.0
0.0
8.4
0.0
0.0
0.0
0.0
0.0
0.0
0.0
0.0
31.5
1.0
0.0
0.0
0.0
0.0
0.0
0.0
0.0
0.0
0.0
0.0
1.3
0.0
0.0
0.0
0.0
13.5
0.0
0.0
0.0
0.0
0.0
11.4
0.0
0.0
0.8
8.4
0.0
0.0
0.0
0.0
1.0
0.0
15.2
20.3
8.9
0.0
0.0
0.0
0.0
0.0
0.0
0.0
0.0
0.0
0.0
0.0
0.0
0.0
0.0
5.3
9.1
0.0
0.0
0.0
0.0
4.3
24.6
1.0
0.0
0.0
0.0
0.0
0.0
0.0
0.0
0.0
0.0
3.8
0.0
0.0
0.0
12.7
0.0
0.0
1.3
4.8
6.3
0.5
0.0
0.0
0.0
0.0
3.0
0.0
0.0
0.0
0.0
0.0
1.0
0.0
17.0
0.0
0.0
0.0
12.7
1.0
16.5
0.0
0.0
0.0
0.0
4.6
0.0
0.0
0.0
0.0
0.5
0.0
0.0
0.0
1.0
5.8
38.1
0.0
0.0
0.0
0.0
7.1
5.1
0.0
0.0
0.0
0.0
0.0
7.6
0.0
0.0
0.0
0.0
0.0
0.0
0.0
0.0
0.0
0.0
0.0
0.0
0.0
0.0
0.0
0.0
1.8
0.0
0.0
0.0
13.2
0.0
0.0
0.0
3.6
0.0
20.8
0.0
0.0
3.6
7.6
0.0
0.0
0.0
0.0
0.0
0.0
0.0
1.8
1.8
0.0
0.0
0.5
0.0
0.0
1.3
0.0
0.0
2.0
0.0
0.8
0.0
0.0
0.0
0.0
2.3
0.0
0.0
1.5
0.0
0.0
0.0
0.0
11.2
0.0
0.0
0.0
0.0
0.5
0.0
0.0
1.8
0.0
0.0
0.0
1.5
0.0
0.0
0.0
0.0
0.0
0.0
0.0
0.0
0.0
0.0
0.0
12.4
0.0
0.0
0.0
1.8
0.0
1.5
0.0
3.3
0.0
0.0
0.0
0.0
0.0
0.0
0.0
0.0
0.0
0.0
0.0
0.0
0.0
14.0
14.0
0.0
0.0
0.0
0.0
1.3
0.0
0.0
0.0
0.0
0.0
0.0
7.4
0.0
25.4
4.8
9.7
3.0
0.0
0.0
0.0
26.4
4.8
0.0
0.0
0.0
0.0
0.0
0.0
0.0
0.0
0.0
0.0
0.0
0.0
19.3
0.0
0.0
0.0
0.0
0.0
0.0
0.0
0.0
0.0
0.0
13.7
0.0
1.0
0.0
4.1
0.0
0.0
0.0
0.0
0.0
0.0
0.0
0.0
0.0
0.0
0.0
20.1
0.0
0.0
0.0
0.0
5.1
0.0
0.0
0.0
0.0
0.0
0.0
0.0
2.8
1.8
0.0
0.0
0.0
0.0
0.0
0.0
0.0
4.8
0.0
0.0
0.0
0.0
0.0
0.0
0.0
0.0
0.0
0.0
5.1
0.0
0.0
0.0
0.0
2.5
0.0
0.0
1.0
0.0
0.0
0.0
0.0
0.0
0.0
0.0
12.2
0.0
0.0
0.0
10.7
1.3
0.0
0.0
8.1
2.0
0.0
0.0
50.8
0.0
0.0
0.0
0.0
0.0
0.0
0.0
0.0
0.0
41.7
0.0
0.0
0.0
0.0
6.9
50.8
4.1
0.0
0.0
0.0
0.0
12.7
0.0
0.0
0.0
0.0
0.0
2.5
0.0
0.0
0.0
9.7
0.0
0.0
0.0
5.6
0.0
0.0
0.0
1.5
5.1
0.0
0.0
0.0
0.0
0.0
6.3
1.8
21.8
0.5
0.0
0.0
0.0
2.0
0.0
0.0
0.0
39.6
1.3
0.0
0.0
12.7
3.8
9.1
0.0
0.0
14.0
1.5
0.0
12.2
0.0
0.0
0.0
0.0
0.0
0.0
0.0
0.0
3.3
0.0
0.0
3.6
0.0
0.0
0.0
0.0
14.0
0.0
0.0
0.0
0.0
0.0
0.0
0.0
0.0
0.0
0.0
1.3
0.0
0.0
0.0
0.0
0.0
0.0
0.0
0.0
0.0
0.0
10.2
0.0
0.0
0.0
0.8
1.3
2.0
0.0
0.0
0.0
0.0
1.3
4.3
0.0
0.0
0.0
19.8
2.0
0.0
0.0
0.0
0.0
0.0
0.5
0.0
0.0
0.0
0.0
1.3
0.0
0.0
0.0
0.0
0.0
0.0
0.0
0.0
0.0
17.8
0.0
11.4
0.0
0.0
0.0
0.0
0.0
0.0
0.0
0.0
0.0
0.0
0.0
0.0
0.0
0.0
6.9
0.0
25.4
0.0
0.0
0.8
0.0
0.0
0.0
0.0
0.0
7.1
0.0
2.3
5.1
0.0
0.0
0.0
0.0
0.0
0.0
0.0
7.4
0.0
0.0
9.4
0.0
0.0
0.0
3.8
20.3
1.0
0.5
0.0
0.5
0.0
0.0
5.3
0.0
0.0
0.0
0.0
0.0
0.0
0.0
0.0
0.0
0.0
0.0
0.0
0.0
0.0
0.0
0.0
0.0
0.3
6.6
0.0
0.0
0.0
0.0
0.0
0.0
0.0
0.0
0.0
0.0
0.0
0.0
0.5
0.0
0.0
0.0
36.3
1.0
0.0
0.0
0.0
16.3
8.9
0.0
50.8
0.0
0.0
0.0
0.0
13.0
2.5
0.0
0.0
10.2
3.8
0.0
0.0
0.0
10.9
4.1
0.5
0.0
0.0
0.0
0.0
11.7
0.0
0.0
0.0
0.0
0.0
7.1
0.0
0.0
0.0
0.0
13.0
0.0
0.8
0.5
0.0
2.5
17.0
16.5
1.0
0.0
7.6
22.6
4.6
0.0
0.0
0.0
0.0
0.0
0.0
0.0
1.3
0.0
0.0
1.5
0.0
0.0
3.0
0.0
0.0
0.0
0.0
0.0
1.8
22.1
0.0
12.2
19.8
0.0
0.0
5.1
8.4
5.1
0.0
0.0
2.0
0.0
0.0
0.0
0.0
0.0
0.0
49.0
0.0
0.0
0.0
0.0
0.0
0.0
0.0
0.0
0.0
0.0
4.8
1.5
0.0
0.0
0.0
0.8
0.0
0.0
0.0
7.6
0.8
0.0
9.7
0.0
0.0
2.0
0.0
0.0
0.0
0.0
0.0
0.0
0.0
0.0
0.0
0.0
0.0
0.0
0.0
0.0
0.0
0.0
0.0
0.0
0.0
0.0
0.0
0.0
0.0
0.0
4.3
14.0
0.0
0.0
0.0
0.0
0.0
0.0
0.0
4.6
0.0
0.0
6.1
0.0
0.0
0.0
3.0
0.0
0.0
2.0
8.9
0.0
0.0
0.0
0.0
0.0
0.0
0.0
0.0
1.5
0.0
0.0
0.0
1.5
13.7
0.0
5.1
0.0
0.0
0.0
0.0
0.0
0.0
0.0
0.0
0.0
1.3
1.0
1.0
6.1
0.0
0.0
0.0
17.8
1.0
0.0
0.0
0.0
0.0
0.0
0.5
24.1
8.9
0.0
0.0
0.0
0.0
1.0
2.5
0.0
0.0
0.0
0.0
1.3
0.0
0.0
0.0
0.0
0.0
2.0
0.0
0.0
0.0
9.7
0.0
0.0
0.0
0.0
0.0
0.0
0.0
0.0
0.0
0.0
0.0
0.0
0.0
0.0
0.0
0.0
2.5
0.0
0.0
0.0
0.0
13.2
1.5
2.5
0.0
0.0
0.0
1.0
2.3
2.5
0.5
0.0
0.0
0.0
0.0
0.0
0.0
0.0
0.0
0.0
2.3
0.0
0.0
0.0
3.6
0.0
0.0
0.0
0.0
18.8
0.0
0.0
0.0
0.0
0.0
0.5
0.0
1.8
0.0
0.0
0.0
0.0
0.0
0.5
0.0
0.0
0.0
0.0
0.0
0.0
5.3
16.3
0.0
0.0
3.6
0.0
0.0
0.0
1.0
0.0
0.0
0.0
0.0
0.0
3.0
1.0
0.0
17.5
0.0
3.6
0.0
0.0
0.0
0.0
0.0
0.0
0.0
0.0
0.0
1.3
0.0
0.0
0.0
0.0
0.0
0.5
0.0
0.0
0.0
9.1
0.0
0.0
0.0
0.0
0.0
0.0
2.3
0.0
0.0
0.0
0.0
0.0
0.0
0.0
2.3
11.4
0.0
0.0
0.0
0.0
0.0
33.0
7.6
0.0
0.0
0.0
8.6
0.0
0.0
0.0
0.0
0.0
7.6
2.0
0.0
0.0
0.0
0.0
0.0
0.0
0.0
0.0
0.0
3.8
0.3
0.0
16.0
10.2
0.0
0.0
0.0
0.0
0.0
0.0
0.0
0.0
0.0
4.6
2.5
0.0
4.3
47.0
0.0
9.7
10.9
19.0
0.0
0.0
0.0
0.0
0.0
0.0
0.0
0.0
0.0
0.0
0.0
18.0
0.0
0.0
0.0
2.8
4.3
23.1
3.0
0.0
0.0
32.3
0.0
4.1
25.4
0.0
1.5
0.0
0.0
0.0
0.0
0.0
6.1
4.6
0.0
2.8
2.5
19.0
2.5
3.8
0.0
0.0
0.5
47.5
25.4
0.0
0.0
0.0
0.0
7.6
0.0
22.4
0.0
0.0
0.0
8.9
39.9
0.0
6.6
0.0
0.0
0.0
0.0
0.0
0.0
0.0
0.0
0.0
0.0
0.5
0.5
0.0
0.0
0.0
0.0
0.0
19.0
0.0
0.0
1.5
0.0
0.0
0.0
0.0
0.0
0.0
0.0
0.0
0.0
0.0
0.0
2.8
0.0
0.0
0.0
0.0
14.0
8.1
18.0
0.0
14.7
1.8
0.0
2.0
3.6
17.8
0.0
0.0
0.0
0.0
0.0
27.9
0.0
0.0
0.0
20.8
36.3
0.0
2.5
0.0
0.0
16.3
0.0
0.0
0.0
0.0
9.1
0.0
0.0
0.0
0.0
0.0
0.0
0.0
0.0
0.0
0.0
10.9
43.7
3.8
0.0
0.0
2.0
0.0
2.5
4.8
0.0
0.0
4.6
10.2
3.6
2.5
0.0
0.0
0.0
0.0
0.0
0.0
0.0
0.0
0.0
0.0
0.0
7.6
0.0
0.0
0.0
0.0
0.0
0.0
5.8
5.6
1.3
0.0
0.0
0.0
0.0
0.0
3.0
0.0
0.0
0.0
0.0
0.8
0.0
0.0
0.0
0.0
2.5
1.3
30.5
0.0
0.0
0.0
0.0
0.0
0.0
0.0
0.0
0.0
0.0
0.0
6.1
0.0
0.0
1.3
0.0
0.0
0.0
0.0
0.0
0.0
3.8
0.0
0.0
0.0
0.0
0.0
0.0
13.7
2.8
4.1
0.0
0.0
0.0
0.0
0.0
0.0
0.0
0.0
4.6
10.2
0.0
6.9
0.0
0.0
0.0
0.0
0.0
6.3
0.0
0.0
0.0
0.0
0.0
0.0
0.0
0.0
0.0
0.0
0.0
0.0
0.0
3.8
0.0
0.0
0.0
0.0
0.0
14.0
11.7
0.0
0.0
1.0
0.0
0.0
0.0
0.0
0.0
0.0
0.0
0.0
0.0
0.0
0.0
0.0
0.0
0.0
0.0
1.3
0.0
0.0
0.0
0.0
3.0
0.0
0.0
8.1
0.0
3.0
0.8
0.0
0.0
0.0
0.0
0.0
0.0
0.0
0.0
0.0
0.0
0.0
0.0
0.0
0.0
0.0
2.8
0.0
0.0
0.0
1.3
10.2
8.4
0.0
0.0
0.0
0.0
0.0
0.0
0.0
1.3
0.0
0.0
0.0
1.0
3.3
4.3
8.1
0.0
0.0
0.0
1.3
0.0
0.5
0.0
0.0
0.0
15.0
0.0
2.3
0.0
0.0
4.1
13.7
0.0
0.0
0.0
1.3
0.0
0.0
0.0
1.3
13.0
0.0
0.0
2.8
23.4
2.3
6.1
10.2
0.0
0.0
14.0
0.0
8.4
0.0
0.0
0.0
0.8
0.0
0.0
0.0
0.0
0.0
7.1
1.5
0.0
8.6
38.4
0.0
0.0
0.0
0.0
0.0
0.0
0.0
83.8
6.6
0.0
1.8
2.5
20.3
0.8
3.0
7.4
7.6
3.6
9.1
1.0
12.4
0.0
0.0
0.0
9.7
0.5
17.5
0.0
9.1
6.3
0.5
0.0
0.0
0.0
0.0
0.0
13.5
0.5
53.3
0.5
0.0
8.4
0.0
7.9
0.0
0.0
1.0
0.0
0.0
6.6
7.1
0.0
0.0
0.0
0.0
0.0
7.6
0.0
6.6
3.0
0.0
0.0
0.0
0.0
0.0
0.0
0.0
0.0
0.0
10.9
5.3
0.0
0.0
0.0
0.0
0.0
0.0
0.0
26.9
5.6
1.0
0.0
0.0
0.0
0.0
0.0
0.0
0.0
0.0
0.5
4.8
0.0
0.0
1.3
0.0
0.0
0.0
0.0
0.0
0.0
14.5
0.0
6.1
1.8
0.0
0.0
0.0
0.0
0.0
14.2
42.2
0.0
0.0
0.0
0.0
0.0
0.0
0.0
0.0
0.0
0.0
0.0
0.0
0.0
0.0
0.0
0.0
0.0
0.0
0.0
0.0
0.0
0.0
0.0
0.0
0.0
0.0
0.0
0.0
0.0
0.0
0.0
0.0
0.0
0.0
0.0
0.0
0.0
2.5
22.4
0.8
0.0
0.8
8.9
0.0
0.0
0.0
0.0
3.8
0.0
0.0
0.0
0.0
0.0
15.5
0.0
0.0
0.0
0.0
14.7
33.0
0.0
0.0
2.5
8.9
0.0
0.0
0.0
3.6
16.5
4.8
0.0
0.0
3.8
0.0
0.8
0.0
0.0
0.0
0.8
0.0
0.0
0.0
0.0
0.0
0.0
17.3
2.3
1.0
0.0
0.0
0.0
0.0
14.2
2.0
0.0
17.0
0.0
0.0
58.4
15.0
38.6
0.0
0.0
0.0
0.0
0.0
0.0
0.0
0.0
0.0
3.0
2.3
9.4
0.0
0.8
0.0
0.0
0.0
0.8
0.0
0.0
0.0
4.8
0.0
0.0
0.0
0.0
0.0
0.0
0.0
0.0
0.0
0.0
0.0
0.0
0.0
19.8
0.0
0.0
0.0
0.0
0.0
0.0
0.5
0.0
0.0
0.0
0.0
6.3
0.0
0.0
0.0
0.0
0.0
0.0
0.0
0.0
0.0
7.6
0.0
0.0
0.0
0.0
0.5
0.0
1.8
0.0
0.0
0.0
0.0
0.0
0.0
2.0
0.0
0.0
7.6
8.4
0.0
0.0
0.0
0.0
0.0
0.0
0.0
0.0
0.0
5.3
10.2
0.0
0.0
8.4
0.0
0.0
13.7
2.0
0.8
0.0
0.0
0.0
0.0
31.5
0.0
0.0
0.0
7.4
0.0
0.0
0.0
0.0
0.0
0.0
0.0
0.0
0.0
7.1
10.7
0.0
0.0
0.0
0.8
0.0
11.9
0.5
4.3
21.1
1.8
0.0
3.3
0.0
0.0
0.0
1.3
21.6
11.9
2.0
1.5
0.8
12.7
0.0
0.0
0.0
0.0
0.0
0.0
0.8
0.0
0.0
0.0
0.0
0.0
16.8
6.3
1.5
0.0
0.0
19.6
1.8
0.0
2.3
5.8
0.0
0.0
0.0
0.0
0.0
0.0
0.0
0.0
10.4
22.9
0.0
0.0
0.0
0.0
0.0
0.8
13.5
15.7
0.0
0.0
0.0
24.6
0.0
0.0
0.0
0.8
0.0
0.0
8.4
0.0
23.9
8.1
0.5
0.0
0.0
0.0
0.0
0.0
42.7
0.0
0.0
0.0
21.1
2.0
0.0
0.0
5.1
0.0
0.0
30.2
0.0
0.0
0.0
11.9
0.0
2.3
0.0
0.0
0.0
0.0
0.0
0.0
0.0
0.0
0.0
0.0
0.0
0.0
32.3
0.0
7.9
68.3
0.0
0.0
20.3
0.3
10.9
0.0
0.0
0.0
19.8
1.8
38.1
5.1
0.0
0.0
0.0
0.0
0.0
0.0
0.0
0.0
0.0
0.8
17.5
27.7
7.6
0.0
0.0
0.0
2.8
0.0
0.0
2.8
0.0
0.0
0.0
0.0
0.0
0.0
0.0
0.0
3.0
0.0
0.0
1.3
7.9
4.3
0.0
0.0
0.0
0.0
0.0
0.0
0.0
0.0
0.0
0.0
0.5
14.0
0.0
0.0
0.0
2.5
0.0
0.0
7.1
2.5
0.0
0.0
0.0
0.0
4.1
3.6
0.0
0.0
0.0
0.0
0.0
0.0
16.8
0.0
0.0
0.0
0.0
0.0
3.0
0.0
0.0
0.0
0.0
0.0
0.0
0.0
0.0
0.0
9.1
0.0
0.0
0.0
15.2
15.7
0.0
0.0
0.0
7.4
13.2
0.0
0.0
0.0
0.0
0.0
10.7
0.0
0.0
0.0
0.0
0.0
1.6
3.3
0.0
0.0
0.0
0.0
0.8
0.0
0.0
0.0
0.0
0.0
0.0
1.0
0.0
7.4
0.0
0.0
0.0
0.0
0.0
0.0
0.0
13.7
8.4
0.0
0.0
0.0
0.0
0.0
0.0
3.0
10.7
0.8
0.0
0.0
2.0
5.6
0.0
0.0
25.4
0.0
0.0
0.0
0.0
0.0
0.0
0.0
0.0
0.0
0.0
0.0
0.0
0.0
0.0
0.0
0.0
0.0
11.9
0.0
2.0
0.0
0.0
1.3
0.0
0.0
0.0
0.0
0.0
0.0
0.0
0.0
0.0
4.1
0.0
0.0
0.3
0.0
0.0
2.8
10.4
0.0
0.0
0.0
0.0
0.0
10.2
0.0
0.0
0.0
0.0
4.3
0.0
0.0
0.0
0.0
0.0
0.0
0.0
38.6
0.0
0.0
0.0
0.0
3.6
1.0
0.5
0.8
0.0
17.5
21.3
0.0
0.0
0.0
6.6
15.2
21.3
0.8
0.0
0.0
1.3
0.8
0.0
0.0
5.1
15.2
6.3
0.0
0.0
0.0
0.0
0.0
0.0
0.0
0.0
0.0
0.0
17.0
0.5
3.0
23.6
25.7
0.0
0.0
17.5
12.2
5.6
0.0
0.0
0.8
0.0
12.2
0.0
0.0
0.0
0.0
0.0
0.0
0.0
5.8
12.7
22.9
0.0
0.5
4.1
1.0
0.5
27.2
0.5
0.0
0.0
0.0
0.0
0.0
0.0
0.0
0.0
0.0
0.0
0.0
0.0
0.0
0.0
0.0
0.0
5.1
1.5
0.0
0.0
31.0
0.0
1.0
0.0
0.0
0.0
9.7
0.0
0.0
0.5
0.0
0.0
23.1
0.3
0.0
0.8
0.0
19.0
0.0
0.0
0.0
0.0
0.0
1.8
8.9
2.5
0.0
0.0
0.0
0.0
0.0
7.1
1.8
7.9
0.0
6.9
8.1
0.0
0.0
7.6
0.8
0.0
0.0
0.0
0.0
0.8
0.0
16.3
0.0
0.0
1.8
0.0
0.0
0.0
1.8
0.0
0.0
0.0
0.0
0.0
1.5
0.0
0.0
0.0
3.0
88.9
0.5
0.0
0.0
0.0
0.0
0.0
27.7
0.0
0.0
0.0
0.0
0.0
0.0
0.0
0.0
0.0
0.0
0.0
0.0
0.0
0.0
0.0
0.0
0.0
0.0
0.0
0.0
33.8
0.0
0.0
0.0
0.0
0.0
0.0
0.0
0.0
0.0
0.0
0.0
0.0
0.0
0.0
0.0
1.3
4.3
5.6
10.9
0.0
6.1
29.2
1.0
1.0
0.0
2.5
1.5
0.0
0.0
0.0
0.0
0.0
0.0
36.1
9.1
1.8
0.0
0.0
0.0
0.0
0.0
0.0
0.0
3.8
1.5
0.0
2.3
5.6
0.0
0.0
0.0
0.0
0.0
0.0
2.3
0.0
8.6
6.1
0.0
7.6
101.6
0.0
0.0
0.0
0.0
0.0
0.0
0.0
0.0
0.0
0.0
2.8
0.0
0.0
0.0
0.0
0.8
0.0
0.0
0.0
0.0
0.0
0.0
0.0
0.0
0.0
0.0
0.0
0.0
1.0
0.0
0.0
0.0
0.0
0.3
1.5
4.3
0.0
0.0
0.0
0.5
5.1
0.0
0.0
0.0
0.0
0.0
0.0
0.0
0.0
1.8
0.0
1.0
1.0
4.6
0.0
0.0
1.8
0.5
0.3
0.0
0.0
0.0
0.0
7.9
0.8
0.0
0.0
0.0
0.0
0.0
0.0
0.0
0.0
0.0
0.0
0.0
1.3
1.0
3.3
0.0
0.0
0.0
0.0
4.6
0.0
0.0
0.0
0.0
1.0
0.0
2.0
13.2
42.4
59.2
1.0
1.8
3.3
2.8
0.0
0.0
3.3
10.9
11.2
0.0
0.0
0.0
4.3
1.3
0.0
0.0
0.0
0.0
0.0
0.0
0.0
0.0
0.0
6.9
0.0
0.0
0.0
0.0
0.0
0.0
20.3
15.7
0.0
16.5
2.5
1.0
0.0
0.0
0.0
5.6
2.8
6.9
0.0
0.0
0.0
0.0
2.3
0.0
0.0
0.0
0.0
16.0
16.0
3.6
0.0
0.0
0.0
0.0
0.0
0.0
0.0
4.8
0.0
0.0
0.0
0.0
0.0
0.0
0.0
0.0
7.4
4.3
0.0
0.0
0.0
0.0
0.0
7.4
0.0
0.0
0.0
0.0
1.0
6.9
0.0
0.0
6.3
0.0
0.5
1.8
0.0
0.0
0.0
5.8
0.0
0.0
0.0
16.5
12.2
0.0
0.0
1.3
0.0
0.0
0.0
0.0
1.3
0.0
14.5
64.8
0.8
1.8
0.0
5.6
0.0
0.0
0.0
0.0
22.9
14.5
4.6
49.8
1.3
0.0
1.0
0.5
0.0
0.0
0.0
0.0
9.4
0.0
0.0
0.0
20.3
0.0
0.0
0.0
0.0
2.0
0.0
0.0
0.0
23.4
0.0
3.6
0.0
0.0
0.0
2.0
3.0
1.3
0.0
0.0
0.0
0.0
0.0
0.0
14.7
1.3
0.0
0.0
1.3
0.0
0.0
0.0
61.5
0.0
0.0
0.0
0.0
0.0
0.0
0.0
0.8
0.0
14.5
0.5
0.8
0.0
22.9
1.3
0.0
0.0
5.8
0.0
0.0
0.0
3.6
0.8
0.0
6.6
0.0
0.0
0.0
0.0
1.5
15.5
27.9
6.9
0.8
0.0
0.0
0.0
0.0
0.0
0.0
0.0
0.0
0.0
0.0
2.0
0.0
0.0
0.0
5.1
15.5
0.0
0.0
0.0
0.0
0.0
0.0
0.0
0.0
24.1
7.6
30.7
9.7
0.0
0.0
4.1
0.0
5.1
0.0
1.8
0.0
0.0
0.0
0.0
0.0
0.0
0.0
0.0
0.0
0.0
1.3
4.2
2.5
1.0
0.0
11.7
7.9
15.0
0.0
0.0
8.6
4.3
0.0
0.0
3.8
0.0
0.0
0.0
0.8
0.0
5.6
0.0
0.0
1.3
0.0
0.0
0.0
0.0
0.0
10.2
0.0
22.6
0.0
0.0
0.0
0.0
20.3
2.5
0.0
0.0
0.0
0.0
0.0
0.0
0.0
0.0
0.0
0.0
0.0
9.7
0.0
0.0
0.0
0.0
0.0
0.0
0.0
0.0
0.0
0.0
0.0
0.0
2.8
12.7
0.0
0.0
12.7
