20000101
0.0
0.0
0.0
6.8
0.0
0.0
0.0
0.0
2.0
0.3
0.0
0.0
0.0
0.0
0.0
0.0
0.0
0.0
0.0
3.3
0.0
0.0
1.8
0.0
0.0
0.0
0.0
0.0
0.0
7.8
0.4
0.0
0.0
0.0
0.0
0.0
0.0
0.0
0.0
0.0
1.5
0.0
0.0
0.0
0.9
0.0
0.0
0.0
30.0
0.9
0.0
0.0
0.0
0.0
2.0
0.0
1.0
3.7
0.0
0.0
3.2
0.0
0.0
1.1
0.0
0.0
0.0
0.0
0.0
0.0
2.9
4.3
0.0
0.0
0.6
8.5
0.0
0.0
10.4
13.2
2.2
0.0
0.0
0.0
0.4
0.0
11.3
0.0
0.0
0.0
0.0
0.0
1.6
0.0
0.0
0.0
0.0
1.1
5.5
0.0
0.0
2.2
0.0
0.0
0.0
0.0
0.0
12.6
0.0
1.3
3.6
7.8
0.0
0.0
14.4
0.2
0.0
0.0
0.7
0.7
0.0
0.0
1.4
0.0
0.0
0.0
0.0
2.5
0.0
7.3
2.0
0.0
0.0
3.5
0.0
0.0
0.0
0.0
5.8
0.0
0.0
0.0
0.6
5.8
0.0
0.0
0.0
30.3
4.6
0.4
0.0
0.0
0.0
0.0
0.0
0.0
7.0
0.0
0.0
0.0
0.0
0.0
1.2
26.6
4.9
2.3
1.7
0.0
1.7
0.0
0.0
1.2
73.7
0.0
0.0
24.0
18.8
18.3
0.9
0.0
0.0
0.0
0.0
0.0
2.6
0.0
26.5
13.5
0.0
0.0
0.0
0.0
20.0
0.5
0.0
0.0
0.0
0.0
0.0
0.0
18.7
0.0
0.0
0.0
0.0
0.0
0.0
0.0
0.4
2.0
2.1
0.8
6.0
5.0
0.0
5.2
0.0
0.9
32.6
1.3
4.4
6.4
0.0
0.0
0.0
0.0
0.0
0.0
0.0
0.0
18.5
0.0
0.1
0.0
0.8
12.8
10.3
0.0
0.0
2.3
0.0
0.5
0.0
0.0
0.0
0.0
0.0
0.0
0.0
0.0
0.0
0.0
0.0
0.0
6.5
16.4
0.0
0.0
6.4
0.0
0.0
0.0
0.0
0.0
6.3
3.8
0.3
20.0
12.2
10.4
0.0
0.0
0.0
0.0
0.0
0.0
0.0
3.0
39.2
6.7
0.0
0.0
0.0
0.0
0.0
0.0
0.0
0.7
21.5
0.1
2.3
0.0
0.0
0.0
0.0
0.0
1.3
3.0
0.0
0.0
0.0
0.0
0.0
0.0
0.0
0.0
4.2
0.4
0.0
0.0
0.9
32.4
0.0
11.6
13.6
0.0
0.0
9.8
0.0
0.0
0.0
0.0
0.0
0.0
0.0
0.0
0.0
0.0
0.0
2.8
7.9
0.0
0.0
0.5
0.0
0.0
1.5
0.0
0.0
0.0
0.0
0.0
0.0
0.0
0.0
8.0
6.5
0.0
11.6
0.0
3.7
1.5
0.0
1.6
0.0
0.7
0.0
0.0
0.0
0.0
0.0
0.1
0.0
3.1
2.4
0.0
0.5
0.0
0.0
0.0
0.0
0.0
0.0
0.0
0.0
0.0
0.0
4.7
0.0
2.7
0.0
0.0
0.0
0.0
0.0
0.0
0.0
0.0
0.0
0.0
0.0
1.6
3.2
0.0
26.2
17.8
1.0
0.6
0.0
0.0
0.0
0.3
0.0
0.0
0.0
2.2
7.9
0.0
0.0
0.0
10.4
2.0
0.7
0.0
0.0
0.0
0.0
0.0
6.9
0.0
16.5
41.0
0.0
0.0
0.4
0.0
0.3
0.0
0.0
0.0
0.0
0.0
0.0
0.0
0.0
0.0
1.5
0.7
0.0
4.3
19.3
4.7
0.0
0.0
0.0
0.0
0.0
0.0
0.0
0.0
0.0
0.0
0.0
0.0
0.0
0.0
2.9
0.5
1.3
0.0
0.0
4.3
0.0
0.0
1.5
6.3
23.1
4.1
0.0
0.0
1.4
0.9
0.0
0.0
0.0
3.4
3.6
1.5
0.0
4.3
1.2
4.0
0.0
0.4
0.6
0.0
0.0
0.0
0.0
0.0
4.6
1.4
9.2
0.0
0.0
0.0
5.3
0.0
0.0
2.4
2.2
0.0
1.2
18.3
1.1
0.0
5.9
0.8
1.4
1.7
0.0
4.6
9.6
0.0
0.7
0.0
14.3
9.5
8.8
0.0
24.0
6.4
47.9
0.0
0.0
0.0
0.0
0.0
0.0
0.0
0.0
5.4
0.0
0.0
0.0
0.0
0.1
7.1
1.7
0.0
0.0
0.0
0.0
0.0
2.3
0.0
0.0
0.0
2.1
0.0
2.0
5.2
0.0
0.0
0.0
0.0
0.0
0.0
0.0
0.0
0.0
0.0
0.0
0.0
11.6
8.1
4.7
0.0
0.0
0.0
8.5
0.0
7.3
0.0
0.0
0.0
0.0
0.0
0.0
0.0
14.9
0.0
0.0
0.0
0.0
0.0
0.0
1.3
0.0
0.0
0.0
0.0
0.0
7.0
0.0
0.0
10.9
0.0
0.0
0.0
47.7
3.7
0.9
2.1
0.0
0.0
0.0
0.0
10.8
0.0
0.0
0.0
0.0
0.0
0.0
12.9
2.3
13.8
4.0
0.0
0.0
0.0
0.0
0.0
0.0
0.0
4.5
20.3
0.8
9.9
0.0
1.7
0.9
0.0
0.0
0.0
0.0
0.0
0.0
0.0
0.0
0.0
0.0
18.1
8.3
0.0
0.0
0.0
13.1
6.3
27.9
0.0
22.0
1.4
17.9
0.0
0.0
0.0
0.0
0.0
0.0
8.1
0.0
14.7
0.0
0.0
0.0
0.0
0.0
0.0
0.0
4.4
0.0
0.0
0.0
0.0
0.0
0.0
0.0
0.0
0.0
0.0
0.0
0.0
0.0
0.0
0.0
0.0
2.9
0.0
0.0
0.0
0.0
24.6
2.9
0.0
1.3
3.1
7.0
11.7
0.0
0.0
0.0
0.0
0.0
2.1
0.0
0.0
0.0
0.0
0.0
2.0
12.2
7.4
2.7
4.6
15.7
1.6
0.0
0.0
0.0
0.0
6.1
0.3
0.0
0.0
0.0
0.0
0.0
0.0
0.0
0.0
0.0
0.0
0.0
0.0
0.8
0.0
0.0
0.0
0.0
0.0
0.0
0.0
0.0
0.0
0.0
0.0
0.0
1.5
0.0
0.0
0.0
0.0
1.7
0.0
0.0
0.0
0.0
0.0
14.9
45.4
6.4
0.0
0.0
0.0
0.0
0.0
0.0
0.0
0.0
2.5
3.8
0.0
0.0
0.0
0.0
0.0
0.0
0.0
5.1
27.3
2.0
0.0
0.0
0.0
0.0
8.9
0.9
0.0
0.0
8.8
8.5
0.0
0.0
0.0
0.0
0.0
16.5
1.0
0.0
0.0
0.0
0.0
2.8
1.2
0.8
0.0
1.0
3.9
0.0
0.0
0.0
0.0
12.4
2.7
0.4
0.0
0.0
0.6
0.0
0.0
0.6
0.0
0.0
0.0
0.0
0.0
7.1
17.9
0.0
0.0
0.0
0.4
0.0
0.0
0.0
0.0
0.0
0.0
21.7
27.1
15.3
0.0
6.3
28.3
0.0
0.2
52.3
0.0
0.0
0.1
7.2
0.0
0.0
0.0
12.3
38.0
1.9
19.6
0.0
9.7
71.3
24.2
0.1
0.0
1.4
14.0
9.9
0.0
0.0
0.0
0.0
0.0
5.2
1.0
0.0
0.0
6.0
1.4
0.0
0.0
13.4
0.0
0.0
0.0
7.2
5.0
0.0
0.0
0.0
1.5
0.9
56.3
44.6
1.7
0.4
8.2
0.0
0.0
0.0
0.0
0.0
0.0
0.0
0.0
0.8
0.6
0.0
0.0
0.0
0.0
0.0
0.0
0.0
0.0
0.0
0.0
0.0
0.0
0.0
0.3
0.0
6.3
0.9
0.0
0.0
0.0
0.0
0.0
0.3
0.0
0.0
0.0
12.4
0.0
0.0
11.8
27.7
0.0
1.4
0.0
0.0
0.0
0.0
0.0
0.0
0.0
2.2
0.0
0.0
0.0
0.0
0.0
6.1
0.0
13.1
10.3
2.0
15.4
2.3
25.3
2.6
0.0
0.0
23.9
10.3
0.0
0.0
0.0
0.0
0.0
0.0
0.0
0.0
0.0
0.0
0.0
0.0
0.0
0.0
0.0
0.0
0.0
0.0
0.0
0.0
0.0
4.6
11.5
0.0
4.6
0.0
15.4
3.9
0.0
0.0
0.0
0.0
0.0
0.0
0.0
0.0
0.0
0.0
0.0
6.1
0.9
8.2
0.0
3.1
0.0
0.0
0.0
0.0
0.0
2.6
0.0
0.0
0.0
0.0
0.0
26.9
0.0
0.0
0.0
0.0
1.3
7.6
5.5
0.0
0.0
12.5
4.3
3.0
0.0
0.0
0.0
1.5
2.5
5.7
0.0
0.0
0.0
0.2
0.0
0.0
0.0
0.0
3.0
0.0
0.0
0.0
0.5
0.0
0.0
2.5
0.0
0.0
0.0
0.0
0.0
0.0
0.0
0.0
0.0
0.0
0.0
0.0
0.0
0.0
0.0
0.0
0.0
0.0
0.0
0.0
0.0
0.0
0.0
0.0
0.0
9.1
14.7
0.0
0.0
0.4
0.0
0.0
8.8
0.0
0.0
0.0
0.0
0.0
0.0
0.0
2.5
2.0
0.0
0.8
0.0
0.0
0.0
0.0
0.0
0.0
0.0
0.0
0.0
0.0
2.6
0.7
0.0
0.0
0.0
0.0
0.0
0.0
0.0
0.0
0.9
0.0
0.0
2.8
0.0
0.0
9.7
0.0
0.0
0.6
0.0
0.0
0.0
0.0
0.0
1.2
3.1
0.0
0.0
0.0
17.7
15.5
0.0
0.0
0.0
0.0
0.0
0.0
0.4
3.0
0.0
0.0
0.0
0.6
0.0
0.4
0.0
0.0
2.0
0.0
0.0
0.0
0.3
0.0
0.0
0.0
19.7
0.0
0.0
0.0
0.0
0.0
2.6
15.2
6.9
0.0
0.0
0.0
3.2
0.0
0.0
0.0
8.1
0.0
0.0
0.0
0.0
0.0
0.7
4.7
0.0
15.1
0.0
0.0
0.0
0.0
0.0
0.0
0.0
0.0
0.0
10.8
0.0
0.0
4.4
0.0
0.0
0.0
0.0
29.6
5.8
0.0
0.0
3.7
0.0
7.8
0.0
0.0
0.0
16.3
0.0
2.6
0.0
13.3
15.8
41.1
0.0
0.0
0.1
1.2
0.0
3.2
0.7
0.1
3.0
0.0
0.0
0.0
0.0
12.1
0.0
0.0
0.0
2.7
0.0
0.9
0.0
0.0
11.0
0.6
0.0
0.0
10.3
0.0
0.0
7.0
1.8
26.7
0.7
11.4
0.0
0.0
0.0
0.0
1.4
0.0
0.0
0.0
0.0
0.0
0.0
28.6
0.2
0.0
0.0
7.7
0.0
0.0
0.0
0.0
0.0
0.0
0.0
0.0
12.4
25.1
0.0
0.0
0.0
0.0
0.0
0.0
0.0
10.7
7.7
0.0
9.3
0.0
0.0
0.0
0.0
0.0
0.0
8.5
17.4
0.0
0.0
0.0
0.0
1.8
1.7
0.0
0.5
0.4
0.1
0.0
0.0
0.0
0.0
0.0
2.7
0.0
0.0
0.0
0.0
0.0
0.0
0.0
0.0
0.0
0.0
0.0
0.0
0.0
0.0
0.0
9.4
3.6
111.7
17.0
0.0
0.0
0.0
0.0
0.0
0.0
0.0
0.0
0.0
0.0
4.3
1.1
0.0
0.0
0.0
0.0
0.0
0.0
0.0
0.3
1.1
0.0
0.0
0.0
21.7
0.0
0.0
0.0
0.0
0.0
0.0
0.1
0.0
0.0
0.0
0.0
0.0
23.2
0.0
0.4
0.0
36.3
0.0
0.0
0.0
0.0
0.0
0.0
0.0
0.0
0.0
0.0
1.9
2.7
0.0
1.7
0.0
0.0
0.0
0.0
5.2
0.0
0.0
7.9
3.2
0.0
0.0
0.0
0.0
0.8
2.7
0.0
0.0
0.6
0.0
0.0
58.2
3.4
0.0
0.0
0.0
0.0
12.0
0.0
0.0
0.0
0.0
0.0
0.0
0.0
0.0
0.0
0.9
3.1
1.5
0.0
0.0
0.0
2.1
0.0
0.0
0.0
2.5
0.0
1.6
0.0
1.0
0.0
0.0
0.0
0.0
20.6
0.0
0.0
0.0
0.0
0.9
1.4
0.0
0.0
0.0
0.0
0.0
15.8
11.1
0.0
0.0
0.0
0.0
0.0
0.0
0.0
0.0
0.0
0.0
0.0
3.3
8.5
0.5
0.0
0.0
0.0
0.0
0.0
0.0
3.6
1.8
0.0
0.0
1.9
0.5
0.0
0.5
6.9
0.0
0.0
2.2
1.3
0.3
0.0
0.0
0.0
0.0
0.0
0.0
0.0
0.0
0.0
0.0
0.0
0.7
0.0
0.0
0.0
0.0
0.0
0.0
0.0
0.0
0.0
0.5
0.0
0.0
3.1
31.1
0.0
0.0
0.0
0.0
0.0
0.0
0.0
0.0
2.7
0.0
2.7
3.0
0.0
0.0
0.4
0.0
0.0
0.1
1.1
0.9
16.6
21.2
0.0
14.2
2.2
0.1
0.0
0.0
0.0
0.0
0.0
0.0
0.0
0.0
0.0
0.0
0.0
0.0
0.0
0.0
0.0
0.0
0.0
0.0
0.0
0.0
6.8
0.0
13.5
0.0
15.3
0.0
0.0
0.0
0.0
2.5
8.1
7.4
12.1
0.0
2.4
0.0
0.0
0.0
0.0
0.0
8.6
1.3
3.3
18.4
12.1
0.0
0.0
0.0
6.7
0.0
0.0
0.0
0.4
12.7
21.3
0.0
2.2
2.5
0.0
0.0
9.8
4.9
0.0
0.0
0.0
0.0
0.0
0.0
0.0
0.0
4.8
18.2
0.0
5.4
0.0
0.0
20.4
0.0
0.0
0.0
0.0
0.0
0.4
0.0
0.0
4.6
4.0
0.0
0.8
0.0
0.0
0.0
0.0
14.2
8.1
1.2
8.0
15.1
0.0
5.5
9.2
3.3
2.1
0.0
0.0
0.0
0.0
0.0
0.0
0.0
0.0
0.0
0.0
0.1
0.0
0.3
0.0
0.0
0.0
0.0
12.0
5.2
0.0
0.0
0.0
0.6
0.8
0.0
0.0
0.0
0.0
0.7
0.0
0.0
0.0
0.0
0.0
0.0
0.0
11.6
0.0
7.0
11.8
0.0
0.0
2.3
7.1
22.6
0.3
12.5
2.9
0.0
0.0
0.0
0.0
0.0
0.0
0.0
0.0
0.0
0.0
0.0
0.0
0.0
0.0
0.0
0.0
1.4
6.4
0.0
0.0
0.0
0.0
0.0
0.0
0.0
0.0
0.0
0.0
0.0
0.0
0.0
0.0
0.0
1.5
0.0
0.0
0.0
0.0
0.0
1.2
7.8
0.0
0.0
0.0
23.3
0.8
15.6
0.3
0.0
21.7
30.9
0.0
0.0
0.0
1.4
1.5
0.0
0.0
22.4
0.1
0.6
5.9
0.0
13.5
19.9
0.0
14.3
0.0
0.0
0.0
0.0
0.0
0.0
1.4
2.5
0.0
0.0
0.0
0.4
1.0
0.5
8.4
0.0
0.0
1.5
0.0
6.3
23.4
0.0
2.8
8.1
1.1
6.4
12.3
0.0
0.0
0.0
0.0
6.9
16.5
3.7
0.0
0.1
3.4
0.0
0.0
0.0
0.0
0.0
0.0
0.0
0.0
0.0
0.0
0.0
0.0
0.0
0.0
0.0
0.0
0.0
0.0
0.0
0.0
1.2
2.8
19.1
20.0
25.5
20.4
0.0
4.2
0.0
0.0
1.6
21.5
45.9
5.7
0.0
0.9
0.0
0.0
0.0
0.0
0.0
0.0
0.2
0.0
0.0
0.0
0.0
0.0
2.0
6.2
0.0
0.0
0.0
0.0
0.0
0.0
0.0
5.3
6.7
1.5
1.3
0.0
0.0
7.4
9.0
0.0
2.0
0.0
0.0
0.0
1.9
0.6
0.0
0.0
0.0
0.0
0.0
0.0
1.5
0.3
0.0
0.0
0.1
0.0
0.0
0.6
0.0
0.0
0.0
0.0
0.0
0.0
0.0
0.0
0.0
0.0
0.0
0.0
0.0
0.0
0.0
16.2
1.8
6.4
5.2
0.0
0.0
0.0
0.0
0.3
0.0
0.0
0.0
0.0
0.0
0.0
1.9
0.5
0.0
0.0
0.0
14.2
12.0
0.0
0.0
0.0
0.0
0.0
0.0
0.0
0.0
7.3
0.9
0.5
0.0
1.8
0.7
0.0
0.5
0.7
0.0
0.0
0.0
0.0
0.0
0.0
0.0
0.0
6.6
2.8
0.0
22.0
0.0
0.4
0.0
0.0
0.0
0.0
24.4
11.2
0.0
0.0
0.0
0.0
0.0
0.0
0.0
0.4
0.0
2.9
0.0
0.0
0.0
0.0
0.0
0.0
0.0
0.0
0.0
4.6
0.0
0.1
0.0
0.0
31.9
0.0
0.0
0.0
0.0
0.0
0.0
0.0
0.0
0.0
0.0
0.0
0.1
0.0
0.0
1.8
0.0
0.0
0.0
0.0
0.0
13.9
0.0
0.0
0.0
0.0
0.0
0.0
8.2
6.3
0.1
3.8
2.6
0.0
0.0
32.2
0.0
0.0
0.0
0.0
0.0
0.0
0.0
3.6
0.0
0.0
0.0
0.0
0.0
0.0
0.0
0.0
20.9
0.4
0.0
0.0
0.0
0.0
0.3
11.7
17.8
11.3
6.6
2.3
0.0
0.0
29.6
0.0
0.0
0.0
0.0
0.0
0.0
5.0
1.3
0.0
0.0
0.0
0.0
0.0
0.0
0.0
0.0
0.0
0.0
0.0
0.0
2.1
0.0
0.0
0.0
0.0
15.0
0.0
11.2
0.0
0.0
4.8
19.9
0.0
0.0
0.0
22.1
5.7
11.8
0.0
0.0
14.6
0.0
0.0
0.0
0.0
0.0
0.0
0.0
0.0
0.0
0.0
0.0
0.0
0.0
0.0
0.0
0.0
0.0
0.0
0.0
0.0
16.6
25.2
0.0
0.0
2.0
0.0
0.0
0.0
0.0
0.0
0.0
0.0
27.1
0.0
0.0
0.0
0.0
17.1
0.0
0.0
0.0
0.0
0.0
0.0
3.9
0.0
12.9
9.1
0.0
0.0
0.0
0.0
0.0
0.0
0.0
0.0
0.0
0.0
4.0
32.4
0.0
0.0
2.9
0.8
0.0
1.7
0.0
1.9
0.0
0.0
6.7
0.0
0.0
2.6
0.0
5.6
1.0
0.0
0.0
0.4
0.4
0.0
0.0
0.0
0.0
0.0
9.9
0.3
0.0
1.4
0.7
0.0
3.7
0.0
0.0
4.2
0.0
0.0
0.0
0.0
0.0
0.0
0.0
1.0
0.0
2.1
3.7
0.0
0.0
0.2
0.0
0.0
0.0
5.0
0.0
0.0
0.0
0.0
0.0
0.0
0.0
15.5
0.0
0.0
0.0
0.0
0.0
0.0
0.0
0.0
0.0
0.0
0.0
0.0
2.5
2.2
0.0
0.0
0.0
3.9
2.7
0.0
0.0
0.0
0.0
0.0
0.0
0.0
0.0
0.0
0.0
0.0
0.0
0.0
0.0
0.0
1.2
1.1
0.0
1.8
9.4
8.0
0.0
31.1
11.5
0.0
0.0
0.0
0.0
0.0
0.0
0.0
1.3
1.9
0.0
0.0
0.0
0.0
0.0
3.8
0.0
0.0
6.6
0.0
0.0
14.0
0.0
0.0
20.1
16.0
2.8
0.0
0.0
0.0
0.0
0.0
0.0
0.0
0.0
1.3
0.0
4.7
0.0
0.0
0.0
0.0
0.0
3.8
0.8
0.0
0.0
1.2
10.3
11.4
5.8
0.0
3.9
0.0
0.0
0.0
0.0
0.0
0.0
4.2
0.0
0.5
0.7
3.0
3.8
1.1
0.0
0.0
0.0
0.0
0.0
0.0
0.0
13.4
0.0
0.0
0.0
0.0
0.0
2.8
13.9
22.0
0.0
0.0
0.0
0.0
4.5
0.0
0.0
0.0
1.0
1.4
0.0
0.0
0.0
0.0
0.0
1.2
12.3
0.0
0.0
0.0
0.3
0.0
0.0
4.9
15.3
0.0
0.0
0.0
1.8
0.0
0.0
11.6
2.5
0.0
0.0
0.0
0.0
0.5
8.4
10.2
12.6
0.0
0.0
0.0
0.0
2.4
0.0
27.0
1.0
5.6
0.0
0.0
0.0
0.0
11.0
0.6
0.0
0.0
0.0
0.0
0.0
0.0
0.0
0.0
0.0
0.0
29.7
9.6
11.1
2.8
0.3
0.0
0.0
0.0
0.0
0.0
0.0
4.0
2.5
0.0
0.0
0.0
0.0
0.0
0.0
5.1
3.8
1.5
0.0
0.0
0.0
0.0
0.0
0.1
0.2
0.0
0.0
0.0
0.0
0.0
0.0
34.9
0.8
0.0
0.0
0.0
0.0
8.3
0.0
0.0
0.0
0.0
4.7
0.0
0.0
0.0
0.0
0.0
0.0
0.2
0.0
0.0
0.0
0.0
0.0
0.0
0.0
0.0
0.0
0.0
8.9
0.7
0.0
0.0
0.0
0.0
41.4
0.0
0.5
0.0
0.0
5.9
0.0
0.0
0.0
12.3
3.9
3.8
0.0
0.0
0.0
0.0
0.0
0.0
0.0
0.0
0.1
1.8
0.0
0.0
0.0
12.9
0.0
0.1
0.0
6.8
19.6
0.0
0.0
0.0
0.0
0.0
0.0
0.0
0.0
0.0
0.0
0.0
0.0
0.0
30.3
21.7
3.3
0.0
0.0
0.0
0.2
1.1
0.0
0.0
0.0
13.7
2.8
0.0
0.0
0.0
0.0
0.0
0.8
0.0
0.0
24.3
2.0
0.0
0.0
0.0
0.0
0.0
0.0
0.0
0.0
18.9
2.7
0.0
0.0
0.0
12.5
1.8
0.0
0.0
0.3
0.0
0.0
0.0
18.1
7.1
22.7
0.0
0.0
0.0
0.0
0.0
5.8
0.0
0.0
2.3
0.0
0.0
0.0
0.0
0.0
0.0
0.0
0.0
0.0
0.0
0.0
0.0
0.0
1.5
0.0
0.0
0.0
0.0
0.0
2.3
13.4
0.0
0.0
8.4
0.0
0.0
0.0
0.0
0.0
0.0
0.0
23.6
0.0
0.0
0.0
6.3
6.9
0.0
0.0
0.0
0.0
0.0
0.0
0.0
2.8
0.0
0.0
0.0
0.0
1.3
0.0
0.0
0.0
3.6
3.3
0.0
1.5
4.6
6.6
0.0
0.0
0.0
0.0
0.0
0.0
4.4
10.9
0.0
0.0
11.7
0.0
0.0
0.0
0.0
0.0
0.0
14.7
1.3
0.0
2.5
5.8
0.0
0.0
0.0
0.0
0.0
0.0
0.0
0.0
0.0
15.0
16.0
6.3
0.0
0.0
0.0
0.0
0.0
5.8
9.4
0.5
0.0
0.0
0.0
0.3
0.0
0.0
0.0
0.0
0.0
0.0
13.5
0.0
0.0
0.0
0.0
0.0
0.0
0.0
0.0
12.4
2.3
12.7
1.0
0.3
0.0
0.0
34.8
0.3
7.9
3.3
0.8
0.0
0.0
0.8
0.0
0.0
0.0
0.0
0.0
0.0
0.0
0.0
0.0
0.0
7.4
0.0
0.0
24.9
3.0
5.8
0.0
0.0
0.8
2.5
19.0
0.0
0.0
0.0
0.0
0.0
22.6
0.0
0.0
0.0
0.0
0.0
2.3
0.0
0.0
0.0
9.9
0.0
0.3
33.3
0.0
0.0
0.0
0.0
0.0
0.0
0.0
0.0
0.0
1.0
0.0
0.0
0.0
0.0
0.0
0.0
0.0
0.0
0.0
2.0
0.0
0.0
0.0
0.0
0.0
1.8
0.0
0.0
0.0
6.3
0.0
1.0
5.3
1.3
0.0
0.0
0.0
0.0
0.0
0.0
0.0
0.0
0.0
0.0
0.0
0.0
0.0
0.0
0.0
0.0
1.3
2.3
0.0
0.0
4.6
0.0
0.0
0.0
0.0
0.3
0.0
0.0
0.0
0.0
0.0
0.0
0.0
0.0
0.0
0.8
0.0
0.0
0.0
0.0
1.3
0.0
21.1
0.0
0.0
0.0
0.0
0.0
2.0
0.0
0.0
0.0
0.0
0.5
0.0
7.1
0.0
20.8
1.0
0.0
0.0
0.0
4.3
0.0
0.0
1.5
9.1
0.0
0.0
0.0
0.0
0.0
0.0
0.0
0.0
0.0
0.0
0.0
0.0
0.0
0.0
0.0
0.0
16.8
0.0
0.0
0.0
0.0
0.0
0.0
0.3
15.7
31.8
0.0
0.0
0.0
5.1
0.0
0.0
0.0
0.0
0.0
1.8
10.7
0.0
0.0
0.0
5.1
2.5
16.5
5.1
3.8
8.1
0.0
0.0
3.2
7.8
0.0
0.0
0.0
0.0
0.5
0.0
3.8
0.0
0.0
0.0
2.8
2.8
0.0
0.0
0.0
0.0
0.8
0.0
0.0
3.6
0.0
0.0
61.0
1.8
0.0
0.0
0.0
0.0
0.0
0.0
0.0
0.0
0.0
0.0
0.0
0.0
0.0
0.0
1.0
0.0
0.0
0.0
0.0
0.0
1.3
0.0
20.6
0.0
0.0
10.2
23.9
42.9
0.0
0.0
0.0
0.0
0.0
0.0
0.0
0.0
0.0
0.0
25.7
2.3
0.0
0.0
0.0
2.3
4.3
0.0
0.0
0.0
0.0
0.0
6.3
0.0
0.0
8.4
0.0
9.9
0.0
0.0
0.0
0.0
0.0
0.0
0.0
0.0
4.3
0.3
0.0
0.0
22.1
19.6
0.0
0.0
0.0
0.0
0.0
0.0
0.0
1.5
19.3
0.0
3.0
3.0
10.7
0.0
0.0
2.8
0.0
0.0
0.0
0.0
6.3
17.0
13.7
1.3
2.0
0.5
0.0
0.0
0.0
0.0
19.3
0.0
0.0
0.0
0.0
0.0
0.5
22.4
0.0
1.5
2.5
0.0
0.0
1.3
4.8
0.0
0.0
0.0
0.0
17.5
4.6
0.8
30.0
5.3
0.0
0.0
0.0
15.5
0.0
0.0
0.0
4.8
0.0
0.0
1.0
10.9
0.0
8.6
0.8
0.0
0.0
0.0
36.8
0.0
0.0
43.2
32.0
0.0
0.0
53.1
19.0
5.1
0.5
0.0
0.0
0.0
2.5
0.0
0.0
0.0
0.0
0.0
2.3
0.0
0.0
0.5
0.0
1.3
5.1
0.3
4.8
0.0
4.3
0.0
0.0
13.0
5.6
0.0
0.0
0.0
0.0
29.0
0.0
0.0
26.4
6.3
0.0
0.0
0.0
0.0
0.0
2.3
1.0
0.0
22.6
0.0
0.0
2.8
0.0
0.0
11.9
0.0
7.1
2.8
0.0
0.0
0.0
1.3
0.0
12.7
0.0
0.0
0.0
0.0
0.0
0.0
0.0
0.0
0.0
0.0
0.0
0.0
0.0
0.0
1.0
27.2
0.0
1.0
0.0
0.0
0.0
0.0
0.0
0.0
0.0
0.0
0.0
0.0
0.0
57.9
0.0
6.1
1.5
9.1
0.0
0.0
13.5
18.0
28.7
53.1
0.0
0.0
0.0
0.0
0.0
0.0
0.0
0.0
0.0
0.0
0.0
0.0
0.0
0.0
8.4
0.0
0.0
0.0
0.0
0.0
0.0
0.0
4.6
0.0
0.0
0.0
0.0
0.0
0.0
0.0
7.6
0.0
0.5
0.0
0.0
0.0
0.0
0.0
26.2
0.0
0.0
0.0
0.0
0.0
0.0
0.0
0.0
0.0
0.0
0.0
0.0
0.8
0.0
0.0
0.0
0.0
5.6
5.6
0.0
1.8
2.8
0.0
0.0
0.0
0.0
0.0
0.0
0.0
0.0
1.0
0.0
0.0
0.0
0.0
0.0
0.0
10.4
0.0
0.0
0.5
0.0
0.0
0.0
0.0
13.7
2.0
0.0
0.0
0.0
0.0
9.1
0.0
3.6
0.0
30.0
0.0
0.0
0.0
0.0
21.8
4.1
0.0
0.0
41.4
0.0
0.0
0.0
0.0
0.0
0.0
0.0
0.0
0.0
0.0
0.8
0.0
4.1
0.0
0.0
0.0
1.0
0.0
0.0
0.0
0.0
1.5
0.0
0.0
0.0
0.0
0.0
0.0
1.5
0.0
5.6
0.0
0.0
0.0
0.0
0.0
0.0
0.0
0.0
0.0
0.0
0.0
0.0
0.8
19.6
8.6
0.0
0.0
0.0
0.0
0.0
0.5
0.0
0.0
0.0
0.0
0.0
0.0
0.0
0.0
14.7
0.0
0.0
0.0
0.0
0.0
0.0
0.0
0.0
2.5
3.3
8.4
5.3
0.0
0.0
0.0
0.0
5.8
0.0
0.0
0.0
0.0
0.0
0.0
5.1
0.0
14.7
0.0
0.0
0.0
37.1
0.0
3.8
3.8
0.0
13.7
0.0
0.5
9.4
0.0
0.0
0.0
22.9
0.0
0.0
14.0
0.8
0.0
0.0
0.0
0.0
7.6
15.7
0.0
0.0
0.0
0.0
0.0
0.0
0.0
34.3
0.0
31.5
0.0
10.7
0.0
0.0
0.0
0.0
0.0
26.4
0.0
0.0
0.5
0.0
2.8
41.9
0.0
38.4
0.0
0.0
0.0
0.0
0.0
0.0
0.0
0.0
15.2
10.2
8.6
3.6
0.0
0.0
0.0
0.0
0.0
0.5
0.0
0.0
0.0
0.0
0.0
0.0
5.1
28.4
0.0
0.0
0.0
0.0
7.1
2.0
0.0
1.3
13.5
0.0
0.0
0.0
0.0
0.0
0.0
0.0
38.4
0.0
0.0
0.0
0.0
0.0
5.1
16.0
0.0
0.0
0.0
0.0
0.0
0.0
0.0
0.0
0.0
21.1
0.0
0.0
0.0
0.0
0.0
0.0
0.0
0.0
0.0
26.2
0.0
0.0
0.0
30.5
0.0
0.0
0.0
2.5
0.0
0.0
14.7
0.0
0.0
0.0
0.0
0.0
0.0
0.0
0.0
0.0
0.0
0.0
16.5
16.8
0.0
17.5
0.0
0.0
0.0
0.0
0.0
0.0
0.0
0.0
0.0
0.0
0.0
0.0
0.0
0.0
0.0
0.0
28.2
5.1
0.0
0.0
0.0
0.0
0.0
0.0
0.0
0.0
0.0
0.0
0.0
0.0
0.0
15.7
1.5
0.0
0.0
1.3
0.8
0.0
0.0
0.0
0.0
0.0
12.4
0.0
0.0
0.0
14.0
0.0
19.8
39.6
5.8
0.0
0.0
0.0
24.1
2.5
0.0
0.0
0.0
0.0
0.0
0.0
0.0
54.6
0.8
0.0
4.3
4.3
10.9
17.5
46.5
16.8
0.0
0.0
0.0
0.0
0.0
0.0
0.0
0.0
0.0
0.0
0.0
0.0
0.0
0.0
0.0
41.7
30.5
3.3
7.9
0.0
0.0
0.0
0.0
0.0
11.9
0.0
0.0
0.0
0.0
0.0
0.0
0.0
0.0
0.0
0.0
0.0
0.8
0.0
0.0
0.0
0.0
0.0
0.0
0.0
0.0
0.0
0.0
0.0
0.0
0.0
0.0
0.0
10.4
33.8
34.0
0.0
4.6
0.0
0.0
0.0
2.5
0.0
0.0
0.0
0.0
0.0
0.0
6.6
0.0
0.0
0.0
0.0
0.0
0.0
0.0
0.0
0.0
0.0
0.0
0.0
0.0
1.5
8.6
0.0
13.7
0.0
0.0
0.0
3.6
0.0
0.0
0.0
0.0
0.0
0.0
0.0
7.6
4.1
0.0
0.0
7.6
0.0
0.0
0.0
0.0
0.0
4.3
0.0
0.0
0.0
0.0
3.0
2.5
8.9
0.0
0.0
0.0
0.0
0.0
0.0
0.0
0.0
0.0
0.0
0.0
0.0
0.0
2.0
0.0
3.3
8.1
0.0
9.4
4.6
0.0
0.0
0.0
0.0
0.0
0.0
2.5
2.0
0.0
0.0
6.1
14.2
0.0
12.4
5.6
0.0
0.0
0.0
0.0
11.9
0.0
3.6
3.0
1.3
0.0
0.0
0.0
0.0
0.0
0.0
0.0
0.0
0.0
0.0
0.0
0.0
0.0
0.0
3.3
7.9
5.8
32.8
5.8
4.8
0.0
0.0
0.0
2.0
2.5
0.0
0.0
0.0
0.0
0.0
0.0
0.0
0.0
26.9
5.3
0.0
0.0
2.5
2.5
43.2
5.1
0.0
0.0
0.0
11.2
0.8
0.0
6.3
9.9
31.8
0.0
0.0
0.0
0.0
9.9
13.0
0.0
0.0
0.0
0.8
0.0
0.0
15.5
0.0
0.0
0.0
26.9
19.3
1.0
36.8
0.0
0.0
22.4
0.0
5.8
20.1
16.5
9.1
0.0
0.0
0.0
0.0
0.0
0.0
0.0
0.0
0.0
0.0
4.3
0.0
0.0
6.1
0.0
0.0
0.0
0.0
0.0
0.0
0.0
0.0
0.3
0.0
2.5
81.8
11.9
0.0
0.0
0.0
16.0
0.0
0.0
0.0
0.3
0.0
1.5
0.0
0.0
0.0
0.0
0.0
0.0
0.0
0.0
0.0
0.0
0.0
0.0
0.0
22.6
0.0
0.0
0.0
0.0
0.0
0.0
46.0
0.0
0.0
0.0
0.0
0.0
0.0
0.0
0.0
0.0
0.0
2.5
29.5
54.4
0.0
0.0
0.0
0.0
0.0
0.0
0.0
25.1
0.0
0.0
0.0
0.0
0.0
0.0
0.0
8.1
2.3
0.0
12.4
8.4
0.0
0.0
3.0
0.0
0.0
0.0
0.0
0.0
0.0
0.0
0.0
0.0
0.0
0.0
0.0
0.0
0.0
0.0
0.0
0.0
0.0
0.0
0.0
0.0
0.0
0.0
0.0
0.0
0.0
0.0
0.0
28.7
5.3
0.0
0.0
0.0
0.0
0.0
0.0
0.0
0.0
0.0
2.3
0.0
0.0
0.0
0.0
0.0
0.0
0.0
0.0
0.0
0.0
0.0
0.0
0.0
0.0
0.0
0.0
0.0
26.4
0.2
23.8
0.0
0.0
0.0
0.0
13.5
0.0
0.0
0.0
0.0
0.0
0.0
0.0
0.0
0.0
0.0
0.0
0.0
2.6
0.0
0.0
0.0
0.0
0.0
0.0
0.0
0.0
0.0
0.0
1.3
7.7
0.0
0.0
0.0
0.0
0.8
4.2
2.7
0.0
0.0
0.0
0.0
0.0
1.0
0.8
0.0
0.0
4.3
2.0
0.0
0.0
0.0
0.0
0.0
1.9
0.0
4.7
1.2
0.3
0.0
1.5
0.0
0.0
0.0
0.0
0.0
0.0
0.0
1.5
20.3
0.0
0.0
0.0
3.2
0.0
0.0
0.0
0.0
0.0
0.0
0.0
0.0
0.0
0.0
0.0
0.0
0.0
6.6
11.1
3.8
0.0
6.7
6.9
0.6
0.9
16.1
0.0
0.0
0.0
0.0
26.9
0.0
0.0
0.0
11.4
0.0
0.0
0.0
0.0
0.0
0.0
5.3
0.0
0.0
0.0
0.0
0.0
0.0
0.0
0.0
0.0
0.0
0.0
0.0
0.0
0.0
0.0
0.0
0.0
0.0
11.2
0.0
0.0
0.0
0.0
21.3
0.0
15.7
0.0
0.0
0.0
0.0
26.7
0.0
0.0
0.0
27.2
0.0
3.6
26.9
0.0
0.0
16.8
0.0
0.0
0.0
0.0
0.0
5.8
0.0
0.0
0.0
6.3
0.0
0.0
0.0
0.0
0.0
0.0
0.0
13.7
10.9
5.3
0.0
0.0
0.0
0.0
0.0
0.0
4.3
0.0
9.9
27.9
1.3
0.0
8.1
0.0
0.0
0.0
0.0
10.9
0.0
0.0
10.2
0.0
0.0
0.0
0.0
25.9
0.0
0.0
19.0
22.1
4.3
0.5
5.8
13.6
2.2
0.0
0.0
0.0
0.0
0.0
17.8
16.8
1.5
0.0
0.0
0.0
0.0
0.0
0.0
0.0
0.0
24.6
0.0
0.0
0.0
0.0
0.0
4.3
0.0
0.0
0.0
0.0
0.0
0.0
0.0
0.0
0.0
0.0
0.0
12.7
0.0
7.6
0.0
0.0
0.0
0.0
0.0
0.0
0.0
0.0
0.0
0.0
0.0
0.0
2.3
0.0
0.0
0.0
0.0
0.0
0.0
0.0
0.0
0.0
0.0
0.0
0.0
0.0
0.0
0.0
0.0
0.0
0.0
0.0
0.0
0.0
1.0
0.0
0.0
0.0
5.1
0.0
0.0
0.0
0.0
4.6
18.6
0.0
0.0
0.0
0.8
0.0
0.0
0.0
0.0
2.5
0.0
0.0
0.0
0.0
0.0
0.0
0.0
13.0
1.3
0.0
0.0
0.0
0.0
0.0
0.0
0.0
0.0
0.0
0.0
0.0
0.0
0.0
0.0
21.1
0.4
0.0
0.0
0.0
15.3
0.8
3.2
0.0
0.0
0.1
1.4
0.0
0.0
0.3
0.0
0.0
0.0
1.1
0.0
0.0
21.0
20.1
0.0
0.0
1.2
11.3
5.7
1.1
0.0
0.0
0.0
0.0
0.0
0.0
0.0
0.0
0.0
0.0
0.0
4.5
14.1
0.0
0.0
0.0
10.0
0.0
2.6
0.0
0.0
0.0
0.0
3.3
0.0
0.0
0.0
0.0
0.0
0.0
0.0
0.0
0.8
6.8
11.3
0.2
0.0
0.0
0.0
23.0
2.0
0.0
0.0
0.0
0.0
0.0
17.1
0.0
0.0
0.0
2.2
0.1
0.0
0.0
0.0
0.0
0.0
0.0
0.0
0.0
0.0
0.0
0.4
1.3
0.0
0.0
0.0
20.9
0.0
0.0
0.0
0.0
0.0
1.4
0.0
0.0
6.6
3.1
2.3
0.0
0.0
0.0
0.0
0.0
0.0
16.9
2.3
0.0
0.0
0.0
0.0
0.0
0.0
0.0
0.0
2.6
0.9
7.8
0.0
0.0
0.0
0.0
0.6
0.0
0.6
0.2
0.0
0.0
0.0
0.0
4.8
0.0
0.1
5.2
0.0
4.2
0.0
0.0
5.8
3.4
0.0
0.0
2.9
0.0
0.0
0.0
1.1
0.2
3.5
0.0
0.0
0.0
0.0
7.1
0.2
0.0
0.0
0.0
0.0
0.0
4.2
0.0
0.0
0.0
0.0
0.6
8.3
0.0
0.0
0.0
0.0
0.0
0.0
0.0
0.0
5.7
15.4
24.6
0.0
0.0
0.0
1.1
2.0
0.0
0.0
0.0
0.0
0.0
0.0
0.0
6.8
45.8
2.0
10.5
0.0
11.3
1.4
0.0
15.8
1.2
0.0
0.0
0.0
0.0
0.0
0.0
0.0
0.0
0.0
0.0
0.0
0.0
13.1
0.0
0.0
0.0
0.0
0.0
0.0
0.0
0.0
0.0
0.0
14.8
0.0
1.1
0.0
0.0
0.0
0.0
0.0
0.0
0.0
0.0
4.3
0.0
0.0
0.0
0.0
13.4
0.0
0.0
0.0
0.0
0.0
0.0
0.0
0.9
0.0
0.0
0.0
0.0
0.0
0.8
0.0
0.0
0.0
0.0
0.0
0.0
0.0
0.0
0.0
0.0
0.0
0.0
0.0
0.3
0.0
0.0
0.0
0.6
0.3
0.0
0.0
0.0
0.0
0.0
0.0
0.0
0.0
0.0
0.0
0.0
0.0
0.0
5.9
0.0
10.8
0.0
0.0
0.0
0.0
0.0
0.0
0.0
5.8
0.0
0.0
0.0
13.6
0.0
1.2
0.0
0.0
0.0
0.0
0.0
0.0
0.0
4.3
0.0
0.0
0.0
0.0
67.7
16.5
2.5
0.0
0.0
2.6
0.0
2.8
0.0
0.0
0.0
0.0
0.0
3.6
0.0
0.0
0.0
5.2
0.0
0.0
0.0
0.0
0.0
0.0
10.5
14.2
0.8
0.0
0.0
0.0
0.0
0.0
0.1
0.0
11.5
2.3
0.0
0.0
0.0
1.1
0.0
0.0
0.0
32.4
2.9
0.0
0.0
8.1
1.9
0.5
0.0
0.0
10.4
0.0
0.0
7.5
0.0
0.0
0.0
0.0
0.0
0.0
0.0
3.9
0.0
0.0
0.7
4.5
0.0
0.0
0.0
0.0
23.2
0.0
0.0
0.0
0.0
0.0
0.0
0.0
0.0
0.0
0.0
0.5
0.0
0.0
0.0
0.0
0.0
0.0
0.0
0.0
0.0
0.0
16.6
0.0
0.0
1.3
2.8
2.6
0.9
0.0
0.0
0.0
0.0
11.3
1.7
0.0
1.8
0.0
9.5
3.4
0.0
0.0
0.0
0.0
0.0
0.0
0.0
0.0
0.0
0.0
4.0
0.0
0.0
0.0
0.0
0.0
0.0
0.0
0.0
0.0
14.6
0.0
7.2
0.0
0.0
0.0
0.0
0.0
0.0
0.0
0.0
0.0
0.0
0.0
0.0
0.0
0.0
2.8
0.0
37.1
0.5
0.0
0.5
0.3
0.0
0.0
0.0
0.0
8.2
0.0
5.9
4.4
0.0
0.0
0.0
0.0
0.0
0.0
0.0
2.0
0.0
0.0
10.9
0.0
0.0
0.0
17.5
7.5
1.8
1.0
0.4
0.0
0.6
0.2
1.9
0.0
0.0
0.0
7.0
19.2
0.0
0.0
0.0
0.0
0.0
0.0
3.0
0.0
0.0
0.0
0.0
0.0
1.3
23.8
0.0
0.0
0.0
0.0
0.0
0.0
0.0
0.0
0.0
0.0
0.0
0.0
0.0
2.5
1.3
0.0
31.9
0.0
0.0
0.5
0.7
22.7
18.9
11.0
40.9
0.0
0.0
0.0
0.0
7.3
1.0
0.0
0.0
6.5
1.5
0.0
0.0
0.0
17.1
32.8
12.1
4.4
0.0
0.0
1.2
20.4
0.0
0.0
0.0
0.0
0.0
0.0
0.0
0.0
0.0
0.0
39.7
0.1
0.3
0.0
0.0
19.3
25.7
18.1
2.3
0.0
14.5
46.9
3.5
0.0
0.0
0.0
0.0
0.0
0.0
0.0
5.3
0.0
0.0
0.0
0.0
0.0
19.5
0.8
0.0
0.0
0.0
0.0
3.7
0.3
1.1
0.0
1.1
9.9
0.0
0.0
1.4
1.9
0.0
0.5
0.0
0.0
0.0
0.0
0.0
0.3
0.0
18.8
0.0
0.0
0.0
1.8
0.0
0.0
0.0
0.0
0.0
0.0
19.1
0.0
0.0
0.0
0.0
8.4
0.0
0.0
0.3
8.0
0.0
0.0
0.0
0.0
0.0
0.0
0.0
0.1
0.0
0.0
0.0
0.0
11.3
0.0
0.0
0.0
0.0
0.0
0.0
0.0
0.0
0.0
4.5
0.0
0.0
0.0
0.0
0.0
0.0
0.0
0.0
0.0
0.2
0.0
0.0
0.0
0.0
0.0
4.9
2.7
0.0
0.0
6.1
4.3
0.0
0.0
0.3
0.0
0.0
0.0
2.6
1.1
0.0
0.0
0.0
0.0
0.0
0.0
0.0
3.4
0.0
0.0
0.0
0.9
10.9
0.0
3.5
1.6
0.0
0.0
0.0
0.0
0.0
0.5
0.0
0.0
4.5
0.9
0.0
7.0
0.0
0.0
0.0
3.1
0.0
0.0
0.0
0.0
0.0
0.0
4.4
30.0
23.3
0.0
0.0
0.0
0.2
10.8
2.4
0.0
0.0
0.0
0.0
2.0
0.0
0.0
0.0
0.0
0.0
5.4
0.0
0.0
3.8
6.5
0.9
0.0
0.0
0.0
0.0
0.0
0.0
0.0
0.0
0.0
0.0
0.0
0.0
0.0
0.0
0.0
0.2
0.0
0.0
0.0
0.0
16.5
2.0
0.0
0.0
0.2
0.0
0.4
6.2
15.9
0.0
0.0
0.0
0.0
0.0
0.0
0.0
0.0
0.0
0.0
7.1
0.0
0.0
3.5
13.5
0.0
0.0
0.0
1.0
14.3
0.0
0.0
0.0
0.4
0.9
0.1
0.0
1.3
0.0
3.3
0.0
0.0
0.0
0.7
0.0
0.0
0.0
0.0
0.0
0.0
11.6
7.7
0.0
0.0
14.6
0.0
0.0
0.4
0.6
0.0
0.0
0.0
0.0
0.0
6.9
0.7
1.0
16.3
0.0
6.1
6.9
0.0
6.9
0.0
0.6
0.0
0.0
0.0
0.0
0.5
1.3
0.0
0.0
0.0
0.0
0.0
0.0
0.0
0.0
25.1
3.0
0.0
0.0
0.0
0.0
0.0
0.6
0.0
0.0
0.0
0.0
0.0
0.2
0.0
5.2
8.7
0.0
0.0
0.0
0.0
3.0
31.0
15.3
0.0
0.0
0.0
0.7
0.0
0.0
0.0
0.0
0.0
8.9
1.8
0.0
0.1
0.0
0.0
0.0
0.0
1.9
0.0
0.0
5.2
0.0
0.0
21.9
8.9
0.0
0.0
0.7
0.0
0.0
0.0
0.0
0.0
0.0
1.2
0.0
19.0
0.0
10.5
1.3
12.9
4.1
1.7
0.0
0.0
0.0
0.0
0.0
0.0
0.0
0.0
0.0
1.6
0.9
0.2
3.3
0.0
0.0
0.9
0.0
53.5
0.0
0.0
0.0
19.1
0.0
16.3
7.4
0.0
0.6
0.0
0.0
0.0
0.0
0.0
0.0
33.1
0.4
1.4
0.1
42.3
0.0
0.0
0.0
1.9
0.5
0.9
9.4
0.0
0.0
0.0
0.0
0.0
0.0
7.8
0.0
0.0
0.0
0.0
8.4
0.0
1.7
0.0
0.0
0.0
0.0
0.0
0.0
0.0
0.0
0.0
0.0
10.8
3.0
0.0
0.0
0.0
0.0
0.0
18.5
0.0
0.0
4.2
0.0
2.1
12.6
0.7
2.5
0.6
1.0
0.0
0.0
0.0
0.0
6.3
0.0
0.0
0.9
51.0
0.0
0.0
0.0
0.0
0.0
3.3
16.6
52.2
0.8
3.2
0.0
15.5
0.0
0.0
0.0
17.6
0.0
0.0
0.0
29.0
29.2
0.0
0.5
0.0
1.6
20.4
0.0
0.0
0.0
0.0
4.4
0.0
0.0
0.0
0.0
0.0
0.0
0.0
0.0
0.0
0.0
36.6
21.5
1.8
0.0
0.9
2.2
1.5
0.0
1.6
0.0
0.0
1.2
19.3
3.4
1.1
0.0
0.0
0.0
0.0
0.0
0.0
0.0
0.0
0.0
0.0
0.0
10.5
0.0
0.0
0.0
0.0
0.0
0.0
5.2
4.3
0.0
0.0
0.0
0.0
0.0
0.6
1.3
0.0
0.0
0.0
0.1
0.6
0.0
0.0
0.0
0.0
1.9
0.5
29.6
1.4
0.0
5.6
0.0
0.0
0.0
0.0
0.0
0.0
0.0
1.3
14.8
0.0
0.2
0.4
0.0
0.0
0.0
0.0
0.0
0.0
5.8
0.0
0.0
0.0
0.0
0.0
0.0
16.5
0.0
0.0
0.0
1.2
0.9
0.0
0.0
0.0
0.0
0.0
3.3
10.4
0.0
2.4
0.0
0.0
0.0
0.0
0.0
4.0
0.0
0.0
0.0
0.7
0.0
0.0
0.0
0.0
0.0
0.0
0.0
0.0
1.4
2.2
0.4
0.0
0.0
0.0
0.0
4.1
7.1
0.0
0.9
0.1
0.0
0.0
0.0
0.0
0.0
0.0
0.0
0.0
0.0
0.0
0.5
0.0
1.2
0.0
0.0
3.2
4.5
0.0
0.0
0.0
0.4
0.2
0.0
3.3
0.4
0.9
4.1
0.0
0.0
0.0
0.0
0.0
0.0
0.8
0.0
1.3
0.0
0.0
0.0
0.0
0.0
0.0
6.1
0.0
0.0
0.0
1.3
20.6
10.4
0.0
0.0
0.0
0.3
0.0
0.0
0.0
1.3
0.0
0.0
0.0
0.0
0.0
22.9
3.8
0.0
0.0
1.3
0.0
0.0
0.0
0.0
0.0
0.0
18.8
0.0
0.0
0.0
0.0
1.0
5.3
0.0
0.0
0.0
0.0
0.0
0.0
0.0
0.0
0.0
0.0
0.0
19.6
16.0
3.8
37.1
0.0
0.0
0.0
6.6
1.3
0.0
0.0
0.0
0.0
3.0
0.0
0.0
0.0
4.8
0.0
0.0
0.0
0.0
39.6
13.0
0.0
0.0
0.0
0.0
0.0
0.0
0.0
50.3
0.0
0.0
0.0
2.3
30.0
13.2
2.3
7.6
1.3
5.1
24.1
2.3
8.9
0.0
0.0
0.0
55.4
4.7
20.1
0.0
31.8
0.0
0.0
0.0
0.0
0.0
0.0
0.0
32.8
3.8
38.9
0.5
0.2
7.8
0.0
0.0
0.0
0.0
1.3
0.0
5.1
5.5
11.1
0.0
0.0
0.0
0.0
5.1
4.6
0.0
0.0
0.0
0.0
0.0
0.0
0.0
0.0
0.0
13.7
0.0
0.0
0.0
17.5
0.0
0.0
0.0
0.0
0.0
0.0
0.0
0.0
7.9
0.0
0.0
0.0
0.0
0.0
0.0
0.0
0.0
0.0
0.3
0.0
0.0
0.0
0.0
0.0
0.0
0.0
0.0
0.0
0.0
28.8
1.2
26.6
2.5
0.0
0.0
0.0
0.0
0.0
0.7
8.2
0.0
0.0
0.0
0.0
0.0
0.0
0.0
0.0
1.3
0.0
1.3
0.0
0.0
0.0
0.0
0.0
0.0
0.0
0.0
0.0
0.0
0.0
0.0
0.0
0.0
0.0
0.0
0.0
0.0
0.0
0.0
3.7
0.0
0.0
0.0
0.0
0.0
4.3
26.2
1.9
0.0
1.0
8.3
0.0
0.0
0.0
0.0
5.4
0.0
0.0
0.0
0.0
0.0
5.9
0.0
0.0
0.0
0.1
22.9
20.3
0.0
0.0
7.4
4.3
0.0
0.0
0.0
0.3
17.5
12.2
0.0
3.0
4.6
0.3
0.7
0.0
0.0
0.0
0.8
0.0
0.0
0.0
0.0
0.0
1.1
19.8
1.4
2.0
0.0
0.0
0.0
0.0
5.5
2.0
0.3
22.6
0.0
0.0
62.9
14.0
31.5
0.7
0.0
0.0
0.0
0.0
0.0
0.0
0.0
0.0
5.5
2.4
7.0
0.0
0.2
0.0
0.0
0.0
3.5
0.6
0.0
0.0
7.6
0.0
0.0
0.0
0.0
0.0
0.0
0.0
0.0
0.0
0.0
0.0
0.0
0.0
5.7
0.0
0.0
0.0
0.0
0.1
1.5
0.0
0.0
1.4
0.0
0.0
5.2
0.0
0.1
0.0
0.0
0.0
0.0
0.0
0.0
2.3
7.2
0.0
0.0
0.0
0.0
1.1
0.0
0.0
1.9
0.0
0.0
7.0
0.0
1.5
3.2
0.4
0.0
14.1
4.9
0.0
0.1
0.0
0.0
0.0
0.0
0.0
0.0
0.0
13.4
2.7
0.0
0.0
6.5
0.0
0.0
25.8
0.0
0.0
0.0
0.0
0.0
0.0
16.6
0.1
0.0
0.0
14.4
0.0
0.0
0.0
0.0
0.0
0.0
0.0
0.0
3.2
8.5
6.3
0.0
0.0
0.0
0.0
12.3
8.9
0.0
5.8
5.0
0.0
0.0
1.1
0.0
0.0
0.0
1.9
3.7
6.5
0.0
5.3
0.0
13.3
0.0
0.0
1.0
2.7
0.0
0.0
0.0
0.0
0.0
0.0
0.0
4.3
7.9
0.0
0.0
0.0
0.0
19.8
19.4
0.0
0.9
0.0
0.0
0.0
0.0
0.0
0.0
0.0
0.0
1.4
7.0
3.8
0.0
0.0
0.0
0.0
0.0
0.0
0.0
0.1
0.0
0.0
0.0
0.0
0.0
0.0
0.0
0.3
0.0
21.3
5.3
0.2
9.1
11.8
13.7
0.0
0.0
0.0
0.0
0.0
51.5
0.0
0.0
0.0
1.1
1.7
13.8
3.2
19.4
0.7
0.0
44.6
0.0
0.0
1.2
10.4
0.0
0.0
0.0
0.2
10.8
0.0
3.4
0.0
0.0
0.0
0.0
0.0
0.0
0.0
52.8
0.0
15.7
43.2
0.0
0.0
3.5
1.1
3.4
0.0
0.0
0.0
3.3
0.8
0.3
0.0
0.0
0.0
3.0
0.0
0.0
0.0
0.0
0.0
0.0
0.0
7.0
14.5
7.9
0.0
0.0
0.0
0.0
0.0
0.0
10.0
0.0
0.0
0.0
0.0
0.0
0.0
0.0
0.0
2.4
0.0
0.0
0.0
5.7
6.2
0.1
0.0
0.0
0.0
13.5
0.0
0.0
0.0
0.0
0.0
0.8
0.9
0.0
0.0
7.9
0.5
0.0
0.0
9.5
0.0
0.0
0.0
0.0
0.0
0.0
6.1
0.0
0.0
0.0
0.0
0.0
0.0
17.2
0.0
0.0
0.0
0.0
0.0
7.5
0.0
0.0
0.0
0.0
0.0
0.0
0.0
0.0
0.0
0.4
0.0
0.0
0.0
11.7
4.2
0.0
0.0
0.0
6.1
8.8
0.0
0.0
0.0
0.0
0.0
11.2
0.0
0.0
0.0
0.0
0.0
0.0
1.7
0.0
0.3
0.0
0.0
2.3
0.5
0.0
0.0
0.0
0.0
0.0
0.6
0.0
13.2
0.0
0.0
0.0
0.0
0.0
0.0
0.0
9.6
3.7
0.5
0.0
0.0
0.0
0.0
0.0
0.5
2.4
0.2
0.8
0.6
1.8
3.5
0.0
0.0
12.2
0.3
0.0
0.0
0.0
0.0
0.0
0.0
0.0
0.0
0.0
0.0
0.0
0.0
0.0
0.0
0.0
0.0
0.1
0.0
4.3
0.5
0.0
0.0
0.0
0.0
0.0
0.0
0.0
0.0
0.0
0.0
2.6
0.2
0.0
0.0
0.0
0.0
0.0
1.1
7.3
0.0
0.0
0.0
0.0
0.0
10.0
0.0
0.0
0.8
0.0
0.0
5.2
1.4
0.0
0.0
8.0
0.0
0.0
0.0
0.0
0.0
0.0
2.2
4.7
2.7
0.0
3.5
0.0
22.4
40.1
0.5
0.0
0.0
15.7
15.3
9.6
0.0
0.0
0.0
0.0
5.4
0.0
0.0
0.0
0.0
15.1
1.8
0.0
0.0
0.0
0.2
0.0
0.0
0.0
0.0
0.0
22.2
0.1
18.8
62.0
8.1
0.0
0.0
28.7
5.1
0.0
0.0
0.0
0.0
0.0
25.6
1.5
0.0
0.0
0.0
0.0
0.0
0.0
64.5
21.7
9.8
0.0
1.2
1.4
2.1
0.0
0.0
0.0
0.8
0.0
2.4
0.0
0.0
0.0
0.0
0.0
0.0
0.0
0.0
0.0
0.0
0.0
0.0
0.0
0.0
9.3
0.0
0.7
22.1
0.0
4.2
0.0
0.0
0.4
0.0
0.0
0.0
0.0
0.0
0.0
0.0
8.3
0.0
0.0
0.0
0.0
0.7
0.0
0.0
0.0
0.0
27.1
0.3
0.0
0.0
0.0
0.0
17.5
0.0
0.0
0.0
0.0
0.0
9.1
0.0
0.0
0.0
38.5
2.4
0.0
0.0
0.0
0.0
0.4
7.9
0.1
0.0
0.0
0.0
1.7
0.0
0.0
14.8
0.0
0.0
0.0
0.0
0.0
1.2
0.0
0.0
0.0
0.0
7.5
0.4
0.0
0.0
0.0
0.0
0.9
6.1
0.0
0.0
0.0
0.0
0.0
0.0
1.4
0.0
0.0
0.0
0.0
0.0
0.0
0.0
0.0
0.0
0.0
0.0
0.0
0.0
2.9
0.0
0.0
0.0
0.0
0.0
0.0
0.0
0.0
0.0
0.0
0.0
0.0
0.0
0.0
1.0
27.3
5.8
8.5
3.8
0.0
3.0
29.4
0.1
0.0
0.0
8.0
0.0
0.0
0.0
0.0
0.0
0.0
0.0
9.8
1.9
0.8
0.0
0.0
0.0
0.0
0.0
0.2
0.0
0.4
0.0
0.0
0.2
1.8
0.0
0.0
0.0
0.0
0.0
1.5
0.0
0.0
6.8
3.0
0.0
1.6
2.9
0.0
0.0
0.0
0.0
0.0
0.0
0.0
0.0
0.0
0.0
2.0
0.0
0.0
0.0
0.0
2.5
0.0
0.0
0.0
0.0
0.0
0.0
0.0
0.0
0.0
0.0
0.0
0.0
1.8
0.0
0.0
0.0
0.0
0.5
0.3
2.5
0.0
0.0
0.0
0.0
0.0
0.3
0.0
0.0
0.0
0.0
0.0
0.0
0.0
3.5
0.0
0.1
0.3
0.6
0.0
0.0
0.7
0.0
0.0
0.0
0.8
0.0
0.0
6.6
1.9
0.2
0.0
0.0
0.0
0.0
0.0
0.0
0.0
0.0
0.0
0.0
0.0
0.0
0.2
0.0
0.0
0.0
0.0
3.1
0.0
0.0
0.0
0.0
0.0
0.0
1.2
11.6
28.0
40.3
0.0
4.2
5.4
7.7
0.0
0.0
0.0
5.6
0.8
0.0
0.0
16.9
10.0
0.0
0.0
0.0
0.0
0.7
0.0
0.0
0.0
0.0
0.0
8.8
0.0
0.0
0.3
0.0
0.0
0.0
24.2
14.4
0.0
21.6
0.5
2.0
0.8
0.0
0.0
3.4
13.3
0.8
0.0
0.0
0.0
0.0
3.1
0.0
0.0
0.0
0.0
24.6
5.0
0.4
0.4
0.0
0.0
0.0
0.0
0.0
0.0
2.5
0.0
0.0
0.0
0.0
0.0
0.0
0.0
0.0
12.0
6.6
0.0
0.0
0.6
0.0
0.5
3.1
0.0
0.0
0.0
0.0
0.8
6.3
0.0
0.8
3.1
0.0
3.7
0.7
0.0
0.0
0.0
10.1
0.0
0.7
1.5
36.0
0.0
0.0
0.0
0.0
0.0
0.0
0.0
0.0
0.0
0.0
14.1
88.1
12.6
0.0
0.0
0.0
0.0
0.0
0.0
0.0
9.0
4.5
23.6
0.7
0.0
0.0
3.4
0.2
0.0
7.9
0.0
0.0
1.4
0.0
4.6
0.0
5.4
0.0
0.0
0.0
0.0
0.0
0.0
0.0
0.0
18.3
10.6
0.0
0.0
0.0
8.6
0.0
0.0
0.0
0.1
0.0
0.0
0.0
0.0
3.6
49.4
3.0
0.8
0.0
0.0
0.0
0.0
0.0
11.2
2.3
0.0
0.0
0.0
0.0
0.0
0.0
0.1
1.6
66.5
0.4
0.0
14.8
1.0
0.0
0.0
4.8
18.6
0.0
0.0
0.0
22.6
2.0
0.0
0.0
0.0
0.0
0.0
0.0
0.0
16.6
35.8
5.9
0.0
0.0
0.0
0.0
0.0
0.0
0.0
0.0
0.0
0.0
0.4
0.0
0.0
0.0
0.0
12.8
6.4
0.0
0.0
0.0
0.0
0.0
0.0
0.0
0.0
1.4
0.4
6.1
23.3
0.0
0.0
5.0
0.0
3.3
0.0
2.9
0.0
0.0
0.0
0.0
0.0
0.0
0.0
0.0
0.0
0.0
13.5
3.2
0.0
0.0
0.0
13.4
6.0
11.4
0.0
1.2
3.3
4.4
0.0
0.0
3.9
1.6
0.0
0.0
2.0
0.0
9.9
1.1
0.0
0.0
0.0
0.0
0.0
0.0
0.0
10.8
0.0
8.6
0.0
0.0
0.0
0.0
17.6
10.9
0.6
0.0
0.1
0.0
1.3
0.0
0.0
0.0
0.0
0.0
0.0
12.8
0.0
0.0
0.0
0.0
0.0
0.8
0.5
0.0
0.0
0.0
0.0
0.0
15.3
7.8
0.0
0.0
35.2
