20000101
0.0
0.0
0.0
5.3
0.0
0.0
0.0
0.0
2.3
0.4
0.0
0.0
0.0
0.0
0.0
0.0
0.0
0.0
0.0
4.1
0.0
0.0
1.7
0.0
0.0
0.0
0.0
0.0
0.0
7.7
0.4
0.0
0.0
0.0
0.0
0.0
0.0
0.0
0.0
0.0
1.2
0.0
0.0
0.0
1.1
0.0
0.0
0.0
28.3
1.0
0.0
0.0
0.0
0.0
2.4
0.0
0.8
2.3
0.0
0.0
3.8
0.0
0.0
0.0
0.0
0.0
0.0
0.0
0.0
0.0
2.5
3.3
0.0
0.0
0.6
14.3
0.0
0.0
11.9
14.8
2.7
0.0
0.0
0.0
0.7
0.0
10.5
0.0
0.0
0.0
0.0
0.0
3.0
0.0
0.0
0.0
0.0
0.0
6.3
0.0
0.0
2.4
0.0
0.0
0.0
0.0
0.0
10.9
0.0
2.6
3.2
8.4
0.0
0.0
16.1
0.0
0.0
0.0
0.8
0.6
0.0
0.0
1.5
0.0
0.0
0.0
0.0
1.2
0.0
6.1
3.4
0.0
0.0
1.9
0.0
0.0
0.0
0.0
2.3
0.0
0.0
0.0
0.5
6.4
0.0
0.0
0.0
25.3
1.4
0.0
0.0
0.0
0.0
0.0
0.0
0.0
7.3
0.0
0.0
0.0
0.0
0.0
1.6
38.3
7.9
0.4
0.8
0.0
0.1
0.0
0.0
1.5
75.1
0.0
0.0
24.5
20.7
22.1
0.4
0.0
0.0
0.0
0.0
0.0
2.5
0.0
32.1
9.8
0.0
0.0
0.0
0.0
18.8
0.4
0.0
0.0
0.0
0.0
0.0
0.0
12.0
0.0
0.0
0.0
0.0
0.0
0.0
0.0
0.0
0.0
0.0
0.9
6.9
8.6
0.0
3.6
0.0
0.0
39.6
1.6
4.0
8.2
0.0
0.0
0.0
0.0
0.0
0.0
0.0
0.0
23.6
0.0
0.0
0.0
1.4
12.4
5.9
0.0
0.0
1.2
0.0
0.3
0.0
0.0
0.0
0.0
0.0
0.0
0.0
0.0
0.0
0.0
0.0
0.0
9.3
19.0
0.0
0.0
6.3
0.0
0.0
0.0
0.0
0.0
6.4
2.8
0.5
17.3
10.1
6.6
0.0
0.0
0.0
0.0
0.0
0.0
0.0
1.9
30.4
5.8
0.0
0.0
0.0
0.0
0.0
0.0
0.0
0.6
22.1
0.3
2.1
0.2
0.0
0.0
0.0
0.0
1.0
4.9
0.2
0.0
0.0
0.0
0.0
0.2
0.0
0.0
3.8
0.3
0.0
0.0
1.4
36.2
0.2
13.1
15.7
0.0
0.0
10.3
0.2
0.0
0.0
0.0
0.0
0.0
0.0
0.0
0.0
0.0
0.0
3.0
6.9
0.0
0.0
0.7
0.0
0.0
1.3
0.0
0.0
0.0
0.0
0.0
0.0
0.0
0.0
9.8
5.8
0.0
10.9
0.0
1.7
0.9
0.0
1.4
0.0
0.9
0.0
0.0
0.0
0.0
0.0
0.3
0.0
3.0
1.8
0.1
0.4
0.0
0.0
0.0
0.0
0.0
0.0
0.0
0.0
0.0
0.0
5.0
0.0
2.2
0.5
0.0
0.0
0.0
0.0
0.0
0.0
0.0
0.0
0.0
0.0
0.6
4.3
0.0
29.5
17.0
1.0
2.6
0.0
0.0
0.0
0.4
0.0
0.0
0.4
1.7
8.9
0.0
0.0
0.0
12.0
2.1
0.3
0.0
0.0
0.0
0.0
0.0
14.4
0.0
20.8
40.1
0.0
0.0
0.1
0.0
0.3
0.0
0.0
0.0
0.0
0.0
0.0
0.0
0.0
0.8
1.9
1.0
0.0
4.4
18.4
4.4
0.0
0.0
0.0
0.0
0.0
0.0
0.0
0.0
0.0
0.0
0.0
0.0
0.0
0.0
2.8
1.3
2.5
0.2
0.0
5.0
0.0
0.0
0.8
7.1
14.3
3.8
0.0
0.0
1.6
1.6
0.0
0.0
0.0
3.5
2.9
1.8
0.0
6.7
1.8
5.4
0.0
0.3
0.0
0.0
0.0
0.0
0.0
0.0
3.1
0.9
12.1
0.0
0.0
0.0
5.6
0.0
0.0
2.9
2.0
0.0
1.1
17.1
0.0
0.0
5.8
0.7
1.6
1.7
0.0
3.0
10.9
0.0
0.9
0.0
14.1
10.6
10.4
0.0
23.1
6.5
42.3
0.0
0.0
0.0
0.0
0.0
0.0
0.0
0.0
4.3
0.0
0.0
0.0
0.0
0.0
5.7
0.2
0.0
0.0
0.0
0.0
0.0
4.5
0.0
0.0
0.0
3.5
0.0
0.9
6.1
0.0
0.0
0.0
0.0
0.0
0.0
0.0
0.0
0.0
0.0
0.0
0.0
10.1
8.0
5.1
0.0
0.0
0.0
6.3
0.0
7.7
0.0
0.0
0.0
0.0
0.0
0.0
0.0
13.3
0.0
0.0
0.0
0.0
0.0
0.0
1.8
0.0
0.0
0.0
0.0
0.0
7.0
0.0
0.0
11.0
0.0
0.0
0.0
54.0
2.3
0.0
2.2
0.0
0.0
0.0
0.0
9.7
0.0
0.0
0.0
0.0
0.0
0.0
13.5
1.7
15.1
4.1
0.0
0.0
0.0
0.0
0.0
0.0
0.0
1.7
21.9
0.5
12.4
0.0
1.7
0.9
0.0
0.0
0.0
0.0
0.0
0.0
0.0
0.0
0.0
0.0
19.3
6.1
0.0
0.0
0.0
12.8
3.9
24.0
0.0
25.6
1.0
17.3
0.0
0.0
0.0
0.0
0.0
0.0
6.5
0.0
12.3
0.0
0.0
0.0
0.0
0.0
0.0
0.0
4.1
0.0
0.0
0.0
0.0
0.0
0.0
0.0
0.0
0.0
0.0
0.0
0.0
0.0
0.0
0.0
0.0
3.0
0.0
0.0
0.0
0.0
28.2
3.4
0.0
1.4
0.9
5.8
11.7
0.0
0.0
0.0
0.0
0.0
2.0
0.0
0.0
0.0
0.0
0.0
0.8
13.0
4.9
4.9
3.9
14.9
1.5
0.0
0.0
0.0
0.0
8.1
0.4
0.0
0.0
0.0
0.0
0.0
0.0
0.0
0.0
0.0
0.0
0.0
0.0
0.9
0.0
0.0
0.0
0.0
0.0
0.0
0.0
0.0
0.0
0.0
0.0
0.0
1.4
0.0
0.0
0.0
0.0
2.8
0.0
0.0
0.0
0.0
0.0
15.8
44.6
5.9
0.0
0.0
0.0
0.0
0.0
0.0
0.0
0.0
2.5
3.8
0.0
0.0
0.0
0.0
0.0
0.0
0.0
6.4
23.8
2.1
0.0
0.0
0.0
0.0
8.7
1.0
0.0
0.0
10.3
7.2
0.0
0.0
0.0
0.0
0.0
16.3
1.1
0.0
0.0
0.0
0.0
2.2
1.4
0.6
0.0
0.6
3.0
0.0
0.0
0.0
0.0
13.9
2.1
0.2
0.0
0.0
0.7
0.0
0.0
0.0
0.0
0.0
0.0
0.0
0.0
6.2
17.7
0.0
0.0
0.0
0.0
0.0
0.0
0.0
0.0
0.0
0.0
31.6
22.0
18.2
0.0
0.1
30.5
0.0
0.0
54.0
0.0
0.0
0.0
5.5
0.0
0.0
0.0
9.4
43.1
1.0
19.2
0.0
7.9
68.3
14.3
0.0
0.0
0.8
14.4
9.3
0.0
0.0
0.0
0.0
0.0
3.9
0.0
0.0
0.0
3.1
0.2
0.0
0.0
0.9
0.0
0.0
0.0
21.5
4.5
0.0
0.0
0.0
1.1
0.5
52.3
28.2
2.7
0.9
5.8
0.0
0.0
0.0
0.0
0.0
0.0
0.0
0.0
1.1
2.3
0.0
0.0
0.0
0.0
0.0
0.0
0.0
0.0
0.0
0.0
0.0
0.0
0.0
0.0
0.0
24.9
1.2
0.0
0.0
0.0
0.0
0.0
0.0
0.0
0.0
0.0
11.0
0.0
0.0
13.8
46.8
0.0
1.1
1.8
0.0
0.0
0.0
0.0
0.0
0.0
0.0
0.0
0.0
0.0
0.0
0.0
1.9
0.0
19.9
18.7
9.3
39.5
1.7
36.3
2.8
0.0
0.0
28.9
11.0
0.0
0.0
0.0
0.0
0.0
0.0
0.0
0.0
0.0
0.0
0.0
0.0
0.0
0.0
0.0
0.0
0.0
0.0
0.0
0.0
0.0
4.5
6.1
0.0
3.2
0.0
15.0
4.5
0.0
0.0
0.0
0.0
0.0
0.0
0.0
0.0
0.0
0.0
0.0
6.4
0.5
7.5
0.0
2.6
0.0
0.0
0.0
0.0
0.0
2.9
0.0
0.0
0.0
0.0
0.0
30.7
0.0
0.0
0.0
0.0
1.0
6.5
5.7
0.0
0.0
13.1
3.0
2.7
0.0
0.0
0.0
1.9
2.4
5.7
0.0
0.0
0.0
0.0
0.0
0.0
0.0
0.0
3.6
0.0
0.0
0.0
0.6
0.0
0.0
2.7
0.0
0.0
0.0
0.0
0.0
0.0
0.0
0.0
0.0
0.0
0.0
0.0
0.0
0.0
0.0
0.0
0.0
0.0
0.0
0.0
0.0
0.0
0.0
0.0
0.0
14.0
13.9
0.0
0.1
0.0
0.0
0.0
8.2
0.0
0.0
0.0
0.0
0.0
0.0
0.0
2.2
2.0
0.0
0.8
0.0
0.0
0.0
0.0
0.0
0.0
0.0
0.0
0.0
0.0
2.3
1.1
0.0
0.0
0.0
0.0
0.0
0.0
0.0
0.0
0.8
0.0
0.0
2.9
0.0
0.1
8.9
0.0
0.0
0.9
0.0
0.0
0.0
0.0
0.0
1.2
3.0
0.0
0.0
0.0
19.4
15.9
0.0
0.0
0.0
0.0
0.0
0.0
0.1
2.4
0.0
0.0
0.0
0.0
0.0
0.4
0.0
0.0
3.0
0.0
0.0
0.0
0.0
0.0
0.0
0.0
11.6
0.0
0.0
0.0
0.0
0.0
1.8
17.7
9.5
0.0
0.0
0.0
2.5
0.0
0.0
0.0
8.3
0.0
0.0
0.0
0.0
0.0
1.0
6.7
0.0
19.3
0.0
0.0
0.0
0.0
0.0
0.0
0.0
0.0
0.0
10.7
0.0
0.0
4.2
0.0
0.0
0.0
0.0
19.8
5.7
0.0
0.0
3.7
1.4
7.9
0.0
0.0
0.0
15.7
0.0
1.6
0.0
15.3
10.3
24.0
0.0
0.0
0.4
2.1
0.0
0.9
0.8
0.4
0.5
0.0
0.0
0.0
0.0
8.7
0.0
0.0
0.0
0.6
0.0
0.9
0.0
0.0
12.4
0.9
0.0
0.0
10.4
0.0
0.0
7.5
5.3
43.0
0.4
14.1
0.0
0.0
0.0
0.0
1.3
0.0
0.0
0.0
0.0
0.0
0.0
27.9
0.7
0.0
0.0
26.4
0.0
0.0
0.0
0.0
0.0
0.0
0.0
0.0
16.6
33.9
0.0
0.0
0.0
0.0
0.0
0.0
0.0
12.1
10.7
0.0
8.6
0.0
0.0
0.0
0.0
0.0
0.0
9.9
10.4
0.0
0.0
0.0
0.0
0.6
3.7
0.0
0.7
0.0
0.0
0.0
0.0
0.0
0.5
0.0
3.7
0.0
0.0
0.0
0.0
0.0
0.0
0.0
0.0
0.0
0.0
0.0
0.0
0.5
0.0
0.0
7.8
1.2
102.2
14.5
0.0
0.0
0.0
0.0
0.0
0.0
0.0
0.0
0.0
0.0
3.7
1.6
0.0
0.0
0.0
0.0
0.0
0.0
0.0
1.4
0.2
0.0
0.0
0.0
15.0
0.0
0.0
0.0
0.0
0.0
0.0
0.2
0.0
0.0
0.0
0.0
0.0
27.3
0.0
0.9
0.0
32.4
0.1
0.0
0.0
0.0
0.0
0.0
0.0
0.0
0.0
0.0
4.0
2.8
0.0
1.5
0.0
0.0
0.0
0.0
4.3
0.0
0.0
16.6
0.3
0.0
0.0
0.0
0.0
0.7
1.6
0.0
0.0
0.8
0.2
0.0
63.3
4.2
0.0
0.0
0.0
0.0
14.1
0.0
0.0
0.0
0.0
0.0
0.0
0.0
0.0
0.0
0.6
3.2
0.1
0.0
0.0
0.0
4.3
0.0
0.0
0.0
2.6
0.0
0.2
0.0
1.3
0.0
0.0
0.0
0.0
21.0
0.0
0.0
0.0
0.0
0.5
0.4
0.0
0.0
0.0
0.0
0.0
12.6
11.1
0.0
0.0
0.0
0.0
0.0
0.0
0.0
0.0
0.0
0.0
0.0
1.8
6.8
0.0
0.0
0.0
0.0
0.0
0.0
0.0
3.4
2.0
0.0
0.0
1.8
0.6
0.0
0.4
7.3
0.0
0.0
2.0
1.5
0.5
0.0
0.0
0.0
0.0
0.0
0.0
0.0
0.0
0.0
0.0
0.0
0.5
0.1
0.0
0.0
0.0
0.0
0.0
0.0
0.0
0.0
0.5
0.0
0.0
3.3
28.7
0.0
0.0
0.0
0.0
0.0
0.0
0.0
0.0
3.5
0.0
3.4
2.6
0.0
0.0
1.0
0.0
0.0
0.0
0.3
0.2
16.9
21.2
0.0
20.3
2.8
0.7
0.0
0.0
0.0
0.0
0.0
0.0
0.0
0.0
0.0
0.0
0.0
0.0
0.0
0.0
0.0
0.0
0.0
0.0
0.0
0.0
8.6
0.0
14.0
0.0
18.6
0.0
0.0
0.0
0.0
3.0
12.7
5.8
5.4
0.0
1.8
0.0
0.0
0.0
0.0
0.0
6.2
0.2
1.9
14.1
14.5
0.0
0.0
0.0
10.2
0.0
0.0
0.0
0.3
5.0
27.0
0.0
2.8
1.9
0.0
0.0
17.4
1.4
0.0
0.0
0.0
0.0
0.0
0.0
0.0
0.0
4.7
16.9
0.0
7.6
0.0
0.4
28.4
0.0
0.0
0.0
0.0
0.0
1.3
0.0
0.0
7.3
1.2
0.0
0.3
0.0
0.0
0.0
0.0
10.2
9.4
4.9
1.1
12.1
0.0
2.5
8.6
61.0
20.5
0.0
0.0
0.0
0.0
0.0
0.0
0.0
0.0
0.0
0.0
0.4
0.0
1.0
0.0
0.0
0.0
0.0
13.0
2.5
0.0
0.0
0.0
1.2
0.5
0.0
0.0
0.0
0.0
3.4
0.0
0.0
0.0
0.0
0.0
0.0
0.0
4.9
0.0
7.2
7.7
0.0
0.0
1.5
4.5
40.5
0.0
14.0
1.6
0.0
0.0
0.0
0.0
0.0
0.0
0.0
0.0
0.0
0.0
0.0
0.0
0.0
0.0
0.0
0.0
0.0
4.2
0.0
0.0
0.0
0.0
0.0
0.0
0.0
0.0
0.0
0.0
0.0
0.0
0.0
0.0
0.0
2.9
0.0
0.0
0.0
0.0
0.0
2.8
9.8
0.0
0.0
0.0
21.6
0.8
15.6
0.0
0.0
22.7
20.5
0.3
0.0
0.0
2.6
0.0
0.0
0.0
19.8
4.0
6.0
9.5
0.0
15.1
23.9
0.0
14.1
0.0
0.0
0.0
0.0
0.0
0.0
0.6
2.1
0.0
0.0
0.0
0.6
1.5
0.0
7.3
0.5
0.0
1.1
0.0
8.9
35.2
0.0
3.6
11.4
1.4
8.1
12.9
0.0
0.0
0.0
0.0
6.9
13.5
4.6
0.1
0.8
3.3
0.0
0.0
0.0
0.0
0.0
0.0
0.0
0.0
0.0
0.0
0.0
0.0
0.0
0.0
0.0
0.0
0.0
0.0
0.0
0.0
2.1
0.9
18.0
20.3
27.7
21.0
0.0
4.1
0.0
0.0
1.4
14.9
43.4
6.9
0.0
0.3
0.0
0.0
0.0
0.0
0.0
0.0
0.8
0.0
0.0
0.0
0.0
0.0
1.8
4.7
0.0
0.0
0.0
0.0
0.0
0.0
0.0
5.1
7.0
2.9
1.0
0.0
0.0
7.3
17.6
0.0
0.9
0.0
0.0
0.0
3.8
0.7
0.0
0.0
0.0
0.0
0.0
0.0
3.0
0.4
0.0
0.0
0.0
0.0
0.0
0.7
0.0
0.0
0.0
0.0
0.0
0.0
0.0
0.0
0.0
0.0
0.0
0.0
0.0
0.0
0.0
14.5
1.6
7.2
5.6
0.0
0.0
0.0
0.0
1.1
0.0
0.0
0.0
0.0
0.0
0.0
2.3
0.0
0.0
0.0
0.0
14.5
12.8
0.0
0.0
0.0
0.0
0.0
0.0
0.0
0.5
9.9
4.9
0.2
0.0
3.0
0.4
0.0
0.4
1.2
0.0
0.0
0.0
0.0
0.0
0.0
0.0
0.0
7.4
6.5
0.0
10.7
0.0
0.3
0.0
0.0
0.0
0.0
35.5
5.7
0.0
0.0
0.0
0.0
0.0
0.0
0.0
0.2
0.0
2.9
0.0
0.0
0.0
0.0
0.0
0.0
0.0
0.0
0.0
8.5
0.0
0.0
0.0
0.0
20.6
0.0
0.0
0.0
0.0
0.0
0.0
0.0
0.0
0.0
0.0
0.0
2.0
0.0
0.0
0.0
0.0
0.0
0.0
0.0
0.0
10.3
0.0
0.0
0.0
0.0
0.0
0.0
8.2
14.6
2.8
6.6
2.2
0.0
0.0
38.9
0.0
0.0
0.0
0.0
0.0
0.0
0.0
7.9
0.0
0.0
0.0
0.0
0.0
0.0
0.0
0.0
19.3
0.6
0.0
0.0
0.0
0.0
1.0
3.5
6.5
8.5
7.0
2.3
0.0
0.0
29.1
0.3
0.0
0.1
0.0
0.0
0.0
6.5
2.4
0.0
0.0
0.0
0.0
0.0
0.0
0.0
0.0
0.0
0.0
0.0
0.0
2.8
0.0
0.0
0.0
0.0
16.0
0.0
13.1
0.0
0.0
7.2
29.5
0.0
0.0
0.0
10.8
2.9
15.6
0.0
0.0
5.9
0.0
0.0
0.0
0.0
0.0
0.0
0.0
0.0
0.0
0.0
0.0
0.0
0.0
0.0
0.0
0.0
0.0
0.0
0.0
0.0
8.5
30.8
1.5
0.3
2.2
0.0
0.0
0.0
0.0
0.0
0.0
0.0
24.4
0.0
0.0
0.0
0.0
20.9
0.0
0.7
0.0
0.0
0.0
0.0
2.7
0.0
12.9
12.2
0.0
0.0
0.0
0.0
0.0
0.0
0.0
0.0
0.0
0.0
4.0
37.0
0.0
0.0
3.4
0.9
0.0
1.8
0.0
2.3
0.0
0.0
6.6
0.0
0.0
2.5
0.0
6.1
0.9
0.0
0.0
0.4
0.4
0.0
0.0
0.0
0.0
0.0
11.2
0.0
0.0
0.3
0.9
0.0
3.6
0.0
0.3
5.7
0.0
0.0
0.0
0.0
0.0
0.0
0.0
1.0
0.0
3.8
5.7
0.0
0.0
0.0
0.0
0.0
0.0
6.2
0.0
0.0
0.0
0.0
0.0
0.0
0.5
20.9
0.0
0.0
0.0
0.0
0.3
0.0
0.0
0.0
0.0
0.0
0.0
0.0
1.3
4.0
0.0
0.0
0.0
3.1
2.1
0.0
0.0
0.0
0.0
0.0
0.0
0.0
0.0
0.0
0.0
0.0
0.0
0.0
0.0
0.0
0.6
1.9
0.0
1.4
11.9
9.6
0.0
22.4
45.1
0.0
0.0
0.0
0.0
0.0
0.0
0.0
5.1
1.8
0.0
0.0
0.0
0.0
0.0
4.0
0.0
0.0
7.7
0.0
0.0
13.0
0.0
0.0
24.7
30.9
0.0
0.0
0.0
0.0
0.1
0.0
0.0
0.7
0.0
9.1
0.0
5.0
0.0
0.0
0.0
0.0
0.0
3.0
0.0
0.0
0.0
1.1
11.6
22.2
1.9
0.0
5.6
0.0
0.0
0.0
0.0
0.0
0.0
5.7
0.0
1.1
1.7
3.7
4.3
0.9
0.0
0.0
0.0
0.0
0.0
0.0
0.0
8.2
0.0
0.0
0.0
0.0
0.0
3.6
19.4
12.6
0.0
0.0
0.0
0.0
5.0
0.0
0.0
0.0
0.8
1.5
0.0
0.0
0.0
0.0
0.0
4.4
6.8
0.0
0.0
0.0
0.3
0.0
0.0
0.3
26.1
0.7
0.0
0.0
3.6
0.0
0.0
3.7
3.6
0.0
0.0
0.0
0.3
1.4
5.9
13.3
16.2
0.2
0.0
0.0
0.0
2.1
0.0
32.2
1.5
3.5
0.0
0.0
0.0
0.0
11.5
0.5
0.0
0.0
0.0
0.0
0.0
0.0
0.0
0.0
0.0
0.0
14.3
7.1
10.2
5.2
0.0
0.0
0.0
0.0
0.0
0.0
3.6
8.8
1.3
0.0
0.0
0.0
0.0
0.0
0.0
6.4
5.6
4.9
0.4
0.0
0.0
0.0
0.0
1.1
0.0
0.4
1.0
0.0
0.0
0.0
4.4
43.7
1.3
0.0
0.0
0.0
0.0
5.9
0.0
0.0
0.0
0.2
6.7
0.0
0.0
0.0
0.0
0.0
0.0
0.9
0.0
0.0
0.0
0.0
0.0
0.0
0.0
0.0
0.0
0.0
9.9
1.2
0.0
0.0
0.0
0.0
40.4
0.0
0.6
0.0
0.0
7.4
0.0
0.0
0.0
12.3
2.7
2.0
0.0
0.0
0.0
0.0
0.0
0.0
0.0
0.0
0.5
0.5
0.0
0.0
0.0
13.6
0.0
0.4
0.3
7.3
20.3
0.0
0.0
0.0
0.0
0.0
0.0
0.0
0.0
0.0
0.0
0.0
0.0
0.0
32.8
45.0
4.5
0.0
0.0
0.0
0.0
1.1
0.0
0.0
0.0
3.5
2.2
0.0
0.0
0.0
0.0
0.0
1.3
0.0
0.0
24.9
0.3
0.0
0.0
0.0
0.0
0.0
0.0
0.0
0.0
15.7
2.5
0.0
0.0
0.0
11.9
1.8
0.0
0.0
0.0
0.0
0.0
0.0
20.8
1.5
23.9
0.3
0.0
0.0
0.0
0.0
8.9
0.0
0.0
2.3
0.0
0.0
0.0
0.0
0.0
0.5
0.0
0.0
0.0
0.0
0.0
0.0
0.0
1.0
0.0
0.0
0.0
0.0
0.0
14.0
24.1
0.0
0.0
3.8
1.0
0.0
0.0
0.0
0.0
0.0
0.0
29.5
0.0
0.0
0.0
10.4
8.1
0.3
0.0
0.0
0.0
0.0
0.0
0.0
4.6
0.0
0.0
0.0
0.0
2.8
0.0
0.0
0.0
4.1
0.3
1.0
2.8
7.4
8.6
0.0
0.0
0.5
0.0
0.8
0.0
3.6
11.4
0.0
0.0
14.5
0.0
0.0
0.0
0.0
0.0
0.0
15.7
0.8
0.0
2.5
5.3
0.0
0.0
0.0
0.0
0.0
0.0
0.0
0.0
0.0
8.4
17.8
10.2
0.0
0.0
0.0
0.0
0.0
6.3
22.4
1.0
0.0
0.0
0.0
0.3
0.0
0.0
0.0
0.0
0.0
0.0
4.1
0.0
0.0
0.0
0.0
0.0
0.0
0.0
0.0
10.9
1.3
17.0
1.5
0.0
0.0
0.0
14.7
0.3
2.0
4.3
0.0
0.0
0.0
2.0
0.0
0.0
0.0
0.0
0.0
0.0
0.0
0.0
0.0
0.0
3.0
0.0
0.0
29.5
1.8
40.1
0.0
0.0
24.1
1.0
17.8
0.0
0.0
0.0
0.0
12.4
0.0
4.8
0.0
0.0
0.0
0.5
4.6
0.0
0.0
0.0
0.3
0.0
3.8
9.7
0.0
0.0
0.0
0.0
0.0
0.0
0.0
0.0
1.0
0.8
0.0
0.0
0.0
0.0
0.0
0.0
0.0
35.3
0.0
0.8
0.0
0.0
0.0
0.0
0.0
0.5
0.0
0.0
0.0
5.6
0.0
6.1
0.0
4.1
1.5
0.0
0.0
3.0
0.0
0.0
0.0
0.0
0.0
0.0
0.0
0.0
0.0
0.0
0.0
3.6
2.5
2.5
0.0
0.0
6.3
0.0
0.0
0.0
0.0
1.3
0.0
0.0
0.0
0.0
1.8
0.0
0.0
0.0
0.0
9.9
0.0
0.0
0.0
0.0
3.3
0.0
23.1
0.0
0.0
0.0
0.0
0.0
0.0
0.0
0.0
0.0
0.0
0.3
0.0
3.8
0.0
19.0
0.3
0.0
0.0
0.0
4.1
0.0
0.0
1.5
10.4
0.0
0.0
0.0
0.0
0.0
0.0
0.0
0.0
0.0
0.0
0.0
0.0
0.0
0.0
0.0
0.0
13.0
0.0
0.0
0.0
0.0
0.0
0.0
0.0
24.1
20.8
0.5
0.0
0.0
4.8
0.8
0.0
0.0
0.0
0.0
1.9
0.0
0.0
0.3
0.0
4.1
1.5
15.5
5.3
9.9
8.9
0.0
0.0
4.3
13.0
0.0
0.0
0.0
0.0
1.8
0.0
3.9
0.0
0.0
0.0
4.4
3.0
0.8
0.0
0.0
0.8
0.3
0.0
0.0
2.0
0.0
0.0
70.6
0.5
0.0
0.3
0.0
0.0
0.0
0.0
0.0
0.0
0.3
0.0
0.0
0.0
0.8
0.0
0.3
0.0
0.0
0.0
0.0
0.0
3.3
0.0
23.4
0.0
0.0
14.7
18.8
45.0
2.5
0.3
0.3
0.0
0.0
0.0
0.3
0.0
0.0
0.0
29.2
0.8
0.0
0.3
0.0
3.5
0.3
0.0
0.0
3.8
0.8
0.0
3.8
0.0
0.0
7.4
0.0
7.9
0.0
0.0
0.0
0.0
0.0
0.0
0.0
0.0
3.3
0.3
0.4
0.0
20.6
17.8
0.0
0.0
0.0
0.0
0.5
0.0
0.0
0.8
15.2
0.0
0.5
3.3
8.4
0.0
0.0
1.8
0.0
0.0
0.0
0.0
3.8
17.3
12.2
2.3
2.5
1.0
0.0
0.0
0.0
0.0
20.1
0.3
0.0
0.0
0.0
0.0
1.0
19.8
0.0
2.0
1.5
0.0
0.0
0.8
4.5
0.5
0.0
0.0
0.3
14.2
1.3
0.0
47.8
2.3
0.0
0.0
0.0
15.2
0.0
0.0
0.0
3.6
0.0
0.0
0.8
7.4
0.0
7.1
0.3
0.8
0.0
0.0
31.5
0.0
0.0
94.0
23.1
0.5
0.0
14.5
10.2
7.4
0.0
0.0
0.0
0.0
2.5
0.0
2.5
0.0
0.0
0.0
0.0
0.0
0.0
3.8
0.0
0.8
11.2
0.5
5.8
0.0
5.8
0.5
0.0
26.2
13.2
0.0
0.0
0.0
0.0
41.4
0.0
0.0
93.7
28.7
0.0
0.0
0.0
0.0
0.0
4.1
0.0
0.3
20.3
0.0
0.0
2.8
0.0
0.0
9.1
0.0
11.4
0.0
0.0
0.0
0.0
0.0
0.3
46.0
0.0
0.0
0.0
0.0
0.0
0.0
0.0
0.0
0.0
0.0
0.0
0.0
0.0
0.0
1.8
14.5
0.5
0.0
0.0
0.0
0.0
0.0
2.5
0.0
0.0
0.0
0.0
0.0
2.5
56.9
0.0
6.3
0.8
1.8
0.0
0.0
31.0
11.2
11.2
64.3
0.0
0.0
0.0
0.0
0.0
0.3
0.0
0.0
0.0
0.0
0.0
0.0
0.0
0.0
13.7
0.0
0.0
0.0
0.0
0.0
0.0
0.0
4.1
0.0
0.0
0.0
0.0
0.0
0.0
1.0
16.5
0.0
1.5
0.0
0.0
0.3
0.0
0.0
27.4
2.3
0.0
0.0
0.0
0.0
0.0
0.0
0.0
0.0
0.0
0.0
0.0
0.0
0.3
0.0
0.0
0.0
4.1
5.6
0.0
2.8
2.3
0.0
0.0
0.0
0.0
0.0
0.0
0.0
0.0
2.8
0.0
0.0
0.0
0.0
0.0
4.2
6.9
0.0
0.0
1.3
0.0
0.0
0.0
0.0
9.5
2.7
11.2
0.0
0.0
0.0
14.0
0.0
3.0
0.0
19.8
0.0
0.0
0.0
0.0
22.4
0.0
0.0
0.0
42.2
0.0
0.0
0.0
0.0
0.0
0.0
0.0
0.0
1.0
0.0
0.0
0.0
3.3
0.0
0.0
0.3
0.0
0.0
0.0
0.0
0.0
2.5
0.3
0.0
0.0
0.0
0.0
0.3
2.3
0.0
4.6
0.0
0.0
0.0
0.0
0.0
0.3
0.0
0.0
0.0
0.0
0.0
0.0
0.5
15.2
8.4
0.0
0.3
0.0
0.0
0.0
0.3
0.0
0.0
0.0
0.0
0.0
0.0
0.0
0.0
10.7
0.0
0.0
0.0
0.0
0.0
0.0
0.0
0.0
2.8
1.5
13.0
7.6
0.0
0.0
0.0
0.0
0.0
0.0
0.0
0.0
0.0
0.0
0.0
3.8
0.0
12.2
0.0
0.0
0.0
47.8
0.0
4.6
2.3
0.0
16.5
0.0
1.3
19.8
0.5
0.0
0.0
24.1
0.3
0.0
16.5
1.0
0.3
0.0
0.0
0.0
5.3
20.8
0.5
0.0
0.0
0.0
0.5
0.0
0.0
36.8
0.5
26.9
0.5
7.9
0.0
0.0
0.0
0.0
0.0
10.4
6.1
0.0
2.0
0.0
40.9
24.4
0.0
24.9
0.0
0.0
0.0
0.0
0.0
0.0
0.0
0.0
9.1
9.9
8.4
3.3
1.5
0.0
0.0
0.0
0.8
10.9
1.4
0.0
0.0
0.0
1.3
1.1
4.6
23.1
0.8
0.0
5.3
0.0
1.5
26.9
13.5
0.0
23.1
0.0
0.0
0.0
0.0
0.0
0.0
0.0
29.0
0.0
0.0
0.0
0.0
0.0
1.8
26.4
0.0
0.0
0.0
2.8
0.0
0.0
0.0
0.5
0.0
24.4
0.0
0.3
0.0
0.0
0.0
0.0
0.3
0.0
0.0
22.9
0.0
0.0
0.0
29.5
0.0
0.0
0.0
1.3
0.0
0.0
13.2
0.0
0.0
0.8
0.0
1.0
0.0
0.0
0.0
0.0
0.0
0.0
12.2
31.2
0.5
21.6
1.0
0.5
0.0
0.0
0.0
0.0
0.0
2.5
0.0
0.0
0.0
0.0
0.0
0.0
0.0
0.0
21.3
0.5
0.0
0.0
0.0
0.0
0.0
0.0
0.0
0.0
0.0
0.0
0.0
0.0
0.5
33.8
1.3
1.3
0.3
1.3
0.0
1.0
0.0
0.0
0.0
0.0
20.3
0.3
0.5
0.0
23.4
0.0
0.0
61.7
4.6
0.0
2.0
0.0
27.9
3.0
0.8
0.5
0.0
0.0
0.0
0.0
0.5
59.9
1.5
0.8
4.1
4.6
11.1
0.0
52.3
11.7
0.0
0.0
0.0
1.0
0.0
0.0
0.0
0.0
0.0
0.0
0.3
0.0
0.0
0.0
0.0
35.3
35.8
3.3
8.1
1.0
0.0
0.0
0.0
0.0
11.9
2.0
0.8
0.0
0.0
0.8
0.0
0.0
3.3
0.0
0.0
0.0
1.3
0.0
17.3
0.0
0.0
0.0
3.8
0.0
0.0
0.0
0.0
0.0
1.3
0.3
1.0
0.0
4.6
43.4
34.5
0.3
3.0
1.0
0.0
0.0
1.2
0.0
0.0
0.0
0.0
0.0
0.0
6.9
0.3
0.0
0.0
0.0
0.0
0.0
0.0
0.0
0.0
0.0
0.0
0.0
1.5
1.3
5.6
0.0
15.7
0.0
0.8
0.0
3.0
0.0
0.0
0.0
0.0
0.0
0.0
0.0
8.6
5.1
0.0
0.0
7.4
0.5
0.0
0.0
0.0
0.0
4.8
0.3
0.0
0.0
0.0
3.0
4.6
21.3
0.0
0.0
0.0
0.0
0.0
0.0
0.0
0.0
0.0
0.0
0.0
0.0
0.0
1.3
0.0
0.8
6.9
0.0
9.7
6.3
0.5
0.0
0.0
0.0
0.0
0.0
2.4
0.8
0.0
0.0
8.4
12.4
0.0
15.5
2.0
0.0
0.0
0.0
0.0
13.0
0.0
8.9
9.3
5.2
2.5
0.0
0.0
0.0
0.0
0.0
0.0
0.0
0.0
0.0
0.0
0.0
0.0
0.0
5.1
4.3
8.1
26.7
8.1
1.3
0.0
0.0
0.0
3.8
4.6
0.0
0.5
0.0
0.0
0.0
0.0
0.0
0.0
27.2
5.3
0.8
1.0
0.0
6.3
44.2
3.3
0.0
0.0
9.9
1.3
0.0
0.0
22.9
1.3
53.1
0.0
0.0
0.0
0.0
8.9
13.0
0.5
0.0
1.8
0.3
0.0
0.3
45.2
0.0
0.5
0.0
11.7
22.1
0.8
42.9
0.0
0.0
29.2
0.0
4.6
19.3
45.0
3.8
0.0
0.0
0.0
5.3
0.0
0.0
0.0
0.0
0.0
0.0
10.4
0.0
0.8
2.3
0.0
0.0
0.0
0.0
0.3
0.0
0.0
0.0
0.8
0.0
2.5
62.0
8.4
0.8
0.0
0.0
49.5
0.0
0.0
48.3
0.5
0.0
3.3
0.0
0.0
0.0
0.0
2.8
0.0
0.0
0.0
0.0
0.0
0.3
0.0
0.0
21.8
0.0
0.0
0.0
0.0
0.0
0.0
47.7
0.0
0.0
0.0
0.0
0.0
0.0
0.0
0.0
0.0
5.1
9.4
31.0
62.2
0.0
0.0
0.0
0.0
0.0
0.0
1.2
21.1
0.0
0.0
0.0
0.0
0.0
0.0
0.0
13.5
0.0
0.0
20.6
5.3
3.3
0.0
5.6
0.5
0.0
0.0
0.0
0.0
4.6
0.0
0.0
0.0
0.0
0.0
0.0
0.0
0.0
0.0
0.0
0.0
0.0
0.0
0.0
0.0
0.0
0.0
0.0
0.0
0.0
0.0
2.8
18.3
11.2
0.0
0.0
0.0
0.0
0.0
0.0
0.0
0.0
0.0
1.0
0.0
0.0
0.0
0.0
0.0
0.0
0.0
0.8
0.0
0.0
1.8
0.0
0.5
0.0
0.0
0.0
0.5
11.7
0.0
31.8
1.3
0.0
0.0
0.0
17.0
0.0
0.0
0.0
0.0
0.0
0.0
0.0
0.0
0.0
0.0
0.0
11.2
1.0
0.0
0.0
0.5
0.0
0.0
0.0
0.0
0.0
0.0
0.0
0.3
8.1
0.3
0.0
0.0
0.0
1.0
5.3
0.0
0.0
0.0
0.0
0.0
0.0
0.5
0.0
0.0
0.0
3.6
1.0
0.0
0.0
0.0
0.0
0.0
2.2
0.0
4.6
0.3
0.3
0.0
1.0
0.0
0.0
0.0
0.0
0.0
0.0
0.0
3.6
26.7
0.0
0.0
0.0
0.3
0.0
0.0
0.0
0.0
0.0
0.0
0.0
0.0
0.0
0.0
0.0
0.0
0.0
8.4
8.9
3.8
0.0
4.8
3.0
0.0
0.8
15.2
0.0
0.0
0.0
0.0
28.7
0.0
0.0
0.0
7.6
0.8
0.0
0.0
0.0
0.0
2.8
0.0
0.0
0.0
1.0
0.9
0.0
0.0
0.8
0.0
0.0
0.0
0.0
0.0
0.0
0.0
0.0
0.0
0.0
0.0
10.9
0.0
0.0
0.0
1.3
6.6
0.0
25.1
0.0
0.0
0.0
0.0
32.8
0.0
0.0
24.4
18.5
0.0
3.8
23.9
0.0
0.4
14.5
1.3
0.8
0.0
0.0
0.0
6.6
0.3
0.0
0.0
6.1
0.0
0.0
0.0
0.0
0.5
0.0
0.0
10.2
9.9
6.1
0.0
0.0
0.0
0.0
0.0
0.0
15.5
0.0
12.7
11.9
2.3
0.3
16.3
0.0
0.0
0.0
0.0
14.0
0.0
0.0
5.3
0.0
0.0
0.0
0.0
11.7
0.0
0.0
30.5
16.8
2.3
0.5
12.7
12.2
0.5
0.5
2.0
0.0
1.0
0.0
10.2
31.8
1.0
0.0
0.0
0.0
0.0
0.0
1.8
0.0
0.0
0.0
25.7
0.0
0.0
0.0
0.0
1.0
0.0
0.0
0.0
0.0
0.0
0.0
0.0
0.0
0.0
0.0
0.0
3.8
0.0
4.3
0.0
0.0
0.0
0.0
0.0
0.0
0.0
0.0
0.0
0.0
0.0
0.0
0.0
0.0
0.0
0.0
0.0
0.5
0.0
0.0
0.0
0.0
0.0
0.0
0.0
0.0
0.0
0.0
1.0
0.0
0.0
0.0
0.3
0.0
1.5
0.0
0.0
0.0
1.7
0.8
0.0
0.0
0.0
15.5
4.6
0.0
0.0
0.0
0.8
9.1
0.0
0.3
1.3
1.3
0.0
0.0
0.0
0.0
0.0
0.0
0.0
17.8
1.3
0.0
0.0
0.0
0.0
0.0
0.0
0.0
0.0
0.0
0.0
0.0
0.0
0.0
0.0
15.7
0.0
0.0
0.0
0.0
15.5
2.3
3.0
0.0
0.0
0.0
1.0
0.0
0.0
1.0
0.3
0.0
0.0
0.8
0.0
0.0
20.3
20.8
0.0
0.0
2.5
10.2
5.3
0.5
0.0
0.0
0.0
0.3
0.0
0.0
0.0
0.0
0.0
0.0
0.0
13.5
6.6
0.0
0.0
0.0
10.2
0.0
1.8
0.0
0.0
0.0
0.0
3.0
0.0
0.0
0.0
0.0
0.3
0.0
0.0
0.0
1.0
5.1
9.1
0.0
0.0
0.0
0.0
27.4
2.0
0.5
0.0
0.0
0.0
0.0
16.0
0.0
0.0
0.0
1.3
0.5
0.0
0.0
0.0
0.0
0.0
0.0
0.0
0.0
0.0
0.0
0.5
1.3
0.0
0.3
0.0
21.6
0.0
0.0
0.0
0.0
0.0
1.8
0.0
0.0
5.3
4.8
0.3
0.0
0.0
0.0
0.0
0.0
0.0
19.6
2.8
0.0
0.0
0.3
0.0
0.0
0.3
0.0
0.0
1.3
0.0
4.2
0.0
0.0
0.0
0.0
0.5
0.0
1.0
0.0
0.0
0.0
0.0
0.0
12.7
0.0
5.3
7.0
0.0
5.2
0.0
0.0
4.2
3.0
0.0
0.0
3.3
0.0
0.0
0.0
6.9
0.0
2.3
0.0
0.0
0.0
0.0
8.6
0.5
0.0
0.0
0.0
0.0
0.0
5.8
0.0
0.0
0.0
0.0
1.8
2.3
0.0
0.0
0.0
0.0
0.0
0.0
0.0
0.0
14.2
5.1
25.7
0.0
0.0
0.0
3.0
2.8
0.0
0.0
0.0
0.0
0.0
0.0
0.0
2.8
38.4
1.8
11.2
0.0
5.1
2.3
0.0
6.9
0.5
0.0
0.0
0.0
0.0
0.0
0.0
0.0
0.0
0.0
0.0
0.0
0.0
13.7
0.0
0.0
0.0
0.0
0.0
0.0
0.0
0.0
0.0
0.0
21.3
0.0
0.3
0.0
0.0
0.0
0.0
0.0
0.0
0.0
0.0
3.6
0.0
0.0
0.0
0.0
9.9
0.0
0.0
0.0
0.0
0.0
0.0
0.0
0.9
0.0
0.0
0.0
0.0
0.0
21.3
0.0
3.8
0.0
0.0
0.0
0.0
0.0
4.8
0.0
2.0
0.0
0.0
0.0
0.0
0.5
0.0
0.0
2.3
0.5
0.0
0.0
0.0
0.0
0.0
0.0
0.0
0.0
0.0
0.0
0.0
0.0
0.0
5.3
0.0
7.6
0.0
0.0
0.0
0.0
0.0
0.0
0.0
3.3
0.5
0.0
0.0
6.9
0.0
0.8
0.0
0.0
0.0
0.0
0.0
0.0
0.0
2.5
0.0
0.0
0.0
0.0
58.9
14.0
1.3
0.0
0.0
9.9
0.0
5.1
0.0
0.0
0.0
0.0
0.0
4.3
0.0
0.0
0.0
6.1
0.0
0.0
0.0
0.5
0.0
0.0
9.9
4.6
7.9
0.0
0.0
0.0
0.0
0.0
0.5
0.0
15.3
1.1
0.0
0.0
0.0
1.5
0.0
0.0
0.0
47.2
3.0
0.0
0.0
9.1
2.8
0.5
0.0
0.0
19.6
0.5
0.0
8.4
0.0
0.0
0.0
0.0
0.0
0.0
0.0
4.1
0.0
0.5
0.5
4.6
0.0
0.0
0.0
0.0
24.1
0.0
0.0
0.0
0.0
0.0
0.0
0.0
0.0
0.0
0.0
0.0
0.0
0.0
0.0
0.0
0.0
0.0
0.0
0.0
0.0
0.0
18.5
0.0
0.0
2.0
7.9
3.0
0.3
0.0
0.0
0.0
0.0
11.9
0.0
0.0
2.8
0.0
13.5
2.5
0.0
0.0
0.0
0.0
0.0
0.0
0.0
0.0
0.0
0.0
5.3
0.0
0.0
0.0
0.0
0.0
0.0
0.0
0.0
0.0
17.0
0.0
5.8
0.0
0.0
0.0
0.0
0.0
0.0
0.0
0.0
0.0
0.0
0.0
0.0
0.0
0.0
2.5
0.0
38.9
0.5
0.0
0.3
0.3
0.0
0.0
0.0
0.0
10.2
0.0
4.6
4.1
0.0
0.0
0.0
0.0
0.0
0.0
0.0
2.3
0.0
0.0
15.7
0.0
0.0
0.0
24.6
9.7
0.8
1.8
0.3
0.0
0.8
0.0
1.3
0.0
0.0
0.0
8.6
21.6
0.0
0.0
0.0
0.0
0.0
0.0
3.0
0.0
0.0
0.0
0.0
0.0
3.0
24.4
0.0
0.0
0.0
0.0
0.0
0.3
0.0
0.0
0.0
0.0
0.0
0.0
0.0
5.3
0.0
0.0
52.3
0.0
0.0
0.8
0.8
19.6
19.8
19.0
28.4
0.0
0.0
0.0
0.0
9.3
0.0
0.0
0.0
8.1
0.0
0.0
0.0
0.0
20.6
25.1
8.6
6.9
0.0
0.0
0.5
15.2
0.0
0.0
0.0
0.0
0.0
0.0
0.0
0.0
0.0
0.0
33.0
0.0
2.5
1.0
0.0
37.8
29.7
26.2
3.6
0.0
20.4
47.0
1.0
0.0
0.0
0.0
0.0
0.0
0.0
0.0
4.3
0.0
0.8
0.3
0.0
0.0
19.3
0.0
0.0
0.0
0.0
0.0
2.8
0.5
0.8
0.3
1.5
22.6
0.0
0.0
9.9
1.0
0.0
0.3
0.0
0.0
0.0
0.0
0.0
0.3
0.3
16.5
0.0
0.0
0.0
3.3
0.0
0.0
0.0
3.0
0.0
0.0
4.8
0.5
0.0
0.0
0.0
13.2
0.0
0.0
0.0
11.2
0.0
0.0
0.0
0.0
0.0
0.0
0.0
0.5
0.0
0.0
0.0
0.0
2.3
0.0
0.0
0.0
0.0
0.0
0.0
0.0
0.0
0.0
0.8
0.0
0.0
0.0
0.0
0.0
0.0
0.0
0.0
0.0
0.0
0.0
0.0
0.0
0.0
0.0
8.4
0.0
0.0
0.0
7.6
0.0
0.0
0.0
0.8
0.0
0.0
0.6
2.1
0.8
0.0
0.0
0.0
0.0
0.0
0.0
0.0
5.8
0.0
0.0
0.0
0.5
17.8
0.5
1.3
1.5
0.0
0.0
0.0
0.0
0.0
0.0
0.0
0.4
5.3
0.7
0.0
6.9
0.0
0.0
0.0
2.8
0.0
0.0
0.0
0.0
0.0
0.0
2.8
48.3
23.7
0.0
0.0
0.0
0.3
12.2
0.8
0.0
0.0
0.0
0.0
2.5
0.0
0.0
0.0
0.0
0.0
0.8
0.0
0.0
3.0
5.6
0.0
0.0
0.0
0.0
0.0
0.0
0.0
0.0
0.0
0.0
0.0
0.0
0.0
0.0
0.0
0.0
0.5
0.0
0.0
0.0
0.0
18.3
0.0
0.3
0.0
0.0
0.0
0.0
4.6
17.0
0.0
0.0
0.0
0.0
0.0
0.0
0.0
0.0
0.0
0.0
6.6
0.0
0.0
2.5
11.7
0.0
0.0
0.0
1.0
14.4
0.0
0.0
0.0
0.0
0.3
0.0
0.0
0.5
0.0
3.0
0.0
0.0
0.0
0.0
0.0
0.0
0.0
0.0
0.0
0.3
14.0
4.6
0.0
0.0
18.0
0.0
0.0
0.3
0.3
0.0
0.0
0.0
0.0
0.0
11.3
0.9
6.3
18.3
0.0
2.8
6.3
0.0
5.6
0.0
0.3
0.0
0.0
0.0
0.0
4.3
0.0
0.0
0.0
0.0
0.0
0.0
0.0
0.0
0.0
37.1
0.0
0.0
0.0
0.0
0.0
0.0
1.0
0.0
0.0
0.0
0.0
0.0
1.0
0.0
6.9
4.6
0.0
0.0
0.0
0.0
4.8
48.3
10.4
0.0
0.0
0.0
0.0
0.0
0.0
0.0
0.0
0.0
7.9
2.2
0.0
0.0
0.0
0.0
0.0
0.0
3.3
0.0
0.0
5.1
0.0
0.5
19.6
5.3
0.8
0.0
0.0
0.0
0.0
0.0
0.0
0.0
0.0
5.3
0.0
17.5
0.5
15.7
0.0
13.7
5.8
4.8
0.0
0.0
0.0
0.0
0.0
0.0
0.0
0.0
0.0
0.0
0.0
0.5
4.5
0.0
0.0
2.9
0.0
53.6
0.0
0.0
0.0
29.2
0.0
18.8
6.1
0.0
0.5
0.0
0.0
0.0
0.0
0.0
0.0
26.1
0.0
5.6
15.2
42.2
0.0
0.0
0.0
1.5
0.8
0.0
1.8
0.0
0.0
0.0
0.0
0.3
0.0
10.7
0.0
0.0
0.0
0.0
16.0
0.0
0.0
0.0
0.0
0.0
0.0
0.0
0.0
0.0
0.0
0.0
0.0
12.7
18.8
0.0
0.0
0.0
0.0
0.0
33.0
0.0
0.0
1.0
0.5
3.3
16.0
2.3
2.3
8.6
0.8
0.0
0.0
0.0
0.0
3.6
0.5
0.0
0.5
27.2
0.3
0.0
3.0
0.0
0.0
0.0
1.3
60.2
5.6
0.3
0.0
10.4
0.0
0.0
0.0
13.7
0.0
0.0
0.0
35.6
22.4
0.0
1.3
0.0
1.5
20.1
0.0
0.0
0.0
0.0
7.1
0.0
0.0
0.0
0.0
0.0
0.0
0.0
0.0
0.0
0.0
27.7
19.0
2.0
0.0
0.8
2.0
0.8
0.8
1.3
0.0
0.0
2.5
19.4
2.6
1.5
0.0
0.0
0.0
0.0
0.0
0.0
0.0
0.5
0.3
0.0
0.0
13.2
0.0
0.0
0.0
0.0
0.0
0.0
8.4
2.5
0.0
0.0
0.0
0.0
0.0
0.0
1.8
0.0
0.0
0.0
0.0
0.3
0.3
0.0
0.0
0.0
1.8
0.0
31.0
0.0
0.0
7.4
0.3
0.0
0.0
0.0
0.0
0.0
0.0
2.0
19.6
0.0
0.8
0.0
0.0
0.0
0.0
0.0
0.0
0.0
8.6
0.0
0.0
0.5
0.0
0.0
0.0
18.0
0.0
0.0
0.0
1.8
0.5
0.0
0.0
0.0
0.0
0.0
3.8
9.7
0.0
3.3
0.0
0.0
0.3
0.0
0.0
6.3
0.0
0.0
0.0
0.0
0.0
0.0
0.0
0.0
0.0
0.0
0.0
0.0
4.8
0.0
0.3
0.0
0.0
0.0
0.0
9.4
4.3
0.0
0.0
1.0
0.0
0.0
0.0
0.0
0.0
0.0
0.0
0.0
0.0
0.0
2.3
0.0
0.8
0.0
0.0
16.0
0.0
0.0
0.0
0.0
1.7
0.9
0.0
13.7
0.5
0.9
0.1
0.0
0.0
0.0
0.0
0.0
0.8
0.9
0.0
0.3
0.0
0.0
0.0
0.0
0.0
0.0
5.8
0.0
0.0
0.0
0.6
15.8
9.4
0.4
0.0
0.0
0.8
0.0
0.0
0.0
1.3
1.9
0.0
0.0
0.5
0.5
21.3
1.8
0.0
0.0
1.3
0.0
0.0
0.0
0.0
0.0
0.0
21.3
0.5
0.0
0.0
0.0
1.0
13.7
0.0
0.0
0.0
0.0
0.0
0.0
0.0
0.5
1.0
0.0
0.0
25.4
21.1
2.5
41.7
5.3
0.0
0.0
6.5
2.5
3.0
0.5
0.0
0.0
3.0
0.0
0.0
0.0
6.9
0.5
13.5
0.0
4.1
27.9
13.4
0.0
0.0
0.0
0.0
0.0
4.7
0.0
49.5
0.0
0.0
0.0
5.8
5.3
10.2
0.5
24.1
2.0
4.1
16.8
1.0
12.2
0.0
0.0
0.0
32.5
1.0
19.8
0.0
37.1
0.0
0.0
0.0
0.0
0.0
0.0
0.0
21.6
5.8
49.5
0.8
0.5
5.1
0.0
0.0
0.0
0.0
7.9
0.0
7.4
4.3
1.8
0.0
0.0
0.0
0.0
3.8
1.5
0.0
0.0
0.0
0.0
0.0
0.0
0.5
0.0
0.0
2.3
0.0
0.0
2.8
29.7
0.0
0.0
0.0
0.0
0.0
0.0
0.0
0.0
6.3
0.0
0.0
0.0
0.5
0.8
0.0
0.0
0.0
0.0
0.5
0.3
0.0
0.0
0.0
0.0
0.0
0.0
0.0
0.0
0.0
25.1
0.0
39.4
1.3
0.0
0.0
0.0
0.0
0.0
0.0
25.1
0.0
0.0
0.0
0.0
0.0
0.0
0.0
0.0
3.8
0.0
0.0
0.0
0.0
0.0
0.5
0.0
0.0
0.0
0.0
2.5
0.0
0.0
0.0
0.0
0.0
0.0
0.0
0.0
0.0
0.0
0.0
4.1
0.0
0.0
0.0
0.5
0.0
4.0
15.8
1.0
0.0
1.3
9.4
0.0
0.0
0.0
0.0
3.6
0.0
0.0
0.0
0.0
0.0
4.3
0.0
0.0
0.0
0.0
19.4
28.5
0.0
0.0
10.2
4.3
0.0
0.0
0.0
0.5
18.3
6.1
0.0
4.6
4.1
0.0
0.8
0.0
0.0
0.0
1.3
0.0
0.0
0.0
0.0
0.0
2.0
20.1
1.2
3.3
0.0
0.0
0.0
0.0
5.1
0.3
0.5
21.1
0.0
0.0
64.8
26.7
38.6
0.0
0.0
0.0
0.0
0.0
0.0
0.0
0.0
0.0
6.9
1.8
7.1
0.0
0.0
0.0
0.0
0.0
0.0
1.3
0.0
0.0
8.1
0.0
0.0
0.0
0.0
0.0
0.0
0.0
0.0
0.0
0.0
0.0
0.0
0.0
13.3
0.0
0.0
0.0
0.0
0.3
0.3
0.0
0.0
0.3
0.0
1.8
3.8
0.0
0.0
0.0
0.0
0.0
0.0
0.0
0.0
0.7
8.4
0.0
0.0
0.0
0.0
1.3
0.0
0.0
2.0
0.0
0.0
6.6
1.5
1.6
2.0
0.8
0.0
14.5
7.9
0.0
2.5
0.0
0.0
0.0
0.0
0.0
0.0
0.0
21.8
2.0
0.0
0.0
9.4
0.0
0.0
32.0
0.0
0.0
0.0
0.0
0.0
0.0
14.3
3.0
0.0
0.8
12.4
0.5
0.0
0.0
0.0
0.0
0.0
0.0
0.0
1.8
5.9
4.2
0.0
0.0
0.0
0.0
7.1
5.5
0.0
5.8
0.0
1.3
0.5
3.6
0.0
0.0
0.0
7.9
7.6
6.3
0.0
11.1
0.3
11.7
0.0
0.0
0.5
2.0
0.0
0.0
0.0
0.0
0.0
0.0
0.0
0.0
18.0
0.5
0.0
0.0
0.0
45.8
8.8
0.0
1.0
0.5
0.0
0.0
0.0
0.0
0.0
0.0
0.0
0.0
6.3
1.4
0.0
0.0
0.0
0.0
0.0
0.8
0.5
12.7
0.0
0.0
0.0
0.3
0.0
0.0
0.0
0.2
0.0
16.3
6.9
0.5
31.8
11.4
0.5
0.0
0.0
0.0
0.0
0.0
61.7
0.0
0.0
0.0
5.8
21.3
5.8
3.6
10.9
0.8
0.0
84.8
0.0
0.0
1.1
1.5
0.0
0.0
0.0
0.3
5.8
0.0
5.6
0.5
0.0
0.0
0.0
0.0
0.0
0.0
72.1
0.0
22.9
38.1
0.0
0.0
16.5
1.8
13.2
0.0
0.0
0.1
3.3
0.0
0.3
13.7
0.0
0.0
14.0
0.0
0.0
0.0
0.0
0.0
0.0
0.0
4.9
18.7
8.0
0.0
0.0
0.0
0.0
0.0
0.0
9.7
0.0
0.0
0.0
0.0
0.0
0.0
0.0
0.0
3.6
0.0
0.0
0.0
6.9
5.8
0.5
0.3
0.0
0.0
20.3
0.0
0.0
0.0
0.0
0.0
0.8
2.5
0.0
0.0
16.0
0.0
0.0
0.0
7.1
0.3
0.0
0.0
0.0
0.0
0.0
4.4
0.0
0.0
0.0
0.0
0.0
0.0
14.7
0.0
0.0
0.0
0.0
0.0
5.3
0.0
0.0
0.0
0.0
0.0
0.0
0.0
0.0
0.0
0.8
0.0
0.0
0.0
14.7
4.8
0.0
0.0
0.0
6.9
8.1
0.0
0.0
0.0
0.0
0.0
12.7
0.0
0.0
0.0
0.0
0.0
0.0
1.9
0.0
0.3
0.0
0.0
1.8
0.5
0.0
0.0
0.0
0.0
0.0
0.8
0.0
8.9
0.0
0.0
0.0
0.0
0.0
0.0
0.0
9.4
3.6
1.5
0.0
0.0
0.0
0.0
0.0
0.5
1.6
1.7
3.0
0.5
0.5
3.3
0.0
0.0
7.4
0.3
0.0
0.0
0.0
0.0
0.0
0.0
0.0
0.0
0.0
0.0
0.0
0.0
0.0
0.0
0.0
0.0
1.1
0.0
5.8
0.0
0.0
0.0
0.0
0.0
0.0
0.0
0.0
0.0
0.0
0.0
3.5
1.4
0.0
0.4
0.0
0.0
0.0
0.0
10.4
0.0
0.0
0.0
0.0
0.0
8.8
0.0
0.0
0.1
0.0
0.0
8.4
0.3
0.0
0.0
1.3
0.0
0.0
0.0
0.0
0.0
0.0
1.3
10.4
2.3
0.0
5.6
0.0
18.3
34.3
1.0
0.0
0.0
20.3
19.3
10.9
0.0
0.0
0.0
0.0
1.7
0.0
0.0
0.0
0.5
16.3
3.0
0.0
0.0
0.0
2.8
0.0
0.0
0.0
0.0
0.0
22.9
0.8
15.2
65.8
10.7
0.5
0.0
26.7
5.8
0.0
0.0
0.0
0.0
0.0
14.5
0.8
0.0
0.0
0.0
0.0
0.0
0.5
32.5
23.6
11.9
0.0
2.0
1.5
1.8
0.0
0.5
0.0
0.0
0.0
0.5
0.0
0.0
0.0
0.0
0.0
0.0
0.0
0.0
0.0
0.0
0.0
0.0
0.0
0.0
4.8
0.0
0.8
11.9
0.0
0.0
0.0
0.0
10.7
0.0
0.0
0.0
0.8
0.0
0.0
0.0
30.0
0.0
0.0
0.0
0.0
1.3
0.0
0.0
0.0
0.0
37.6
0.8
0.0
0.0
0.0
0.0
1.3
0.0
3.0
0.0
0.0
1.8
23.4
0.0
0.0
0.0
44.4
8.6
0.0
0.0
0.0
0.0
14.5
0.0
2.5
0.0
0.5
0.0
0.0
0.0
0.0
14.2
0.0
0.0
0.0
0.0
0.0
0.8
0.0
0.5
0.0
0.0
10.9
0.5
0.0
0.0
0.0
0.0
1.3
3.8
0.5
0.0
0.0
0.0
0.0
0.0
0.0
0.0
0.0
0.0
0.0
0.0
0.0
0.0
0.0
0.0
0.0
0.0
0.0
0.0
0.8
0.0
0.0
0.0
0.0
0.0
0.0
0.0
0.5
0.0
0.0
0.0
0.0
0.0
0.0
6.1
41.9
4.8
11.9
5.8
0.0
8.3
34.8
0.6
0.0
0.3
9.4
0.0
0.0
0.0
0.0
0.0
0.0
0.0
9.9
1.0
1.3
0.0
0.0
0.0
0.0
0.8
0.0
0.0
0.3
0.0
0.0
0.0
3.6
0.0
0.0
0.0
0.0
0.0
1.0
0.0
0.0
6.3
2.0
0.0
0.5
5.8
0.0
0.0
0.0
0.0
0.0
0.0
0.0
0.0
0.0
0.0
1.8
0.0
0.0
0.0
0.0
0.5
0.0
0.0
0.0
0.0
0.0
0.0
0.0
0.0
0.0
0.0
0.0
0.0
1.8
0.0
0.0
0.0
0.0
0.3
1.0
2.0
0.0
0.0
0.0
0.0
0.0
0.5
0.0
0.0
0.0
0.0
0.0
0.0
0.0
2.5
0.0
0.3
0.3
0.8
0.0
0.0
1.3
0.0
0.0
0.0
0.0
0.0
0.0
6.3
1.3
0.0
0.0
0.0
0.0
0.0
0.0
0.0
0.0
0.0
0.0
0.0
0.0
0.5
0.8
0.0
0.3
0.0
0.3
4.6
0.0
0.0
0.0
0.0
0.0
0.0
0.8
3.0
26.4
46.7
1.0
1.3
6.9
9.9
0.0
0.0
0.8
3.0
3.6
0.0
0.0
15.5
9.2
0.3
0.0
0.0
0.0
0.0
0.0
0.0
0.0
0.0
0.0
8.4
0.0
0.0
0.1
0.0
0.0
0.0
23.9
19.0
0.0
20.8
0.0
3.3
0.0
0.0
0.0
4.1
3.3
3.6
0.0
0.0
0.0
0.0
6.9
0.0
0.0
0.0
0.0
28.2
7.6
0.5
0.0
0.0
0.0
0.0
0.0
0.0
0.0
3.2
0.0
0.0
0.0
0.0
0.0
0.0
0.0
0.0
15.5
7.9
0.0
0.0
1.5
0.0
0.5
6.0
0.0
0.0
0.0
0.0
0.4
3.2
0.0
0.0
3.8
0.0
4.8
0.2
0.0
0.0
0.0
11.4
0.0
14.0
0.0
33.0
1.3
0.3
0.0
0.0
0.0
0.0
0.0
0.0
0.0
0.0
19.6
18.0
31.5
0.0
0.0
1.0
0.0
0.0
0.0
0.0
5.6
4.3
17.3
1.5
0.0
0.0
5.8
0.2
0.0
14.7
0.0
0.0
8.9
0.0
1.5
0.0
10.2
0.0
0.0
0.0
0.7
0.0
0.0
0.0
3.0
21.8
0.0
0.0
0.0
0.0
8.6
0.0
0.0
0.0
0.0
0.0
0.0
0.0
0.0
5.6
118.6
0.5
0.0
0.0
0.0
0.0
0.0
0.0
13.0
5.1
0.0
1.3
0.0
0.0
0.0
0.0
0.0
0.7
39.8
0.8
0.0
14.7
1.3
0.0
0.0
6.9
19.0
0.0
0.0
0.0
44.1
2.2
0.0
0.0
0.0
0.0
0.0
0.0
0.0
18.3
89.9
5.3
0.0
0.0
0.0
0.0
0.0
0.0
0.0
0.0
0.0
0.0
0.0
0.0
0.0
0.0
0.0
6.6
2.3
0.0
0.0
0.0
0.0
0.0
0.0
0.0
0.0
1.8
0.8
5.3
29.5
0.0
0.0
3.0
0.0
4.6
0.0
4.3
0.0
0.0
0.0
0.0
0.5
0.0
0.0
0.0
0.0
0.0
15.0
4.1
0.8
0.0
0.0
9.4
5.8
5.6
0.5
0.5
4.6
5.8
0.5
0.0
4.3
1.0
0.0
0.0
1.0
0.0
9.7
0.8
0.0
0.5
0.3
0.0
0.0
0.0
0.0
11.7
0.0
10.9
0.0
0.0
0.0
0.0
22.6
17.3
1.0
0.1
0.3
0.0
2.7
0.0
0.0
0.0
0.0
0.0
0.0
14.0
0.3
0.0
0.0
0.0
0.0
2.3
0.8
0.0
0.0
0.0
0.0
0.0
15.5
5.1
0.0
0.0
31.2
