20000101
0.0
0.0
0.0
5.7
0.0
0.0
0.0
0.0
2.3
0.4
0.0
0.0
0.0
0.0
0.0
0.0
0.0
0.0
0.0
4.1
0.0
0.0
1.8
0.0
0.0
0.0
0.0
0.0
0.0
7.7
0.5
0.0
0.0
0.0
0.0
0.0
0.0
0.0
0.0
0.0
1.3
0.0
0.0
0.0
1.1
0.0
0.0
0.0
28.6
1.0
0.0
0.0
0.0
0.0
2.3
0.0
0.7
2.8
0.0
0.0
3.7
0.0
0.0
0.0
0.0
0.0
0.0
0.0
0.0
0.0
2.5
3.5
0.0
0.0
0.6
13.4
0.0
0.0
11.5
14.8
2.5
0.0
0.0
0.0
0.6
0.0
10.3
0.0
0.0
0.0
0.0
0.0
2.8
0.0
0.0
0.0
0.0
0.0
6.3
0.0
0.0
2.5
0.0
0.0
0.0
0.0
0.0
11.2
0.0
2.4
3.4
8.7
0.0
0.0
16.1
0.0
0.0
0.0
0.7
0.6
0.0
0.0
1.6
0.0
0.0
0.0
0.0
1.3
0.0
6.3
3.2
0.0
0.0
2.5
0.0
0.0
0.0
0.0
2.7
0.0
0.0
0.0
0.6
6.4
0.0
0.0
0.0
25.8
1.7
0.0
0.0
0.0
0.0
0.0
0.0
0.0
7.5
0.0
0.0
0.0
0.0
0.0
1.5
36.4
7.5
0.7
1.0
0.0
0.2
0.0
0.0
1.4
74.6
0.0
0.0
24.2
19.9
21.2
0.4
0.0
0.0
0.0
0.0
0.0
2.5
0.0
34.5
12.7
0.0
0.0
0.0
0.0
18.8
0.3
0.0
0.0
0.0
0.0
0.0
0.0
10.4
0.0
0.0
0.0
0.0
0.0
0.0
0.0
0.0
0.0
0.0
0.0
11.7
12.2
0.0
3.8
0.0
0.0
43.4
2.3
3.6
10.7
0.0
0.0
0.0
0.0
0.0
0.0
0.0
0.0
28.7
0.0
0.0
0.0
1.8
13.7
4.6
0.0
0.0
0.3
0.0
0.0
0.0
0.0
0.0
0.0
0.0
0.0
0.0
0.0
0.0
0.0
0.0
0.0
9.7
19.0
0.0
0.0
6.9
0.0
0.0
0.0
0.0
0.0
6.1
3.0
0.8
17.5
10.4
5.1
0.0
0.0
0.0
0.0
0.0
0.0
0.0
1.0
30.5
7.4
0.0
0.0
0.0
0.0
0.0
0.0
0.0
1.0
21.8
0.5
2.0
0.5
0.0
0.0
0.0
0.0
1.0
6.1
0.5
0.0
0.0
0.0
0.0
0.5
0.0
0.0
3.6
0.3
0.0
0.0
0.5
39.4
0.5
15.0
14.2
0.0
0.0
10.9
0.5
0.0
0.0
0.0
0.0
0.0
0.0
0.0
0.0
0.0
0.0
3.3
6.9
0.0
0.0
1.0
0.0
0.5
2.0
0.0
0.0
0.0
0.0
0.0
0.0
0.5
11.4
7.1
0.0
0.0
11.2
0.0
0.0
1.0
0.0
1.4
0.0
0.9
0.0
0.0
0.0
0.0
0.0
0.0
0.0
3.1
1.9
0.0
0.0
0.0
0.0
0.0
0.0
0.0
0.0
0.0
0.0
0.0
0.0
17.8
0.0
4.1
0.5
0.0
0.0
0.0
0.0
0.0
0.0
0.0
0.0
0.0
0.0
10.2
0.0
0.0
27.9
64.8
12.7
5.1
0.0
0.0
0.0
0.5
0.0
0.0
0.8
1.5
9.4
0.0
0.0
0.0
15.7
2.5
0.5
0.0
0.0
0.0
0.0
0.0
26.2
0.0
23.9
44.7
0.0
0.0
0.0
0.0
0.5
0.0
0.3
0.0
0.0
0.0
0.0
0.0
0.0
0.0
3.0
1.5
0.0
4.1
18.3
3.8
0.0
0.0
0.0
0.0
0.0
0.0
0.0
0.0
0.0
0.0
0.0
0.0
0.0
0.0
3.0
2.5
4.1
0.5
0.0
6.3
0.0
0.0
0.0
7.1
14.2
4.1
0.0
0.0
0.0
3.0
0.0
0.0
0.0
4.1
2.8
1.5
0.0
9.7
2.5
5.6
0.0
0.5
0.0
0.0
0.0
0.0
0.0
0.0
1.3
0.3
18.3
0.0
0.0
0.0
5.1
0.3
0.0
2.3
2.5
0.0
0.8
17.0
0.0
0.0
4.6
1.0
1.8
2.0
0.0
2.8
13.0
0.0
1.0
0.0
13.0
12.7
11.9
0.0
21.6
9.9
38.4
0.0
0.0
0.0
0.0
0.0
0.0
0.0
0.0
5.3
0.0
0.0
0.0
0.0
0.0
0.0
0.0
0.0
0.0
0.0
0.0
0.0
7.9
0.0
0.0
0.0
6.3
0.0
0.5
6.9
0.0
0.0
0.0
0.0
0.0
0.0
0.0
0.0
0.0
0.0
0.0
0.0
8.9
5.3
5.6
0.0
0.0
0.0
5.1
0.0
7.9
0.0
0.0
0.0
0.0
0.0
0.0
0.0
17.0
0.0
0.0
0.0
0.0
0.0
0.0
3.0
0.0
0.0
0.0
0.0
0.0
8.4
0.0
0.0
7.1
0.0
0.0
0.0
47.0
2.5
0.1
0.0
0.3
0.0
0.0
0.0
0.0
0.0
0.0
0.0
0.0
0.0
0.0
16.8
2.0
15.2
4.6
0.0
0.0
0.0
0.0
0.0
0.0
0.0
1.0
21.6
0.5
13.7
0.0
1.3
1.0
0.0
0.0
0.0
0.0
0.0
0.0
0.0
0.0
0.0
0.0
18.9
6.9
0.0
0.0
0.0
12.4
4.5
26.0
0.0
25.5
1.2
17.3
0.0
0.0
0.0
0.0
0.0
0.0
6.6
0.0
13.7
0.0
0.0
0.0
0.0
0.0
0.0
0.0
4.3
0.0
0.0
0.0
0.0
0.0
0.0
0.0
0.0
0.0
0.0
0.0
0.0
0.0
0.0
0.0
0.0
3.0
0.0
0.0
0.0
0.0
26.3
3.3
0.0
1.3
1.9
6.7
11.0
0.0
0.0
0.0
0.0
0.0
1.9
0.0
0.0
0.0
0.0
0.0
1.0
12.7
5.7
4.3
3.8
15.0
1.6
0.0
0.0
0.0
0.0
7.4
0.4
0.0
0.0
0.0
0.0
0.0
0.0
0.0
0.0
0.0
0.0
0.0
0.0
0.9
0.0
0.0
0.0
0.0
0.0
0.0
0.0
0.0
0.0
0.0
0.0
0.0
1.2
0.0
0.0
0.0
0.0
2.9
0.0
0.0
0.0
0.0
0.0
15.4
44.8
6.1
0.0
0.0
0.0
0.0
0.0
0.0
0.0
0.0
2.5
3.8
0.0
0.0
0.0
0.0
0.0
0.0
0.0
6.4
25.9
2.0
0.0
0.0
0.0
0.0
8.9
1.0
0.0
0.0
10.1
7.3
0.0
0.0
0.0
0.0
0.0
16.4
1.1
0.0
0.0
0.0
0.0
2.2
1.2
0.6
0.0
0.8
3.1
0.0
0.0
0.0
0.0
13.9
2.1
0.2
0.0
0.0
0.7
0.0
0.0
0.0
0.0
0.0
0.0
0.0
0.0
5.9
17.6
0.0
0.0
0.0
0.0
0.0
0.0
0.0
0.0
0.0
0.0
30.3
22.7
16.9
0.0
2.2
28.5
0.0
0.0
52.8
0.0
0.0
0.0
6.3
0.0
0.0
0.0
6.6
48.8
1.0
25.4
0.5
7.4
64.3
7.1
0.0
0.0
0.0
14.5
8.9
0.0
0.0
0.0
0.0
0.0
2.5
0.0
0.0
0.0
3.8
0.0
0.0
0.0
2.0
0.0
0.0
0.0
22.6
4.6
0.5
0.0
0.0
0.0
0.0
50.8
9.7
8.9
0.8
2.3
0.0
0.0
0.0
0.0
0.0
0.0
0.0
0.0
0.0
0.5
0.0
0.0
0.0
0.0
0.0
0.0
0.0
0.0
0.0
0.0
0.0
0.0
0.0
1.5
0.0
16.8
0.0
0.0
0.0
0.0
0.0
0.0
0.0
0.0
0.0
0.0
22.1
0.0
0.0
76.7
0.0
0.0
0.0
4.6
0.0
0.0
0.0
0.0
0.0
0.0
0.0
0.0
0.0
0.0
0.0
0.0
0.0
0.0
30.0
23.4
1.5
38.9
1.5
24.9
3.0
0.0
0.0
26.2
18.8
0.0
0.0
0.0
0.0
0.0
0.0
0.0
0.0
0.0
0.0
0.0
0.0
0.0
0.0
0.0
0.0
0.0
0.0
0.0
0.0
0.0
3.3
4.8
0.0
2.8
0.0
9.7
12.4
0.0
0.0
0.0
0.0
0.0
0.0
0.0
0.0
0.0
0.0
0.0
3.0
0.5
7.1
0.0
1.3
0.0
0.0
0.0
0.0
0.0
2.0
0.0
0.0
0.0
0.0
39.4
0.0
0.0
0.0
0.5
1.0
6.9
6.1
0.0
0.0
10.2
5.6
2.5
0.0
0.0
0.0
0.0
2.5
1.5
7.1
0.0
0.0
0.0
0.0
0.0
0.0
0.0
0.0
3.0
0.0
0.0
0.0
0.5
0.0
0.0
3.0
0.0
0.0
0.0
0.0
0.0
0.0
0.0
0.0
0.0
0.0
0.0
0.0
0.0
0.0
0.0
0.0
0.0
0.0
0.0
0.0
0.0
0.0
0.0
0.0
0.0
14.2
13.7
0.0
0.0
0.0
0.0
0.0
0.5
0.0
0.0
0.0
0.0
0.0
0.0
0.0
0.5
1.8
0.0
1.3
0.0
0.0
0.0
0.0
0.0
0.0
0.0
0.0
0.0
0.0
1.3
0.5
0.0
0.0
0.0
0.0
0.0
0.0
0.0
0.0
0.3
0.0
0.0
1.3
0.0
0.0
9.9
0.0
0.0
1.5
0.0
0.0
0.0
0.0
0.0
1.0
2.3
0.0
0.0
0.0
0.0
18.5
0.0
0.0
0.0
0.0
0.0
0.0
0.0
1.5
0.0
0.0
0.0
0.0
0.3
0.0
0.0
0.0
1.0
0.0
0.0
0.0
0.0
0.0
0.0
0.0
8.1
0.0
0.0
0.0
0.0
0.0
1.3
15.9
7.5
0.0
0.0
0.0
1.0
0.0
0.0
0.0
8.9
0.0
0.0
0.0
0.0
0.0
1.5
20.3
0.0
20.3
0.5
0.0
0.0
0.0
0.0
0.0
0.0
0.0
0.0
10.9
0.8
0.0
4.3
0.0
0.0
0.0
0.0
14.0
7.1
0.0
0.0
3.0
2.5
6.6
0.0
0.0
0.0
17.8
0.0
0.8
0.0
14.0
3.8
16.5
0.0
0.0
0.8
5.1
0.5
0.0
0.0
0.8
0.0
0.0
0.0
0.0
0.0
4.6
0.0
0.0
0.0
0.5
0.0
1.3
0.0
0.0
10.7
0.5
0.0
10.2
0.0
0.0
0.0
0.0
17.8
30.7
0.5
9.1
0.0
0.0
0.0
0.0
0.0
0.0
0.0
0.0
0.0
0.0
0.0
21.8
0.0
0.0
0.0
3.0
0.0
0.0
0.0
0.0
0.0
0.0
0.0
0.0
15.2
37.3
0.0
0.0
0.0
0.0
0.0
0.0
0.0
4.1
17.8
0.0
1.3
0.0
0.0
0.0
0.0
0.0
0.0
0.0
7.6
0.0
0.0
0.0
0.0
1.3
9.7
0.0
2.0
0.0
0.0
0.0
0.0
0.0
4.6
0.0
1.3
0.0
0.0
0.0
0.0
0.0
0.0
0.0
0.0
0.0
0.0
0.0
0.0
0.0
0.0
0.5
11.7
0.0
104.3
5.6
0.0
0.0
0.0
0.0
0.0
0.0
0.0
0.0
0.0
0.0
3.0
2.0
0.0
0.0
0.0
0.0
0.0
0.0
0.0
2.0
0.0
0.0
0.0
7.9
0.0
0.0
0.0
0.0
0.0
0.0
0.0
2.5
0.0
0.0
0.0
0.0
0.0
18.5
0.0
0.8
0.0
27.4
0.0
0.0
0.0
0.0
0.0
0.0
0.0
0.0
0.0
3.8
2.8
1.3
0.0
0.0
0.0
0.0
0.0
0.0
5.6
0.0
0.0
23.6
0.0
0.0
0.0
0.0
0.0
1.0
1.0
0.0
0.0
2.0
0.0
0.0
60.7
8.4
0.0
0.0
0.0
0.0
15.2
0.0
0.0
0.0
0.0
0.0
0.0
0.0
0.0
0.0
0.8
1.5
0.0
0.0
0.0
1.8
5.1
0.0
0.0
0.0
0.5
0.0
0.0
0.0
0.0
0.0
0.0
0.0
0.0
16.5
0.0
0.0
0.0
0.0
1.3
0.0
0.0
0.0
0.0
0.0
0.0
9.9
11.4
0.0
0.0
0.0
0.0
0.0
0.0
0.0
0.0
0.0
0.0
1.3
7.1
0.0
0.0
0.0
0.0
0.0
0.0
0.0
0.0
2.3
1.0
0.0
0.0
0.0
0.0
0.0
0.5
1.5
0.0
0.0
3.0
0.8
0.0
0.0
0.0
0.0
0.0
0.0
0.0
0.0
0.0
0.0
0.0
0.0
0.0
0.0
0.0
0.0
0.0
0.0
0.0
0.0
0.0
0.0
0.8
0.0
0.0
2.3
29.2
0.0
0.0
0.0
0.0
0.0
0.0
0.0
4.3
0.0
5.8
2.5
0.0
0.0
0.0
0.0
0.0
0.0
0.0
0.0
0.0
20.1
18.5
0.0
23.6
1.3
0.0
0.0
0.0
0.0
0.0
0.0
0.0
0.0
0.0
0.0
0.0
0.0
0.0
0.0
0.0
0.0
0.0
0.0
0.0
0.0
0.0
8.4
0.0
14.7
0.0
18.3
0.0
0.0
0.0
0.0
1.8
6.3
8.9
1.3
0.0
1.3
0.0
0.0
0.0
0.0
0.0
4.1
2.5
3.0
10.2
16.8
0.0
0.0
1.5
4.1
0.0
0.0
0.0
0.0
5.1
31.8
0.0
1.3
1.3
0.0
0.0
32.5
2.0
0.0
0.0
0.0
0.0
0.0
0.0
0.0
0.0
4.8
17.8
0.0
6.3
0.0
1.8
30.5
0.0
0.0
0.0
0.0
0.0
2.5
0.0
0.0
19.8
0.0
0.0
0.0
0.0
0.0
0.0
0.0
12.2
8.1
0.0
0.0
9.7
0.0
1.3
4.1
31.2
20.3
0.0
0.0
0.0
0.0
0.0
0.0
0.0
0.0
0.0
0.0
1.3
0.0
0.0
0.0
0.0
0.0
0.0
11.4
0.0
0.0
0.0
0.0
1.3
0.0
0.0
0.0
0.0
0.0
0.0
0.0
0.0
0.0
0.0
0.0
0.0
0.0
2.0
0.0
3.8
9.1
0.0
0.0
2.5
3.0
58.9
0.0
10.7
7.1
0.0
0.0
0.0
0.0
0.0
0.0
0.0
0.0
0.0
0.0
0.0
0.0
0.0
0.0
0.0
0.0
0.0
5.1
0.0
0.0
0.0
0.0
0.0
0.0
0.0
0.0
0.0
0.0
0.0
0.0
0.0
0.0
0.0
3.0
0.0
0.0
0.0
0.0
0.0
2.0
10.7
0.0
0.0
0.0
36.1
1.0
12.2
0.0
0.0
19.8
20.8
0.0
0.0
0.0
3.0
0.0
0.0
0.0
20.3
0.0
13.2
13.0
0.0
9.9
31.8
0.0
19.0
0.0
0.0
0.0
0.0
0.0
0.0
1.0
0.0
0.0
0.0
0.0
0.0
3.8
0.0
5.1
0.0
0.0
2.0
0.0
6.3
12.7
0.0
10.2
6.9
1.5
8.6
10.7
0.0
0.0
0.0
0.0
7.4
16.3
5.6
0.0
1.0
3.6
0.0
0.0
0.0
0.0
0.0
0.0
0.0
0.0
0.0
0.0
0.0
0.0
0.0
0.0
0.0
0.0
0.0
0.0
0.0
0.0
3.3
1.3
10.9
19.3
24.4
17.8
0.0
4.1
0.0
0.0
1.3
12.2
44.4
0.5
0.0
0.0
0.0
0.0
0.0
0.0
0.0
0.0
0.0
0.0
0.0
0.0
0.0
0.0
1.3
1.5
0.0
0.0
0.0
0.0
0.0
0.0
0.0
5.1
6.1
1.8
0.5
0.0
0.0
6.3
18.3
0.0
1.3
0.0
0.0
0.0
0.0
0.0
0.0
0.0
0.0
0.0
0.0
0.0
2.0
0.0
0.0
0.0
0.0
0.0
0.0
1.3
0.0
0.0
0.0
0.5
0.0
0.0
0.0
0.0
0.0
0.0
0.0
0.0
0.0
0.0
0.0
15.0
3.8
6.9
5.1
0.0
0.0
0.0
1.8
0.0
0.0
0.8
0.0
0.0
0.0
0.0
2.0
0.0
0.0
0.0
0.0
13.5
15.0
0.0
0.0
0.0
0.0
0.0
0.0
0.0
7.6
2.5
0.0
0.0
0.0
3.3
1.0
0.0
0.0
1.5
0.0
0.0
0.0
0.0
0.0
0.0
0.0
0.0
7.1
6.9
0.0
15.2
0.0
0.0
0.0
0.0
0.0
0.0
17.0
16.0
0.0
0.0
0.0
0.0
0.0
0.0
0.0
1.3
0.0
2.0
0.0
0.0
0.0
0.0
0.0
0.0
0.0
0.0
0.0
2.8
0.0
0.0
0.0
0.0
15.5
0.0
0.0
0.0
0.0
0.0
0.0
0.0
0.0
0.0
0.0
0.0
0.0
0.0
0.0
0.0
0.0
0.0
0.0
0.0
0.0
6.3
0.0
0.0
0.0
0.0
0.0
0.0
3.0
15.5
0.0
0.0
0.0
0.0
0.0
8.6
0.0
0.0
0.0
0.0
0.0
0.0
0.0
10.2
0.0
0.0
0.0
0.0
0.0
0.0
0.0
0.0
7.9
0.0
0.0
0.0
0.0
0.0
0.0
0.0
1.5
17.3
6.6
2.5
0.0
0.0
13.2
6.1
0.0
2.0
0.0
0.0
0.0
7.4
1.3
0.0
0.0
0.0
0.0
0.0
0.0
0.0
0.0
0.0
0.0
0.0
0.0
2.0
0.0
0.0
0.0
0.0
12.2
0.0
12.2
0.0
0.0
7.6
33.0
0.0
0.0
0.0
0.0
5.1
14.7
0.0
0.0
5.8
0.0
0.0
0.0
0.0
0.0
0.0
0.0
0.0
0.0
0.0
0.0
0.0
0.0
0.0
0.0
0.0
0.0
0.0
0.0
0.0
4.6
44.4
2.8
0.0
2.0
0.0
0.0
0.0
0.0
0.0
0.0
0.0
20.8
0.0
0.0
0.0
0.0
24.1
0.0
0.0
0.0
0.0
0.0
0.0
3.0
0.0
11.9
14.5
0.0
0.0
0.0
0.0
0.0
0.0
0.0
0.0
0.0
0.0
5.6
31.0
0.0
0.0
3.5
0.0
0.0
0.0
0.0
0.0
0.0
5.1
0.0
0.0
0.0
0.0
0.0
5.1
0.0
0.0
0.0
0.0
0.0
0.0
0.0
0.0
0.0
0.0
7.6
0.0
0.0
0.0
0.8
0.0
3.0
0.0
0.0
2.5
0.0
0.0
0.0
0.0
0.0
0.0
2.3
0.0
0.0
3.0
5.8
0.0
0.0
0.0
0.0
0.0
0.0
0.0
0.0
0.0
0.0
0.0
0.0
0.0
0.0
33.0
0.0
0.0
0.0
0.0
0.0
0.0
0.0
0.0
0.0
0.0
0.0
0.0
0.0
4.1
0.0
0.0
0.0
0.0
0.0
0.0
0.0
0.0
0.0
0.0
0.0
0.0
0.0
0.0
0.0
0.0
0.0
0.0
0.0
0.0
2.5
0.5
0.0
1.8
9.7
9.7
0.0
25.1
48.3
0.0
0.0
0.0
0.0
0.0
0.0
0.0
5.6
0.0
0.0
0.0
0.0
0.0
0.0
3.6
0.0
0.0
7.4
0.0
0.0
12.2
0.0
0.0
22.4
56.6
0.0
0.0
0.0
0.0
0.0
0.0
0.0
1.3
0.0
41.9
0.0
6.1
0.0
0.0
0.0
0.0
0.0
1.8
1.0
0.0
0.0
1.0
13.2
24.9
0.8
0.0
2.8
0.0
0.0
0.0
0.0
0.0
0.0
5.1
0.0
1.0
2.5
1.5
3.0
7.4
0.0
0.0
0.0
0.0
0.0
0.0
3.0
0.0
0.0
0.0
0.0
0.0
0.0
7.6
9.1
5.3
0.0
0.0
0.0
0.0
5.6
0.0
0.0
0.0
0.0
0.0
0.0
0.0
0.0
0.0
3.0
0.0
0.0
0.0
0.0
0.0
0.0
0.0
0.0
0.0
43.2
0.5
0.0
0.0
0.0
0.0
0.0
10.7
0.0
0.0
0.0
0.0
1.3
1.8
2.5
16.3
64.8
8.6
0.0
0.0
0.0
0.0
0.0
22.9
19.6
21.6
0.0
0.0
0.0
0.0
11.7
4.6
0.0
0.0
0.0
0.0
0.0
0.0
0.0
0.0
0.0
0.0
5.6
16.8
47.5
4.1
0.0
0.0
0.0
0.0
0.0
0.0
0.0
14.0
0.0
0.0
0.0
0.0
0.0
0.0
0.0
9.1
5.3
15.5
0.5
0.0
0.0
0.0
0.0
0.5
0.0
0.0
0.0
0.0
0.0
0.0
12.2
32.5
1.5
0.0
0.0
0.0
0.0
3.3
0.0
0.0
0.0
0.0
18.3
0.0
0.0
0.0
0.0
0.0
0.0
0.0
0.0
0.0
0.0
0.0
0.0
0.0
0.0
0.0
0.0
0.0
10.2
1.3
0.0
0.0
0.0
0.0
38.4
0.5
0.0
0.0
0.0
7.6
0.0
0.0
0.0
10.4
2.5
0.8
0.0
0.0
0.8
0.0
0.0
0.0
0.0
0.0
0.8
0.0
0.0
0.0
0.0
11.7
0.0
0.0
0.0
6.9
16.3
0.0
0.0
0.0
0.0
0.0
0.0
0.0
0.0
0.0
0.0
0.0
0.0
0.0
30.7
0.0
0.0
0.0
0.0
0.0
0.0
0.0
0.0
0.0
0.0
0.0
3.3
0.0
0.0
0.0
0.0
0.0
1.8
0.0
0.0
22.9
2.0
0.0
0.0
0.0
0.0
0.0
0.0
0.0
0.0
13.7
4.1
0.0
0.0
0.0
11.4
0.8
0.0
0.0
0.5
0.0
0.0
0.0
11.7
1.3
20.6
0.0
0.0
0.0
0.0
0.0
4.8
0.0
0.0
2.0
0.0
0.0
0.0
0.0
0.0
0.0
0.0
0.0
0.0
0.0
0.0
0.0
0.0
2.0
0.0
0.0
0.0
0.0
0.0
10.2
24.9
0.0
0.0
4.6
0.0
0.0
0.0
0.0
0.0
0.0
0.0
24.9
0.0
0.0
0.0
10.2
11.2
0.0
0.0
0.0
0.0
0.0
0.0
0.0
3.6
0.0
0.0
0.0
0.0
0.0
0.0
0.0
0.0
4.8
1.5
1.0
1.8
4.8
10.4
0.0
0.0
0.5
0.0
0.0
0.0
0.0
10.7
0.0
0.0
10.2
0.0
0.0
0.0
0.0
0.0
0.0
14.7
0.0
0.0
2.5
5.8
0.0
0.0
0.0
0.0
0.0
0.0
0.0
0.0
0.0
9.7
23.4
5.8
0.0
0.0
0.0
0.0
0.0
4.9
16.1
6.2
0.0
0.0
0.0
0.5
0.0
0.0
0.0
0.0
0.0
0.0
5.2
0.0
0.0
0.0
0.0
0.0
0.0
0.0
0.0
7.4
2.7
15.3
1.6
0.0
0.0
0.1
34.2
0.0
4.7
3.8
0.0
0.0
0.0
1.5
0.0
0.0
0.0
0.0
0.0
0.0
0.0
0.0
0.0
0.0
5.2
0.0
0.0
22.1
3.8
30.7
0.2
0.0
35.3
2.0
16.6
0.0
0.0
0.0
0.0
0.0
12.7
0.0
0.0
0.0
0.0
23.6
2.0
0.0
1.5
0.0
0.0
0.0
7.6
0.0
0.0
0.0
0.0
0.0
0.0
0.0
0.0
0.0
0.0
0.0
0.0
0.0
0.0
0.0
0.0
0.0
0.0
14.0
0.0
12.7
0.0
0.0
0.0
0.0
0.0
0.0
0.0
0.0
0.0
3.0
5.1
14.7
1.8
3.3
1.3
0.0
0.0
0.0
0.0
0.0
0.0
0.0
0.0
0.0
0.0
0.0
0.0
0.0
0.0
0.0
8.9
2.0
0.0
0.0
6.3
0.0
0.0
0.0
0.0
0.0
0.0
0.0
0.0
0.0
0.0
0.0
0.0
0.0
0.0
8.4
0.0
0.0
0.0
0.0
3.8
0.0
50.3
0.0
0.0
0.0
0.0
0.0
0.0
0.0
0.0
0.0
0.0
0.0
0.0
4.6
0.0
16.8
0.0
0.0
0.0
0.0
3.8
0.0
0.0
0.0
13.2
0.0
0.0
0.0
0.0
0.0
0.0
0.0
0.0
0.0
0.0
0.0
0.0
0.0
0.0
0.0
0.0
6.9
0.0
0.0
0.0
0.0
0.0
0.0
0.0
13.7
37.1
0.0
0.0
0.0
4.3
0.8
0.0
0.0
0.0
0.0
0.0
17.3
0.0
0.0
0.0
2.8
0.5
13.5
4.1
8.9
21.6
0.0
0.0
3.0
3.8
0.0
0.0
0.0
0.0
0.8
0.0
0.0
0.0
0.0
0.0
8.1
0.0
0.0
0.0
0.0
0.0
0.0
0.0
0.0
8.1
0.0
0.0
63.5
5.1
0.0
0.8
0.0
0.0
0.0
0.0
0.0
0.0
0.0
0.0
0.0
0.0
0.5
0.0
0.0
0.0
0.0
0.0
0.0
0.0
16.3
0.0
20.5
0.0
0.0
12.6
21.0
40.6
1.5
0.0
0.4
0.0
0.0
0.0
0.0
0.0
0.0
0.0
27.3
2.1
0.0
0.0
0.0
4.0
5.6
0.0
0.0
4.5
1.0
0.0
5.7
0.0
0.0
5.6
0.0
2.5
0.0
0.0
0.0
0.0
0.0
0.0
0.0
0.0
2.5
1.3
0.0
0.0
19.8
11.4
0.0
0.0
0.0
0.0
1.3
0.0
0.0
0.0
0.0
0.0
0.0
0.0
0.0
0.0
0.0
2.0
0.0
0.0
0.0
0.0
8.9
10.2
19.3
0.0
0.0
0.0
0.0
0.0
0.0
0.0
16.8
0.0
0.0
0.0
0.0
0.0
0.8
22.9
0.0
0.0
0.0
0.0
0.0
1.8
0.0
0.0
0.0
0.0
0.0
14.0
1.8
0.0
42.7
5.8
0.0
0.0
0.0
14.0
0.0
0.0
0.0
0.0
0.0
0.0
0.0
3.8
0.0
0.0
0.0
0.0
0.0
0.0
14.0
0.0
0.0
85.1
39.4
0.0
0.0
9.4
0.0
15.2
5.1
0.0
0.0
0.0
0.0
0.0
0.0
0.0
0.0
0.0
0.0
0.0
0.0
5.1
0.0
1.3
15.5
0.0
0.0
0.0
7.6
0.0
0.0
27.9
0.0
0.0
0.0
0.0
0.0
68.1
0.0
0.0
101.6
0.0
0.0
0.0
0.0
0.0
0.0
0.0
0.0
0.0
24.1
0.0
0.0
2.0
0.0
0.0
7.6
0.0
0.0
0.0
0.0
0.0
0.0
2.5
0.0
55.9
0.0
0.0
0.0
0.0
0.0
0.0
0.0
0.0
0.0
0.0
0.0
0.0
0.0
0.0
0.0
0.0
0.0
0.0
0.0
0.0
0.0
0.0
0.0
0.0
0.0
0.0
0.0
0.0
0.0
0.0
0.0
0.0
0.0
3.0
0.0
0.0
0.0
15.2
35.6
35.6
0.0
0.0
0.0
0.0
0.0
0.0
0.0
0.0
0.0
0.0
0.0
0.0
0.0
0.0
13.0
0.0
0.0
0.0
0.0
0.0
0.0
0.0
0.0
0.0
0.0
0.0
0.0
0.0
0.0
0.5
0.0
0.0
0.0
0.0
0.0
0.0
0.0
2.5
25.7
0.0
0.0
0.0
0.0
0.0
0.0
0.0
0.0
0.0
0.0
0.0
0.0
0.0
2.0
0.0
0.0
0.0
0.0
11.7
0.0
0.8
0.0
0.0
0.0
0.0
0.0
0.0
0.0
0.0
0.0
2.8
0.0
0.0
0.0
0.0
0.0
2.5
0.0
0.0
0.0
0.0
0.0
0.0
0.0
0.0
6.3
3.8
0.0
0.0
0.0
0.0
10.9
0.0
2.5
0.0
0.0
0.0
0.0
0.0
0.0
22.9
0.0
0.0
0.0
0.0
43.2
0.0
0.0
0.0
0.0
0.0
0.0
0.0
0.3
0.0
0.0
0.0
0.0
0.0
0.0
0.0
0.0
0.0
0.0
0.0
0.0
1.8
0.0
0.0
0.0
0.0
0.0
0.0
0.0
0.0
0.0
0.0
0.0
0.0
0.0
0.0
0.0
0.0
0.0
0.0
0.0
0.0
0.0
0.8
16.9
10.8
0.0
0.0
0.0
0.0
0.0
0.8
0.0
0.0
0.0
0.0
0.0
0.0
0.0
0.0
9.4
0.0
0.0
0.0
0.0
0.0
0.0
0.0
0.0
4.6
1.3
0.0
0.0
0.0
0.0
0.0
0.0
0.0
0.0
0.0
0.0
0.0
0.0
0.0
0.0
0.0
12.7
0.0
0.0
0.0
30.5
0.0
0.0
4.3
0.0
0.0
0.0
0.0
0.0
0.0
0.0
0.0
18.3
0.0
0.0
15.2
0.0
0.0
0.0
0.0
0.0
0.0
19.0
0.0
0.0
0.0
0.0
0.0
0.0
0.0
0.0
0.0
0.0
0.0
0.0
0.0
0.0
0.0
0.0
0.0
0.0
0.0
0.0
7.6
0.0
0.0
69.3
0.0
42.7
0.0
0.0
0.0
0.0
0.0
0.0
0.0
0.0
0.0
12.7
0.0
0.0
0.0
0.0
0.0
0.0
0.0
14.0
0.0
0.0
0.0
0.0
0.0
0.0
0.0
17.3
0.0
0.0
0.0
0.0
9.7
0.0
0.0
18.8
21.6
0.0
7.1
0.0
0.0
0.0
0.0
0.0
12.7
0.0
0.0
0.0
0.0
0.0
3.2
23.4
0.0
0.0
0.0
2.6
0.0
0.0
0.0
0.0
0.0
18.5
0.0
0.0
0.0
0.0
0.0
0.0
0.0
0.0
0.0
22.4
0.0
0.0
0.0
38.7
0.0
0.0
0.0
0.0
0.0
0.0
0.0
0.0
0.0
3.6
0.0
0.0
0.0
0.0
0.0
0.0
0.0
0.0
0.0
17.8
0.0
0.0
0.0
0.0
0.0
0.0
0.0
0.0
0.0
0.0
0.0
0.0
0.0
0.0
0.0
0.0
0.0
0.0
17.8
0.0
0.0
0.0
0.0
0.0
0.0
0.0
0.0
0.0
0.0
0.0
0.0
0.0
37.6
2.5
1.3
0.0
4.6
0.0
0.0
0.0
4.6
0.0
0.0
0.0
20.8
0.0
0.0
0.0
21.6
21.6
0.0
71.6
0.0
7.1
0.0
2.0
25.4
3.0
0.0
0.0
0.0
0.0
0.0
0.0
0.0
58.4
1.8
0.0
4.3
4.3
11.2
0.0
48.0
15.5
0.0
0.0
0.0
0.9
0.0
0.0
0.0
0.0
0.0
0.0
0.0
0.0
0.0
0.0
0.0
33.0
32.4
7.7
7.1
0.7
0.0
0.0
0.0
0.0
10.9
1.0
0.5
0.0
0.0
0.1
0.0
0.0
9.3
0.0
0.0
0.0
1.2
0.0
16.0
0.5
0.0
0.0
5.2
0.0
0.0
0.0
0.0
0.0
1.2
0.0
1.4
0.0
6.1
35.6
30.9
2.9
2.8
2.6
0.0
0.0
1.4
0.0
0.0
0.0
0.0
0.0
0.0
6.7
0.6
0.0
0.0
0.0
0.0
0.0
0.0
0.0
0.0
0.0
0.0
0.0
1.0
3.1
6.7
0.4
14.2
0.0
1.7
0.0
3.2
0.0
0.0
0.0
0.0
0.0
0.0
0.0
6.5
6.7
0.0
0.0
7.1
0.9
0.0
0.0
0.0
0.0
5.4
0.0
0.0
0.0
0.0
2.3
3.8
20.6
0.0
0.0
0.0
0.0
0.0
0.0
0.0
0.0
0.0
0.0
0.0
0.0
0.0
1.9
0.0
2.2
8.2
0.0
9.6
5.3
0.4
0.0
0.0
0.0
0.0
0.0
2.4
1.2
0.0
0.0
5.7
12.6
0.0
11.8
5.8
0.0
0.0
0.0
0.0
11.6
0.0
8.2
8.7
3.9
4.0
0.0
0.0
0.0
0.0
0.0
0.0
0.0
0.0
0.0
0.0
0.0
0.0
0.0
3.9
2.8
12.7
30.1
5.4
1.0
0.0
0.0
0.0
2.3
2.8
0.0
0.0
0.0
0.0
0.0
0.0
0.0
0.0
26.9
4.7
1.3
1.3
0.0
5.2
44.0
5.1
0.0
0.0
10.1
1.9
0.0
0.0
9.0
3.5
49.6
0.0
0.0
0.0
0.0
15.1
10.8
0.0
0.0
0.4
0.7
0.0
0.0
37.2
0.0
0.0
0.0
10.1
22.9
0.0
32.3
0.0
0.0
23.7
0.0
3.6
20.0
35.6
3.8
0.0
0.0
0.0
3.5
0.0
0.0
0.0
0.0
0.0
0.0
7.9
0.0
0.1
4.6
0.4
0.0
0.0
0.0
0.0
0.0
0.0
0.0
0.9
0.0
2.1
64.6
10.4
0.0
0.0
0.0
36.1
0.0
0.0
46.8
0.0
0.0
1.9
0.0
0.0
0.0
0.0
1.9
0.0
0.0
0.0
0.0
0.0
0.0
0.0
0.0
23.2
0.0
0.0
0.0
0.0
0.0
0.0
41.8
0.0
0.0
0.0
0.0
0.0
0.0
0.0
0.0
0.0
2.7
6.2
27.7
51.8
0.0
0.0
0.0
0.0
0.0
0.0
1.4
18.6
0.0
0.0
0.0
0.0
0.7
0.0
0.0
12.0
0.5
0.0
17.2
10.6
3.9
0.0
5.3
0.0
0.0
0.0
0.0
0.0
2.8
1.4
0.0
0.0
0.0
0.0
0.0
0.0
0.0
0.0
0.0
0.0
0.0
0.0
0.0
0.0
0.0
0.0
0.0
0.0
0.0
0.0
2.7
10.7
8.6
0.0
0.0
0.0
0.0
0.0
0.0
0.0
0.0
0.0
1.0
0.0
0.0
0.0
0.0
0.0
0.0
0.0
0.6
0.0
0.0
0.7
0.0
0.3
0.0
0.0
0.0
0.0
12.5
0.0
28.5
2.6
0.0
0.0
0.0
16.5
0.0
0.0
0.0
0.0
0.0
0.0
0.0
0.0
0.0
0.0
0.0
10.7
2.4
0.0
0.0
0.6
0.0
0.0
0.0
0.0
0.0
0.0
0.0
0.6
8.6
0.0
0.0
0.0
0.0
1.1
5.1
0.9
0.0
0.0
0.0
0.0
0.0
0.9
0.4
0.0
0.0
3.6
2.4
0.0
0.0
0.0
0.0
0.0
2.2
0.0
5.1
1.1
0.3
0.0
1.4
0.0
0.0
0.0
0.0
0.0
0.0
0.0
3.5
33.2
0.0
0.0
0.0
1.2
0.0
0.0
0.0
0.0
0.0
0.0
0.0
0.0
0.0
0.0
0.0
0.0
0.0
8.1
10.3
3.5
0.0
5.0
5.9
0.0
0.6
15.8
0.0
0.0
0.0
0.0
27.4
0.0
0.0
0.0
7.9
0.6
0.0
0.0
0.0
0.0
3.8
0.0
0.0
0.0
0.9
0.6
0.0
0.0
0.3
0.0
0.0
0.0
0.0
0.0
0.0
0.0
0.0
0.0
0.0
0.0
10.4
0.0
0.0
0.0
0.9
10.9
0.0
20.9
0.0
0.0
0.0
0.0
28.9
0.1
0.0
15.0
19.1
0.0
3.3
25.0
0.0
0.2
14.1
0.9
0.2
0.0
0.0
0.0
6.5
0.0
0.0
0.0
4.7
0.3
0.0
0.0
0.0
0.0
1.7
0.0
16.9
8.9
4.7
0.0
0.0
0.0
0.0
0.0
0.0
12.8
0.0
9.3
18.2
1.0
0.0
17.4
0.0
0.0
0.0
0.4
12.8
0.0
2.2
5.0
0.0
0.0
0.0
0.0
12.4
0.0
0.0
26.1
17.2
4.4
0.2
8.2
20.1
2.0
0.1
1.7
0.0
0.9
0.0
10.4
22.8
1.6
0.0
0.0
0.0
0.0
0.0
0.7
0.0
0.0
0.0
25.3
0.0
0.0
0.0
0.0
3.2
0.0
0.0
0.0
0.0
0.0
0.0
0.0
0.0
0.0
0.0
0.0
6.7
0.0
4.9
0.0
0.0
0.0
0.0
0.0
0.0
0.0
0.0
0.0
0.0
0.0
0.0
1.0
0.0
0.0
0.0
0.0
3.8
0.0
0.0
0.0
0.0
0.0
0.0
0.0
0.0
0.0
0.0
0.5
0.0
0.0
0.0
0.0
0.0
1.5
0.0
0.0
0.0
1.6
2.0
0.0
0.0
0.0
8.9
9.7
0.0
0.0
0.0
0.9
8.2
0.0
0.0
0.5
2.0
0.0
0.0
0.0
0.0
0.0
0.0
0.0
17.0
1.5
0.0
0.0
0.0
0.0
0.0
0.0
0.0
0.0
0.0
0.0
0.0
0.0
0.0
0.0
20.3
0.3
0.0
0.0
0.0
15.3
1.5
3.3
0.0
0.0
0.0
1.1
0.0
0.0
0.4
0.0
0.0
0.0
0.8
0.0
0.0
19.5
19.3
0.0
0.0
1.5
9.5
7.6
0.5
0.0
0.0
0.0
0.1
0.0
0.0
0.0
0.0
0.0
0.0
0.0
5.8
12.3
0.0
0.0
0.0
10.1
0.0
2.7
0.0
0.0
0.0
0.0
3.4
0.0
0.0
0.0
0.0
0.0
0.0
0.0
0.0
0.9
5.6
12.1
0.0
0.0
0.0
0.0
24.3
2.6
0.4
0.0
0.0
0.0
0.0
16.4
0.0
0.0
0.0
2.0
0.5
0.0
0.0
0.0
0.0
0.0
0.0
0.0
0.0
0.0
0.0
0.7
2.6
0.0
0.2
0.0
26.9
0.0
0.0
0.0
0.0
0.0
1.6
0.0
0.0
5.3
4.3
0.9
0.0
0.0
0.0
0.0
0.0
0.0
16.2
2.0
0.0
0.0
0.6
0.0
0.0
0.3
0.0
0.0
2.8
0.0
3.9
0.0
0.0
0.0
0.0
0.8
0.0
0.6
0.0
0.2
0.0
0.0
0.0
10.0
0.0
0.0
5.3
0.0
5.1
0.0
0.0
4.5
2.9
0.0
0.0
3.0
0.0
0.0
0.0
4.6
0.2
3.3
0.0
0.0
0.0
0.0
7.2
0.4
0.0
0.0
0.0
0.0
0.0
4.8
0.0
0.0
0.0
0.0
1.1
3.5
0.0
0.0
0.0
0.0
0.0
0.0
0.0
0.0
6.1
12.6
27.4
0.0
0.0
0.0
0.8
3.7
0.0
0.0
0.0
0.0
0.0
0.0
0.3
3.4
40.0
1.7
8.3
0.0
7.0
2.0
0.0
9.5
1.0
0.0
0.0
0.0
0.0
0.0
0.0
0.0
0.0
0.0
0.0
0.0
0.0
9.1
0.0
0.0
0.0
0.0
0.0
0.0
0.0
0.0
0.0
0.0
17.5
0.0
0.2
0.0
0.0
0.0
0.0
0.0
0.0
0.0
0.0
3.8
0.0
0.0
0.0
0.0
9.9
0.0
0.0
0.0
0.0
0.0
0.0
0.0
0.8
0.0
0.0
0.0
0.0
0.0
13.6
0.0
3.4
0.0
0.0
0.0
0.0
0.0
1.6
0.0
0.8
0.0
0.0
0.0
0.6
0.2
0.0
0.0
1.2
0.5
0.0
0.0
0.0
0.0
0.0
0.0
0.0
0.0
0.0
0.0
0.0
0.0
0.0
3.3
0.0
9.1
0.0
0.0
0.0
0.0
0.0
0.0
0.0
5.2
0.0
0.0
0.0
8.5
0.0
0.8
0.0
0.0
0.0
0.0
0.0
0.0
0.0
3.7
0.0
0.0
0.0
0.0
59.1
14.1
1.7
0.0
0.0
9.0
0.0
6.7
0.0
0.0
0.0
0.0
0.0
3.7
0.0
0.0
0.0
3.9
0.0
0.0
0.0
0.4
0.0
0.0
7.7
5.4
1.3
0.0
0.0
0.0
0.0
0.0
0.0
0.0
14.2
1.1
0.0
0.0
0.0
1.1
0.0
0.0
0.0
41.6
5.1
0.0
0.0
8.7
2.3
0.3
0.0
0.0
10.1
0.0
0.0
6.9
0.0
0.0
0.0
0.0
0.0
0.0
0.0
3.3
0.0
0.1
0.7
4.3
0.0
0.0
0.0
0.0
22.6
0.0
0.0
0.0
0.0
0.0
0.0
0.0
0.0
0.0
0.0
0.0
0.0
0.0
0.0
0.0
0.0
0.0
0.0
0.0
0.0
0.0
17.5
0.0
0.0
2.0
6.2
3.1
0.8
0.0
0.0
0.0
0.0
10.7
1.2
0.0
2.3
0.0
10.6
4.0
0.0
0.0
0.0
0.0
0.0
0.0
0.0
0.0
0.0
0.0
4.7
0.0
0.0
0.0
0.0
0.0
0.0
0.0
0.0
0.0
15.5
0.0
8.1
0.0
0.0
0.0
0.0
0.0
0.0
0.0
0.0
0.0
0.0
0.0
0.0
0.0
0.0
3.3
0.3
39.1
0.6
0.0
0.6
0.3
0.0
0.0
0.0
0.0
9.4
0.0
4.5
6.0
0.0
0.0
0.0
0.0
0.0
0.0
0.0
2.4
0.0
0.0
12.5
0.0
0.0
0.0
20.4
8.7
3.2
1.5
0.5
0.0
0.4
1.2
2.7
0.0
0.0
0.0
8.3
21.2
0.0
0.0
0.0
0.0
0.0
0.0
2.6
0.0
0.0
0.0
0.0
0.0
2.2
30.8
0.0
0.0
0.0
0.0
0.0
0.6
0.0
0.0
0.0
0.0
0.0
0.0
0.0
2.5
0.8
0.0
34.7
0.0
0.0
0.5
0.6
21.7
18.8
12.4
37.8
0.0
0.0
0.0
0.0
7.2
1.0
0.0
0.0
7.3
0.8
0.0
0.0
0.0
17.2
19.8
9.6
4.3
0.0
0.0
0.6
16.8
0.6
0.0
0.0
0.0
0.0
0.0
0.0
0.0
0.0
0.0
28.0
0.0
4.2
0.3
0.0
31.5
33.2
18.1
3.6
0.0
19.4
54.9
0.1
0.0
0.0
0.0
0.0
0.0
0.0
0.0
3.0
0.0
0.4
0.0
0.0
0.0
18.4
0.0
0.0
0.0
0.0
0.0
3.0
0.0
0.6
0.0
1.5
25.1
0.0
0.0
4.6
1.6
0.0
0.1
0.0
0.0
0.0
0.0
0.0
0.0
0.0
16.0
0.0
0.0
0.0
0.0
0.0
0.0
0.0
1.2
0.0
0.0
9.1
0.0
0.0
0.0
0.0
8.4
0.0
0.0
0.0
10.1
0.0
0.0
0.1
0.0
0.0
0.0
0.0
0.0
0.0
0.0
0.0
0.0
1.7
0.0
0.0
0.0
0.0
0.0
0.0
0.0
0.0
0.0
0.8
0.0
0.0
0.0
0.0
0.0
0.0
0.0
0.0
0.0
0.0
0.0
0.0
0.0
0.0
0.0
3.8
3.8
0.0
0.0
7.1
1.2
0.0
0.0
0.2
0.0
0.0
1.9
2.1
0.5
0.0
0.0
0.0
0.0
0.0
0.0
0.0
6.5
0.0
0.0
0.0
0.1
15.9
0.0
1.7
1.1
0.0
0.0
0.0
0.0
0.0
0.3
0.0
0.0
4.9
0.6
0.0
5.8
0.0
0.0
0.0
2.4
0.0
0.0
0.0
0.0
0.0
0.0
2.4
32.1
25.6
0.0
0.0
0.0
0.0
10.1
3.7
0.0
0.0
0.0
0.0
2.4
0.0
0.0
0.0
0.0
0.0
2.0
0.0
0.0
3.3
5.9
0.0
0.0
0.0
0.0
0.0
0.0
0.0
0.0
0.0
0.0
0.0
0.0
0.0
0.0
0.0
0.0
0.9
0.0
0.0
0.0
0.0
16.4
1.4
0.3
0.0
0.9
0.0
0.7
5.4
15.7
0.0
0.0
0.0
0.0
0.0
0.0
0.0
0.0
0.0
0.0
7.0
0.0
0.0
2.1
17.4
0.0
0.0
0.0
0.9
14.1
0.0
0.0
0.0
0.7
0.3
0.0
0.0
1.6
0.0
4.3
0.0
0.0
0.0
0.5
0.0
0.0
0.0
0.0
0.0
0.0
10.8
9.0
0.0
0.0
14.1
0.5
0.0
0.4
0.7
0.0
0.0
0.0
0.0
0.0
10.1
0.8
0.8
16.4
0.0
5.0
7.7
0.0
6.8
0.0
1.0
0.0
0.0
0.0
0.0
3.1
0.0
0.0
0.0
0.0
0.0
0.0
0.0
0.0
0.0
30.2
3.0
0.0
0.0
0.0
0.0
0.0
0.8
0.0
0.0
0.0
0.0
0.0
0.5
0.0
5.6
6.8
0.0
0.0
0.0
0.0
5.0
37.7
15.0
0.0
0.0
0.0
0.5
0.0
0.0
0.0
0.0
0.0
8.1
1.7
0.0
0.0
0.0
0.0
0.0
0.0
4.1
0.0
0.0
5.1
0.0
0.0
20.2
6.5
0.5
0.0
0.0
0.0
0.0
0.0
0.0
0.0
0.0
1.5
0.0
16.8
0.0
13.8
1.1
12.6
5.6
3.3
0.0
0.0
0.0
0.0
0.0
0.0
0.0
0.0
0.0
0.8
0.0
0.0
10.6
0.0
0.0
3.4
0.0
50.5
0.4
0.0
0.0
20.4
0.0
18.2
4.8
0.0
0.3
0.0
0.0
0.0
0.0
0.0
0.0
25.6
0.0
3.8
6.0
38.8
0.0
0.0
0.0
0.8
0.5
0.0
8.0
0.0
0.0
0.0
0.0
0.3
0.0
9.6
0.0
0.0
0.0
0.0
11.0
0.0
0.9
0.0
0.0
0.0
0.0
0.0
0.0
0.0
0.0
0.0
0.0
11.0
15.3
0.0
0.0
0.0
0.0
0.0
27.6
0.0
0.0
1.5
0.0
2.3
15.9
1.5
1.5
3.2
1.7
0.0
0.0
0.0
0.0
3.3
0.0
0.0
0.4
33.3
0.0
0.9
3.8
0.0
0.0
2.7
0.9
56.1
3.5
2.0
0.0
12.4
0.0
0.0
0.0
20.0
0.0
0.0
0.0
30.5
24.7
0.0
1.0
0.0
0.0
18.4
0.0
0.0
0.0
0.0
4.7
0.0
0.0
0.0
0.0
0.0
0.0
0.0
0.0
0.0
0.0
32.2
20.6
1.9
0.0
0.9
1.8
0.9
0.3
1.8
0.6
0.0
1.5
19.3
2.7
1.4
0.0
0.0
0.0
0.0
0.0
0.0
0.0
0.0
0.0
0.0
0.0
12.8
0.0
0.0
0.0
0.0
0.0
0.0
6.9
3.6
0.0
0.0
0.0
0.0
0.0
0.4
2.1
0.0
0.0
0.0
0.3
1.0
0.5
0.0
0.0
0.0
2.3
0.4
30.4
1.8
0.0
5.6
0.0
0.0
0.0
0.0
0.0
0.0
0.0
0.8
17.5
0.0
0.3
0.5
0.0
0.0
0.0
0.0
0.0
0.0
7.8
0.0
0.0
0.5
0.0
0.0
0.0
17.5
0.0
0.0
0.0
1.3
0.7
0.0
0.0
0.0
0.0
0.0
2.9
9.7
0.0
3.2
0.0
0.0
0.0
0.0
0.0
5.0
0.0
0.0
0.0
0.0
0.0
0.0
0.0
0.0
0.0
0.0
0.0
0.0
0.8
3.6
0.4
0.0
0.0
0.0
0.0
7.7
4.8
0.0
0.0
1.3
0.0
0.0
0.0
0.0
0.0
0.0
0.0
0.0
0.0
0.0
1.7
0.0
1.1
0.0
0.0
15.9
0.9
0.0
0.0
0.0
1.7
0.7
0.0
12.8
0.8
1.0
0.4
0.0
0.0
0.0
0.0
0.0
0.3
0.7
0.0
0.3
0.0
0.0
0.0
0.0
0.0
0.0
4.9
0.0
0.0
0.0
0.7
14.3
8.4
1.2
0.0
0.0
0.4
0.0
0.0
0.0
1.1
1.6
0.0
0.0
0.0
0.0
19.7
5.0
0.0
0.0
0.6
0.0
0.0
0.0
0.0
0.0
0.0
20.7
0.0
0.1
0.0
0.0
0.8
8.3
0.0
0.0
0.0
0.0
0.0
0.0
0.0
0.1
0.9
0.0
0.0
26.3
18.0
3.3
31.0
7.4
0.0
0.0
6.2
1.4
0.3
0.6
0.0
0.0
3.3
0.0
0.0
0.0
7.0
0.2
9.7
0.0
2.7
32.0
10.4
0.0
0.0
0.0
0.0
0.0
7.4
0.0
41.2
0.0
0.0
0.0
3.9
13.1
11.6
2.2
16.9
1.4
5.5
12.2
1.0
9.9
0.0
0.0
0.0
37.8
3.9
17.6
0.0
35.1
0.0
0.0
0.4
0.0
0.0
0.0
0.0
26.4
4.6
48.0
0.6
1.0
7.0
0.0
0.0
0.0
0.0
3.1
0.0
4.0
7.4
2.2
0.0
0.0
0.0
0.0
2.2
2.0
0.0
0.0
0.0
0.0
0.0
0.0
0.9
0.0
0.0
2.2
0.0
0.0
2.4
23.2
0.0
0.0
0.0
0.0
0.0
0.0
0.0
0.1
7.0
0.0
0.0
0.0
0.2
0.0
0.0
0.0
0.0
0.0
0.3
0.0
0.0
0.0
0.0
0.0
0.0
0.0
0.0
0.0
0.0
30.4
0.0
23.1
2.0
0.0
0.0
0.0
0.0
0.0
1.0
12.0
0.0
0.0
0.0
0.0
0.0
0.0
0.0
0.0
1.7
0.0
0.0
0.0
0.0
0.0
0.0
0.0
0.0
0.0
0.0
4.2
0.0
0.0
0.0
0.0
0.0
0.0
0.0
0.0
0.0
0.0
0.0
4.2
0.0
0.0
0.0
0.8
0.0
3.8
15.4
0.6
0.0
0.5
8.9
0.0
0.0
0.0
0.0
5.8
0.0
0.0
0.0
0.0
0.0
4.9
0.0
0.0
0.0
0.0
18.7
26.6
0.0
0.0
9.0
3.9
0.0
0.0
0.0
0.4
17.8
8.5
0.0
4.2
5.4
0.4
1.2
0.0
0.0
0.0
1.3
0.0
0.0
0.0
0.0
0.0
1.6
20.1
1.4
3.0
0.0
0.0
0.0
0.0
5.8
0.7
0.7
26.4
0.0
0.0
67.2
15.0
30.5
0.0
0.0
0.0
0.0
0.0
0.0
0.0
0.0
0.0
6.1
1.9
6.8
0.0
0.0
0.0
0.0
0.0
2.7
0.7
0.0
0.0
7.9
0.0
0.0
0.0
0.0
0.0
0.0
0.0
0.0
0.0
0.0
0.0
0.0
0.0
8.8
0.0
0.0
0.0
0.0
0.1
1.9
0.0
0.0
1.3
0.0
0.9
5.1
0.0
0.0
0.0
0.0
0.0
0.0
0.0
0.0
1.7
7.6
0.0
0.0
0.0
0.0
0.9
0.0
0.0
2.3
0.0
0.0
6.7
1.2
1.5
2.7
0.8
0.0
15.4
10.9
0.0
3.8
0.0
0.0
0.0
0.0
0.0
0.0
0.0
15.3
1.9
0.0
0.0
9.4
0.0
0.0
32.3
0.0
0.0
0.0
0.0
0.0
0.0
14.7
2.5
0.0
0.0
13.5
0.0
0.0
0.0
0.0
0.0
0.0
0.0
0.0
1.0
7.9
4.4
0.0
0.0
0.0
0.0
6.4
6.2
0.0
4.5
5.2
0.6
0.0
2.9
0.0
0.0
0.0
7.2
4.8
6.1
0.0
9.3
0.0
15.3
0.0
0.0
0.4
2.0
0.0
0.0
0.0
0.0
0.0
0.0
0.0
0.0
17.8
0.0
0.0
0.0
0.0
46.6
8.6
0.0
0.6
0.5
0.0
0.0
0.0
0.0
0.0
0.0
0.0
0.0
6.1
3.8
0.0
0.0
0.0
0.0
0.0
0.0
0.0
6.7
0.0
0.0
0.0
0.0
0.0
0.0
0.0
0.0
0.0
17.5
5.5
0.5
10.0
7.9
6.8
0.0
0.0
0.0
0.0
0.0
58.3
0.0
0.0
0.0
5.8
7.1
5.6
2.7
11.8
0.8
0.0
69.9
0.0
0.0
0.3
3.0
0.0
0.0
0.0
0.0
4.4
0.0
4.6
0.0
0.0
0.0
0.0
0.0
0.0
0.0
64.9
0.0
20.7
49.0
0.0
0.0
13.2
0.7
6.6
0.0
0.0
0.0
4.7
0.0
2.0
1.4
0.0
0.0
13.2
0.0
0.0
0.0
0.0
0.0
0.0
0.0
6.6
19.9
7.8
0.0
0.0
0.0
0.0
0.0
0.0
10.4
0.0
0.0
0.0
0.0
0.0
0.0
0.0
0.0
3.2
0.0
0.0
0.0
5.7
7.3
0.2
0.0
0.0
0.0
18.5
0.0
0.0
0.0
0.0
0.0
2.0
2.2
0.0
0.0
15.2
4.0
0.0
0.0
7.1
1.7
0.4
0.0
0.0
0.0
0.0
4.4
0.2
0.2
0.0
0.0
0.0
0.0
12.9
0.8
0.0
0.0
0.0
0.0
6.2
0.0
0.0
0.0
0.0
0.0
0.0
0.0
0.0
0.0
0.4
0.0
0.0
0.0
10.6
4.3
0.0
0.0
0.2
6.8
9.6
0.0
0.0
0.0
0.0
0.0
11.5
0.0
0.0
0.0
0.0
0.0
0.0
1.9
0.0
0.0
0.0
0.0
2.1
0.6
0.0
0.0
0.0
0.0
0.0
0.5
0.0
10.6
0.0
0.0
0.0
0.0
0.0
0.0
0.0
7.9
3.4
0.6
0.0
0.0
0.0
0.0
0.0
0.1
1.7
1.3
1.1
0.5
2.4
3.8
0.0
0.0
11.2
0.1
0.0
0.0
0.0
0.0
0.0
0.0
0.0
0.0
0.0
0.0
0.0
0.0
0.0
0.0
0.0
0.0
2.0
0.0
4.8
0.0
0.0
0.0
0.0
0.0
0.0
0.0
0.0
0.0
0.0
0.0
2.9
1.3
0.0
0.3
0.2
0.0
0.0
0.9
9.7
0.0
0.0
0.0
0.0
0.0
8.9
0.0
0.0
0.4
0.0
0.0
7.3
1.5
0.0
0.0
4.1
0.1
0.0
0.0
0.0
0.0
0.0
2.3
6.3
3.3
0.0
4.4
0.0
20.5
34.2
0.6
0.0
0.0
17.5
16.6
12.0
0.0
0.0
0.0
0.0
3.2
0.0
0.0
0.0
0.0
16.9
1.9
0.0
0.0
0.0
1.4
0.0
0.0
0.0
0.0
0.0
22.3
0.4
15.6
60.2
7.3
0.2
0.0
28.3
6.4
0.0
0.0
0.0
0.0
0.0
18.0
0.7
0.0
0.0
0.0
0.0
0.0
0.4
55.0
21.0
10.8
0.0
1.7
1.3
2.1
0.0
0.5
0.0
0.0
0.0
0.5
0.0
0.0
0.0
0.0
0.0
0.0
0.0
0.0
0.0
0.0
0.0
0.0
0.0
0.0
6.2
0.0
1.0
13.6
0.0
0.8
0.1
0.0
6.7
0.3
0.0
0.0
0.8
0.0
0.0
0.0
26.5
0.0
0.0
0.0
0.0
1.1
0.0
0.0
0.0
0.0
34.4
0.9
0.0
0.0
0.0
0.0
5.0
0.0
1.8
0.0
0.0
1.3
16.4
0.0
0.0
0.0
38.6
6.9
0.0
0.0
0.0
0.0
15.4
0.1
1.5
0.0
0.0
0.0
0.4
0.0
0.0
18.3
0.0
0.0
0.0
0.0
0.0
1.1
0.0
0.4
0.0
0.0
13.5
0.5
0.0
0.0
0.0
0.0
0.6
5.9
0.0
0.0
0.0
0.0
0.0
0.0
0.4
0.0
0.0
0.0
0.0
0.0
0.0
0.0
0.0
0.0
0.0
0.0
0.0
0.0
1.5
0.0
0.0
0.0
0.0
0.0
0.0
0.0
0.0
0.0
0.0
0.0
0.0
0.0
0.0
5.1
30.7
9.0
10.5
5.0
0.0
6.3
31.9
0.6
0.0
0.0
7.3
0.0
0.0
0.0
0.0
0.0
0.0
0.0
10.6
2.4
1.1
0.0
0.0
0.0
0.0
0.1
0.3
0.3
0.5
0.3
0.0
0.0
2.0
0.0
0.0
0.0
0.2
0.0
1.1
0.0
0.0
6.7
3.4
0.0
1.1
4.4
0.0
0.0
0.0
0.0
0.0
0.0
0.0
0.0
0.0
0.0
2.0
0.0
0.0
0.0
0.0
1.5
0.0
0.0
0.0
0.0
0.0
0.0
0.0
0.0
0.0
0.0
0.0
0.0
1.8
0.0
0.0
0.0
0.0
0.4
1.0
2.4
0.0
0.0
0.0
0.0
0.0
0.7
0.0
0.0
0.0
0.0
0.0
0.0
0.0
2.5
0.0
0.0
0.3
0.4
0.0
0.0
1.6
0.0
0.0
0.0
0.3
0.0
0.0
6.8
1.8
0.1
0.0
0.0
0.0
0.0
0.0
0.0
0.0
0.0
0.0
0.0
0.0
0.3
1.2
0.0
0.2
0.0
0.0
5.6
0.0
0.0
0.0
0.0
0.0
0.0
1.5
11.5
25.0
46.4
0.7
2.7
6.1
8.5
0.0
0.0
0.2
5.4
1.2
0.0
0.0
10.6
9.5
0.3
0.0
0.0
0.0
0.5
0.0
0.0
0.0
0.0
0.0
8.7
0.0
0.0
0.0
0.0
0.0
0.0
23.7
18.0
0.0
22.2
1.3
2.2
0.6
0.0
0.0
3.4
6.5
1.2
0.0
0.0
0.0
0.0
5.8
0.0
0.0
0.0
0.0
24.6
4.6
0.4
0.0
0.0
0.0
0.0
0.0
0.0
0.0
3.1
0.0
0.0
0.0
0.0
0.0
0.0
0.0
0.0
14.8
7.0
0.0
0.0
1.8
0.0
0.4
6.0
0.0
0.0
0.0
0.0
0.6
2.1
0.0
0.0
2.5
0.0
3.8
0.2
0.0
0.0
0.0
9.4
0.0
3.5
2.1
32.9
1.4
0.0
0.0
0.0
0.0
0.0
0.0
0.0
0.0
0.0
28.4
29.7
30.3
0.0
0.0
0.8
0.0
0.0
0.0
0.0
5.4
5.2
16.7
1.5
0.0
0.0
4.5
0.2
0.0
14.8
0.0
0.0
2.7
0.0
1.4
0.0
7.5
0.0
0.0
0.0
2.1
0.0
0.0
0.0
3.2
26.4
6.0
0.0
0.0
0.0
6.4
0.0
0.0
0.0
0.0
0.0
0.0
0.0
0.0
3.7
113.6
2.2
0.6
0.0
0.0
0.0
0.0
0.0
12.7
2.7
0.0
1.7
0.0
0.0
0.0
0.0
0.0
0.7
39.6
0.3
0.0
16.2
3.6
0.0
0.0
5.9
18.8
0.0
0.0
0.0
34.3
2.2
0.0
0.0
0.0
0.0
0.0
0.0
0.0
20.8
83.8
6.1
0.0
0.0
0.0
0.0
0.0
0.0
0.0
0.0
0.0
0.0
0.0
0.0
0.0
0.0
0.0
8.7
3.0
0.0
0.0
0.0
0.0
0.0
0.0
0.0
0.0
1.2
1.1
4.7
30.7
0.0
0.0
3.9
0.0
3.9
0.0
3.9
0.0
0.0
0.0
0.0
0.0
0.0
0.0
0.0
0.0
0.0
13.1
3.6
0.3
0.0
0.0
10.3
6.0
7.8
0.1
0.6
4.4
5.2
0.0
0.0
5.0
1.0
0.0
0.0
1.5
0.0
9.7
1.6
0.0
0.2
0.0
0.0
0.0
0.0
0.0
11.5
0.0
12.2
0.0
0.0
0.0
0.0
16.2
12.1
0.9
0.0
0.3
0.0
2.4
0.0
0.0
0.0
0.0
0.0
0.0
12.9
0.0
0.0
0.0
0.0
0.0
0.9
0.4
0.0
0.0
0.0
0.0
0.0
11.0
10.4
0.0
0.0
28.8
