20000101
0.0
0.0
0.0
4.3
0.0
0.0
0.0
0.0
2.3
0.4
0.0
0.0
0.0
0.0
0.0
0.0
0.0
0.0
0.0
4.3
0.0
0.0
1.7
0.0
0.0
0.0
0.0
0.0
0.0
7.9
0.5
0.0
0.0
0.0
0.0
0.0
0.0
0.0
0.0
0.0
1.1
0.0
0.0
0.0
1.2
0.0
0.0
0.0
27.3
0.9
0.0
0.0
0.0
0.0
2.7
0.0
0.6
1.5
0.0
0.0
3.8
0.0
0.0
0.0
0.0
0.0
0.0
0.0
0.0
0.0
2.5
3.0
0.0
0.0
0.5
17.3
0.3
0.0
12.7
15.2
3.0
0.0
0.0
0.0
0.8
0.0
10.7
0.0
0.0
0.0
0.0
0.0
3.8
0.0
0.0
0.0
0.0
0.0
6.6
0.0
0.0
2.0
0.0
0.0
0.0
0.0
0.0
9.9
0.0
3.3
2.3
8.6
0.0
0.0
16.8
0.0
0.0
0.0
0.8
0.5
0.0
0.0
1.3
0.0
0.0
0.0
0.0
0.8
0.0
5.3
4.1
0.0
0.0
0.5
0.0
0.0
0.0
0.0
1.0
0.0
0.0
0.0
0.3
6.6
0.0
0.0
0.0
22.1
0.3
0.0
0.0
0.0
0.0
0.0
0.0
0.0
7.1
0.0
0.0
0.0
0.0
0.0
1.8
43.2
9.4
0.0
0.3
0.0
0.0
0.0
0.0
1.5
76.7
0.0
0.0
24.9
22.9
24.9
0.3
0.0
0.0
0.0
0.0
0.0
2.0
0.0
29.0
2.8
0.0
0.0
0.0
0.0
15.7
0.5
0.0
0.0
0.0
0.0
0.0
0.0
11.4
0.0
0.0
0.0
0.0
0.0
0.0
0.0
0.0
0.0
0.0
3.0
0.0
6.9
0.0
1.8
0.0
0.0
38.1
0.5
5.6
5.1
0.0
0.0
0.0
0.0
0.0
0.0
0.0
0.0
18.3
0.0
0.0
0.0
1.5
9.7
4.6
0.0
0.0
0.5
0.0
0.8
0.0
0.0
0.0
0.0
0.0
0.0
0.0
0.0
0.0
0.0
0.0
0.0
13.2
23.1
0.0
0.0
5.8
0.0
0.0
0.0
0.0
0.0
6.3
2.0
0.0
16.5
8.1
5.6
0.0
0.0
0.0
0.0
0.0
0.0
0.0
1.8
27.2
1.3
0.0
0.0
0.0
0.0
0.0
0.0
0.0
0.0
21.8
0.0
1.3
0.0
0.0
0.0
0.0
0.0
0.8
4.6
0.0
0.0
0.0
0.0
0.0
0.0
0.0
0.3
4.1
0.0
0.0
0.0
3.8
37.1
0.0
10.4
20.8
0.0
0.0
10.7
0.0
0.0
0.0
0.0
0.0
0.0
0.0
0.0
0.0
0.0
0.0
3.0
5.6
0.0
0.0
0.3
0.0
0.0
1.3
0.0
0.0
0.0
0.0
0.0
0.0
0.0
0.3
11.2
5.1
0.0
10.2
0.0
1.3
0.5
0.0
1.3
0.0
1.0
0.0
0.0
0.0
0.0
0.0
0.3
0.0
2.8
1.5
0.3
0.5
0.0
0.0
0.0
0.0
0.0
0.0
0.0
0.0
0.0
0.0
5.3
0.0
1.8
0.8
0.0
0.0
0.0
0.0
0.0
0.0
0.0
0.0
0.0
0.0
0.0
5.1
0.0
31.2
16.3
1.0
0.0
0.0
0.0
0.0
0.3
0.0
0.0
0.0
1.0
7.9
0.0
0.0
0.0
7.1
1.5
0.0
0.0
0.0
0.0
0.0
0.0
2.0
0.0
22.4
31.2
0.0
0.0
0.3
0.0
0.0
0.0
0.0
0.0
0.0
0.0
0.0
0.0
0.0
3.8
0.0
0.0
0.0
4.6
18.0
4.8
0.0
0.0
0.0
0.0
0.0
0.0
0.0
0.0
0.0
0.0
0.0
0.0
0.0
0.0
2.5
0.0
1.3
0.0
0.0
2.3
0.0
0.0
1.8
8.4
7.9
2.0
0.0
0.0
4.8
0.0
0.0
0.0
0.0
2.5
2.5
2.8
0.0
4.6
1.3
6.3
0.0
0.0
0.3
0.0
0.0
0.0
0.0
0.0
3.0
1.5
4.8
0.0
0.0
0.0
6.1
0.0
0.0
4.6
0.5
0.0
0.8
11.7
0.0
0.0
7.9
0.0
1.5
1.0
0.0
2.3
9.1
0.0
1.0
0.0
17.3
6.1
8.9
0.3
26.2
0.0
50.8
0.0
0.0
0.0
0.0
0.0
0.0
0.0
0.0
0.8
0.0
0.0
0.0
0.0
0.0
14.2
0.0
0.0
0.0
0.0
0.0
0.0
1.3
0.0
0.0
0.0
0.3
0.0
0.0
5.1
0.0
0.0
0.0
0.0
0.0
0.0
0.0
0.0
0.0
0.0
0.0
0.0
10.4
12.4
3.6
0.0
0.0
0.0
4.3
0.0
5.8
0.0
0.0
0.0
0.0
0.0
0.0
0.0
10.9
0.0
0.0
0.0
0.0
0.0
0.0
2.0
0.0
0.0
0.0
0.0
0.0
7.1
0.0
0.0
9.9
0.0
0.0
0.0
57.7
1.8
0.0
2.0
0.0
0.0
0.0
0.0
9.1
0.0
0.0
0.0
0.0
0.0
0.0
8.6
0.8
16.3
3.0
0.0
0.0
0.0
0.0
0.0
0.0
0.0
0.3
22.9
0.0
11.7
0.0
2.0
0.5
0.0
0.0
0.0
0.0
0.0
0.0
0.0
0.0
0.0
0.0
20.3
4.1
0.0
0.0
0.0
13.2
2.8
20.6
0.0
27.9
0.5
17.0
0.0
0.0
0.0
0.0
0.0
0.0
6.1
0.0
10.7
0.0
0.0
0.0
0.0
0.0
0.0
0.0
3.8
0.0
0.0
0.0
0.0
0.0
0.0
0.0
0.0
0.0
0.0
0.0
0.0
0.0
0.0
0.0
0.0
3.3
0.0
0.0
0.0
0.0
31.0
3.8
0.0
1.5
0.0
4.6
12.7
0.0
0.0
0.0
0.0
0.0
1.8
0.0
0.0
0.0
0.0
0.0
0.0
13.5
2.8
6.9
3.8
15.2
1.5
0.0
0.0
0.0
0.0
9.7
0.5
0.0
0.0
0.0
0.0
0.0
0.0
0.0
0.0
0.0
0.0
0.0
0.0
1.0
0.0
0.0
0.0
0.0
0.0
0.0
0.0
0.0
0.0
0.0
0.0
0.0
1.5
0.0
0.0
0.0
0.0
2.8
0.0
0.0
0.0
0.0
0.0
17.0
43.9
6.1
0.0
0.0
0.0
0.0
0.0
0.0
0.0
0.0
1.8
3.6
0.0
0.0
0.0
0.0
0.0
0.0
0.0
8.6
18.8
2.0
0.0
0.0
0.0
0.0
7.4
1.0
0.0
0.0
10.4
5.6
0.0
0.0
0.0
0.0
0.0
16.3
0.0
0.0
0.0
0.0
0.0
4.3
1.0
0.8
0.0
0.5
2.8
0.0
0.0
0.0
0.0
15.0
2.3
0.0
0.0
0.0
0.8
0.0
0.0
0.0
0.0
0.0
0.0
0.0
0.0
5.8
17.5
0.0
0.0
0.0
0.3
0.0
0.0
0.0
0.0
0.0
0.0
37.6
16.0
22.9
0.0
0.0
38.4
0.0
0.0
56.6
0.0
0.0
0.0
6.1
0.0
0.0
0.0
9.9
40.6
0.5
17.0
0.0
5.1
77.5
8.4
0.0
0.0
0.8
13.5
9.7
0.0
0.0
0.0
0.0
0.0
2.8
0.0
0.0
0.0
3.8
0.0
0.0
0.0
0.5
0.0
0.0
0.0
47.2
4.3
0.0
0.0
0.0
1.0
0.5
47.2
16.5
0.0
1.3
7.6
0.0
0.0
0.0
0.0
0.0
0.0
0.0
0.0
0.3
20.3
0.0
0.0
0.0
0.0
0.0
0.0
0.0
0.0
0.0
0.0
0.0
0.0
0.0
0.0
0.0
21.8
0.0
0.0
0.0
0.0
0.0
0.0
0.0
0.0
0.0
0.0
5.6
0.0
0.0
1.3
58.2
0.0
0.0
0.8
0.0
0.0
0.0
0.0
0.0
0.0
0.0
0.0
0.0
0.0
0.0
0.0
0.0
0.0
19.6
21.6
1.3
41.4
0.0
38.9
2.3
0.0
0.0
36.8
17.3
0.0
0.0
0.0
0.0
0.0
0.0
0.0
0.0
0.0
0.0
0.0
0.0
0.0
0.0
0.0
0.0
0.0
0.0
0.0
0.0
0.0
7.6
2.3
0.0
2.3
0.0
16.0
2.5
0.0
0.0
0.0
0.0
0.0
0.0
0.0
0.0
0.0
0.0
0.0
4.1
0.0
7.1
0.0
1.8
0.0
0.0
0.0
0.0
0.0
3.6
0.0
0.0
0.0
0.0
0.0
36.3
0.0
0.0
0.0
0.0
1.3
5.8
5.1
0.0
0.0
14.0
2.3
2.8
0.0
0.0
0.0
2.3
2.3
5.6
0.0
0.0
0.0
0.3
0.0
0.0
0.0
0.0
3.6
0.0
0.0
0.0
0.5
0.0
0.0
2.5
0.0
0.0
0.3
0.0
0.0
0.0
0.0
0.0
0.0
0.0
0.0
0.0
0.0
0.0
0.0
0.0
0.0
0.0
0.0
0.0
0.0
0.0
0.0
0.0
0.0
17.0
13.5
0.0
0.0
0.0
0.0
0.0
7.9
0.0
0.0
0.0
0.0
0.0
0.0
0.0
2.5
2.3
0.0
0.5
0.0
0.0
0.0
0.0
0.0
0.0
0.0
0.0
0.0
0.0
2.8
1.3
0.0
0.0
0.0
0.0
0.0
0.0
0.0
0.0
0.8
0.3
0.0
2.5
0.0
0.3
10.9
0.0
0.0
1.3
0.0
0.0
0.0
0.0
0.0
1.3
3.0
0.0
0.0
0.0
22.4
14.0
0.0
0.0
0.0
0.0
0.0
0.0
0.0
2.0
0.0
0.0
0.0
0.0
0.3
0.3
0.0
0.0
2.0
0.3
0.0
0.0
0.0
0.0
0.0
0.0
9.1
0.0
0.0
0.0
0.0
0.0
1.8
15.2
11.2
0.0
0.0
0.0
1.0
0.0
0.0
0.0
7.6
0.0
0.0
0.0
0.0
0.0
1.3
11.4
0.0
27.2
0.0
0.0
0.0
0.0
0.0
0.0
0.0
0.0
0.0
10.7
0.0
0.0
3.8
0.0
0.3
0.0
0.0
20.6
5.1
0.0
0.0
3.8
1.5
9.1
0.0
0.0
0.0
14.7
0.0
1.3
0.0
15.7
7.6
13.2
0.0
0.0
0.3
3.0
0.0
0.0
1.3
0.3
0.0
0.0
0.0
0.0
0.0
6.6
0.0
0.0
0.0
0.3
0.0
1.0
0.0
0.0
12.7
0.5
0.0
0.0
9.4
0.0
0.0
10.2
14.7
15.7
0.3
19.8
0.0
0.0
0.0
0.0
2.5
0.0
0.0
0.0
0.0
0.0
0.0
51.3
0.8
0.0
0.0
5.8
0.0
0.0
0.0
0.0
0.0
0.0
0.0
0.0
19.3
55.1
0.0
0.0
0.0
0.0
0.0
0.0
0.0
0.3
21.6
0.0
4.3
0.0
0.0
0.0
0.0
0.0
0.0
10.2
0.5
0.0
0.0
0.0
0.0
0.3
4.8
0.0
0.0
0.0
3.0
0.0
0.0
0.0
0.0
0.0
4.6
0.0
0.0
0.0
0.0
0.0
0.0
0.0
0.0
0.0
0.0
0.0
0.0
0.5
0.0
0.0
4.3
1.0
95.5
8.6
0.0
0.0
0.0
0.0
0.0
0.0
0.0
0.0
0.0
0.0
2.8
2.3
0.0
0.0
0.0
0.0
0.0
0.0
0.0
1.3
0.0
0.0
0.0
0.0
6.3
0.0
0.0
0.0
0.0
0.0
0.0
0.3
0.0
0.0
0.0
0.0
0.0
23.9
0.0
1.0
0.0
29.2
0.3
0.0
0.0
0.0
0.0
0.0
0.0
0.0
0.0
0.0
7.6
2.3
0.0
1.3
0.0
0.0
0.0
0.0
5.8
0.3
0.0
24.4
0.0
0.0
0.0
0.0
0.0
0.5
1.5
0.0
0.0
2.0
0.0
0.0
65.0
3.0
0.0
0.0
0.0
0.0
16.0
0.0
0.0
0.0
0.0
0.0
0.0
0.0
0.0
0.0
0.5
3.4
0.0
0.0
0.0
0.0
5.4
0.0
0.0
0.0
2.8
0.0
0.0
0.0
1.3
0.5
0.0
0.0
0.0
15.7
0.0
0.0
0.0
0.0
1.5
0.5
0.0
0.0
0.0
0.0
0.0
11.4
7.6
0.0
0.0
0.0
0.0
0.0
0.0
0.0
0.0
0.0
0.0
0.0
0.8
6.3
0.3
0.0
0.0
0.0
0.0
0.0
0.0
2.8
2.5
0.0
0.0
2.3
0.8
0.0
0.3
5.8
0.0
0.0
2.3
1.8
0.5
0.0
0.0
0.0
0.0
0.0
0.0
0.0
0.0
0.0
0.0
0.0
0.8
1.3
0.0
0.0
0.0
0.0
0.0
0.0
0.0
0.0
0.3
0.0
0.0
2.3
32.8
0.0
0.0
0.0
0.0
0.0
0.0
0.0
0.0
4.6
0.0
5.8
1.5
0.0
0.0
1.8
0.5
0.0
0.0
0.3
1.5
16.3
21.6
0.8
19.8
0.0
0.0
0.0
0.0
0.0
0.0
0.0
0.0
0.0
0.0
0.0
0.0
0.0
0.0
0.0
0.0
0.0
0.0
0.0
0.0
0.0
0.0
13.7
0.0
14.5
0.0
23.9
0.0
0.0
0.0
0.0
5.3
15.7
1.5
1.3
0.0
1.3
0.0
0.0
0.0
0.0
0.0
3.3
0.5
1.3
4.3
21.1
0.0
0.0
0.0
2.8
0.0
0.0
0.0
0.0
5.6
29.7
0.3
1.5
1.3
0.0
0.0
18.5
1.3
0.0
0.5
0.0
0.0
0.0
0.0
0.0
0.0
4.8
17.5
0.0
12.2
0.0
1.0
33.5
0.3
0.0
0.0
0.0
0.0
1.5
0.0
0.0
15.5
1.5
0.0
0.3
0.0
0.0
0.0
0.0
6.3
8.6
1.8
0.3
7.4
0.0
1.5
8.6
30.5
21.1
0.0
0.0
0.0
0.0
0.0
0.0
0.0
0.0
0.0
0.0
0.3
0.0
0.9
0.0
0.0
0.0
0.0
13.0
2.0
0.0
0.0
0.0
1.3
0.0
0.0
0.0
0.0
0.0
7.9
0.0
0.0
0.0
0.0
0.0
0.0
0.0
1.3
0.0
5.8
5.8
0.0
0.0
7.4
6.1
51.8
0.0
7.1
6.1
0.0
0.0
0.0
0.0
0.0
0.0
0.0
0.0
0.0
0.0
0.0
0.0
0.0
0.0
0.0
0.0
0.0
5.1
0.0
0.0
0.0
0.0
0.0
0.0
0.0
0.0
0.0
0.0
0.0
0.0
0.0
0.0
0.0
3.3
0.0
0.0
0.0
0.0
0.0
3.3
10.9
0.0
0.0
0.3
21.8
0.8
14.0
0.0
0.0
21.8
17.3
0.3
0.0
0.0
3.3
0.0
0.0
0.0
22.6
3.8
5.6
14.2
0.0
2.5
35.6
0.0
16.5
0.0
0.0
0.0
0.0
0.0
0.0
0.0
3.0
0.0
0.0
0.0
0.8
1.3
0.0
7.6
0.3
0.0
0.8
0.0
10.7
29.2
0.0
3.3
17.5
0.0
8.9
10.9
0.0
0.0
0.0
0.0
7.6
14.7
7.6
0.0
1.8
2.5
0.0
0.0
0.0
0.0
0.0
0.0
0.0
0.0
0.0
0.0
0.0
0.0
0.0
0.0
0.0
0.0
0.0
0.0
0.0
0.0
1.3
1.0
13.0
18.5
22.9
21.1
0.0
3.3
0.0
0.0
1.8
14.0
41.4
3.0
0.0
0.0
0.0
0.0
0.0
0.0
0.0
0.0
0.8
0.0
0.0
0.0
0.0
0.0
2.3
2.8
0.0
0.0
0.0
0.0
0.0
0.0
0.0
5.6
6.9
3.0
0.8
0.0
0.0
7.1
18.5
0.0
0.5
0.0
0.0
0.0
2.5
1.5
0.0
0.0
0.0
0.0
0.0
0.0
2.5
0.0
0.0
0.0
0.0
0.0
0.0
1.3
0.0
0.0
0.0
0.5
0.0
0.0
0.0
0.0
0.0
0.0
0.0
0.0
0.0
0.0
0.0
14.2
0.3
8.6
4.1
0.0
0.0
0.0
0.0
0.8
0.0
0.0
0.0
0.0
0.0
0.0
2.3
0.0
0.0
0.0
0.0
4.3
30.0
0.8
0.0
0.0
0.0
0.0
0.0
0.0
1.0
11.4
6.1
0.3
0.0
3.6
1.5
0.0
0.0
1.8
0.0
0.0
0.0
0.0
0.0
0.0
0.0
0.0
6.9
1.0
0.0
10.9
0.0
0.0
0.0
0.0
0.0
0.0
33.5
3.3
0.0
0.0
0.0
0.0
0.0
0.0
0.0
1.5
0.0
2.5
0.0
0.0
0.0
0.0
0.0
0.0
0.0
0.0
0.0
14.0
0.0
0.0
0.0
0.0
17.5
0.0
0.0
0.0
0.0
0.0
0.0
0.0
0.0
0.0
0.0
0.0
0.0
0.0
0.0
0.0
0.0
0.0
0.0
0.0
0.0
5.6
0.0
0.0
0.0
0.0
0.0
0.0
4.8
23.1
4.6
1.3
0.3
0.0
0.0
12.4
0.0
0.0
0.0
0.0
0.0
0.0
0.0
8.4
0.0
0.0
0.0
0.0
0.0
0.0
0.0
0.3
4.8
0.3
0.0
0.0
0.0
1.3
0.0
0.0
3.8
10.2
7.6
2.5
0.0
0.0
18.3
1.8
0.0
0.0
0.0
0.0
0.0
8.1
3.0
0.0
0.0
0.0
0.0
0.0
0.0
0.0
0.0
0.0
0.0
0.0
0.0
2.8
0.0
0.0
0.0
0.0
18.8
0.0
10.4
0.0
0.0
7.6
38.1
0.0
0.0
0.0
16.5
1.0
19.0
0.0
0.0
5.3
0.0
0.0
0.0
0.0
0.0
0.0
0.0
0.0
0.0
0.0
0.0
0.0
0.0
0.0
0.0
0.0
0.0
0.0
0.0
0.0
6.9
42.7
1.8
2.0
0.0
0.0
0.0
0.0
0.0
0.0
0.0
0.0
18.8
0.0
0.0
0.0
0.0
28.2
0.0
1.3
0.0
0.0
0.0
0.0
5.3
0.0
15.7
10.2
0.0
0.0
0.0
0.0
0.0
0.0
0.0
0.0
0.0
0.0
2.0
37.6
9.1
0.0
4.6
0.0
0.0
1.8
0.0
0.8
0.0
0.0
5.3
0.0
0.0
2.5
0.0
8.4
0.0
0.0
0.0
0.8
0.0
0.0
0.0
0.0
0.0
0.0
12.7
0.0
0.0
0.0
0.8
0.0
2.8
0.0
0.0
8.4
0.0
0.0
0.0
0.0
0.0
0.0
0.0
1.3
0.0
3.3
5.8
0.0
0.0
0.0
0.0
0.0
0.0
6.9
0.0
0.0
0.0
0.0
0.0
0.0
0.5
23.1
0.0
0.0
0.0
0.0
0.3
0.0
0.0
0.0
0.0
0.3
0.0
0.0
0.0
1.0
0.0
0.0
0.0
5.3
1.8
0.0
0.0
0.0
0.0
0.0
0.0
0.0
0.0
0.0
0.0
0.0
0.0
0.0
0.0
0.0
1.5
0.8
0.0
2.5
9.1
9.4
0.0
27.2
54.6
0.0
0.0
0.3
0.0
0.0
0.0
0.0
6.3
1.0
0.0
0.0
0.3
0.0
0.0
3.3
0.0
0.0
8.1
0.0
4.3
10.7
0.0
0.0
32.0
48.3
0.0
0.0
0.0
0.0
0.0
0.0
0.0
0.8
0.0
27.7
0.0
6.3
0.0
0.0
0.0
0.0
0.0
1.5
0.5
0.0
0.0
0.0
14.0
30.5
0.8
0.0
3.0
0.0
0.0
0.0
0.0
0.0
0.0
7.1
0.0
0.3
2.3
4.1
3.3
1.5
0.3
0.0
0.0
0.0
0.0
0.0
0.0
3.3
0.0
0.0
0.0
0.0
0.0
13.5
11.9
5.8
0.0
0.0
0.0
0.0
8.9
0.0
0.0
0.0
0.0
2.0
0.0
0.0
0.0
0.0
0.0
6.8
10.6
0.0
0.0
0.0
0.0
0.0
0.0
0.0
7.9
3.3
0.0
0.0
1.5
0.0
0.0
1.0
3.6
0.0
0.0
0.0
0.3
1.8
5.1
15.5
39.1
17.8
0.0
0.0
0.0
0.0
0.0
27.4
9.7
16.5
0.0
0.0
0.0
0.0
13.5
1.5
0.0
0.0
0.0
0.0
0.0
0.0
0.0
0.0
0.0
0.0
13.5
46.5
0.5
3.8
0.0
0.0
0.0
0.3
0.0
0.0
1.0
6.9
0.0
0.0
0.0
0.0
0.0
0.0
4.3
5.3
8.9
9.9
0.5
0.8
0.0
0.0
0.0
0.0
0.0
0.3
0.8
0.0
0.0
0.0
0.3
31.0
1.5
0.0
0.0
0.0
0.0
4.3
0.0
0.0
0.0
0.3
12.4
0.3
0.0
0.0
0.0
0.0
0.0
1.0
0.0
0.0
0.0
0.0
0.0
0.0
0.0
0.0
0.0
0.0
11.4
1.3
0.0
0.0
0.0
0.0
41.9
0.0
0.5
0.0
0.0
8.4
0.0
0.0
0.0
11.4
2.3
1.0
0.0
0.0
0.0
0.0
0.0
0.0
0.0
0.3
0.3
0.0
0.0
0.0
0.0
13.2
0.0
0.8
1.3
8.4
18.0
0.0
0.0
0.0
0.0
0.0
0.0
0.0
0.0
0.0
0.0
0.0
0.0
0.0
31.8
49.8
0.0
0.0
0.0
0.0
0.0
0.5
0.0
0.0
0.0
2.0
1.8
0.0
0.0
0.0
0.0
0.0
2.3
0.0
0.0
23.4
1.5
0.0
0.0
0.0
0.0
0.0
0.0
0.0
0.0
11.4
4.8
0.0
0.0
0.0
10.9
1.3
0.0
0.3
0.0
0.0
0.0
0.3
20.3
1.0
21.8
0.3
0.0
0.0
0.0
0.0
4.1
3.8
0.0
1.5
0.0
0.0
0.0
0.0
0.0
0.3
0.0
0.3
0.0
0.0
0.0
0.0
0.3
2.3
0.0
0.0
0.0
0.0
0.0
6.3
15.2
0.0
0.0
2.8
0.0
0.0
0.0
0.0
0.0
0.0
0.0
33.0
0.0
0.0
0.0
9.9
4.6
0.3
0.0
0.0
0.0
0.0
0.0
0.0
3.6
0.0
0.0
0.0
0.0
2.8
0.0
0.0
0.0
0.0
5.8
1.3
1.8
5.6
12.7
0.0
1.8
0.5
0.0
0.8
0.0
6.9
15.5
0.0
0.0
12.7
0.0
0.0
0.0
0.0
0.0
0.0
17.0
1.3
0.0
0.8
7.1
0.0
0.0
0.0
0.0
0.0
0.0
0.0
0.0
0.0
8.4
20.1
1.8
0.0
0.0
0.0
0.0
0.0
4.6
7.1
9.1
0.0
0.0
0.0
0.0
0.0
0.0
0.0
0.0
0.0
0.0
5.6
0.0
0.0
0.0
0.0
0.0
0.0
0.0
0.0
3.3
0.5
12.2
1.5
0.0
0.0
0.0
10.7
0.0
0.8
1.0
0.0
0.0
0.0
2.8
0.0
0.0
0.0
0.0
0.0
0.0
0.0
0.0
0.0
0.0
4.6
0.0
0.0
30.7
3.8
58.9
0.0
0.0
2.3
1.0
14.7
0.0
0.0
0.0
0.0
0.0
13.0
1.5
0.0
0.0
0.0
5.1
5.6
0.0
0.0
0.0
0.0
0.0
6.9
15.2
0.0
0.0
0.0
0.0
0.0
0.0
0.0
0.0
0.0
1.3
0.0
0.0
0.0
0.0
0.0
0.0
0.0
31.0
0.0
3.0
0.0
0.0
0.0
0.0
0.0
0.0
0.0
0.0
0.0
3.6
0.5
8.9
2.0
2.5
1.5
0.0
0.0
13.7
0.0
0.0
0.0
0.0
0.0
0.0
0.0
0.0
0.0
0.0
0.0
3.3
10.2
1.3
0.0
0.0
5.1
0.0
0.0
0.0
0.0
0.8
0.0
0.0
0.0
0.0
0.0
0.0
0.0
0.0
0.0
10.2
0.0
0.0
0.0
0.0
6.3
0.0
48.8
0.0
0.0
0.0
0.0
0.0
0.0
0.0
0.0
0.0
0.0
0.0
0.0
3.3
0.0
24.1
0.3
0.0
0.0
0.0
3.6
0.0
0.0
1.5
11.4
0.0
0.0
0.0
0.0
0.0
0.0
0.0
0.0
0.0
0.0
0.0
0.0
0.0
0.0
0.0
0.0
5.8
0.0
0.0
0.0
0.0
0.0
0.0
0.0
18.4
28.4
0.0
0.0
0.0
2.3
2.0
0.0
0.0
0.0
0.0
1.8
10.9
0.0
0.0
0.0
4.1
2.0
24.1
4.1
12.4
9.4
0.0
0.0
3.3
7.6
0.0
0.0
0.0
0.0
0.5
0.0
3.0
0.0
0.0
0.0
3.8
0.0
4.1
0.0
0.0
0.8
0.3
0.0
0.0
5.6
0.0
0.0
69.8
1.0
0.0
0.3
0.0
0.0
0.3
0.0
0.0
0.0
0.5
0.0
0.0
0.0
0.5
0.0
1.0
0.0
0.0
0.0
0.0
0.0
9.9
0.0
21.3
0.0
0.0
12.7
15.5
37.6
2.5
0.0
0.3
0.0
0.0
0.0
0.0
0.0
0.0
0.0
21.6
9.7
0.0
0.0
0.0
2.0
4.1
0.0
0.0
2.8
1.8
0.0
4.1
0.0
0.0
7.6
0.3
5.8
0.0
0.0
0.0
0.0
0.0
0.0
0.0
0.0
2.5
0.5
2.0
0.0
21.6
17.8
0.3
0.0
0.0
0.0
0.5
0.0
0.0
0.5
13.7
0.0
0.0
1.3
7.6
0.0
0.0
2.5
0.0
0.0
0.0
0.0
8.1
17.0
15.7
1.3
2.8
0.8
0.0
0.0
0.0
0.0
18.8
0.5
0.0
0.0
0.0
0.0
0.5
26.9
0.0
1.3
1.8
0.0
0.0
0.0
4.3
0.0
0.0
0.0
0.0
10.4
0.5
0.3
38.6
9.4
0.0
0.5
0.0
13.2
0.0
0.0
0.0
4.6
0.0
0.0
0.5
6.6
0.0
5.1
3.0
0.5
0.0
0.0
17.8
0.0
0.0
86.4
72.1
0.3
0.0
0.0
18.0
5.3
9.4
0.0
0.0
0.0
2.5
0.0
0.0
0.0
0.0
0.0
0.0
0.0
0.0
12.2
0.0
0.8
8.9
1.0
5.1
0.5
4.1
0.5
0.0
25.7
19.3
0.0
0.0
0.0
0.0
42.4
0.0
0.0
165.1
32.0
0.0
0.0
0.0
0.0
0.0
0.3
1.0
0.0
21.3
0.0
0.0
2.3
0.0
0.0
5.8
0.0
10.9
0.0
0.0
0.0
0.0
1.8
0.0
45.5
0.0
0.0
0.0
0.0
0.0
0.0
0.0
0.0
0.0
0.0
0.0
0.0
0.0
0.0
1.3
10.9
0.0
0.0
0.0
0.0
0.0
0.0
3.0
0.0
0.0
0.0
0.0
2.5
0.8
58.9
0.0
6.3
0.3
2.0
0.0
0.0
34.0
15.2
35.3
36.6
0.0
0.0
0.0
0.0
0.0
0.0
0.0
0.0
0.0
0.0
0.0
0.0
0.0
0.0
0.0
0.0
0.0
0.0
0.0
0.0
0.0
0.0
5.2
0.0
0.0
0.0
0.0
0.0
0.0
0.7
13.0
0.0
1.6
0.0
0.0
0.0
0.0
0.0
26.5
3.2
0.0
0.0
0.0
0.0
0.0
0.0
0.0
0.0
0.0
0.0
0.0
0.0
0.5
0.0
0.0
0.0
3.0
6.6
0.3
0.8
0.8
0.0
0.0
0.0
0.0
0.0
0.0
0.0
0.0
1.8
0.0
0.0
0.0
0.0
0.0
3.0
5.8
1.3
0.0
0.3
0.0
0.0
0.3
0.0
9.9
2.3
0.0
0.0
0.0
0.0
12.2
0.0
3.3
0.0
25.7
0.0
0.0
0.0
0.0
10.2
6.3
0.0
0.0
33.5
0.0
0.0
0.0
0.0
0.0
0.0
0.0
0.0
0.3
0.0
0.0
0.0
2.0
0.0
0.0
0.0
2.3
0.0
0.0
0.0
0.0
1.8
0.3
0.0
0.0
2.0
0.0
0.3
2.0
0.0
3.6
0.0
0.0
0.0
0.0
0.0
0.3
0.0
0.0
0.0
0.0
0.0
0.0
1.3
15.0
5.6
0.0
0.5
0.0
0.0
0.0
0.5
0.0
0.0
0.0
0.0
0.0
0.0
0.0
0.0
8.4
0.0
0.0
0.0
0.0
0.0
0.0
0.0
0.0
3.3
4.6
11.2
4.6
0.0
0.0
0.0
0.0
0.0
0.0
0.0
0.0
0.0
0.0
0.0
4.6
0.0
14.5
0.0
0.0
0.0
38.1
1.3
3.0
6.3
0.3
16.5
0.0
0.5
17.8
0.0
0.0
0.0
26.4
0.0
0.0
11.4
7.6
0.3
0.0
0.0
0.0
4.1
21.1
0.5
0.3
0.0
0.0
0.8
0.3
0.0
38.4
0.0
24.1
0.0
6.1
0.0
0.0
0.0
0.0
0.0
14.7
5.1
0.0
2.0
0.0
2.3
64.0
0.0
36.8
0.0
0.0
0.0
0.0
0.0
0.0
0.0
0.0
1.3
14.0
4.3
3.6
1.3
0.0
0.0
0.0
0.0
12.7
1.5
0.0
0.0
0.0
4.8
1.5
3.0
43.2
0.0
0.8
5.1
0.0
6.9
20.8
0.0
17.8
19.8
0.5
5.8
0.0
0.0
0.0
0.0
0.0
21.1
0.0
0.0
0.0
0.0
0.0
4.1
26.9
0.2
0.0
0.0
4.2
0.0
0.0
0.0
0.0
0.0
0.0
0.0
0.0
0.0
0.0
0.0
0.0
0.3
0.0
0.0
20.3
0.0
0.0
0.0
32.8
0.0
0.0
0.0
1.3
0.0
0.0
11.4
0.0
0.0
3.6
0.0
1.5
0.0
0.0
0.0
0.0
0.0
0.0
11.4
11.9
0.3
16.0
0.5
0.0
0.0
0.0
0.0
0.0
0.0
1.8
3.6
0.0
0.0
0.0
0.0
0.0
0.0
0.0
14.7
0.0
0.0
0.0
0.0
0.0
0.0
0.0
0.0
0.0
0.0
0.0
0.0
0.0
0.0
42.4
0.5
0.5
0.0
1.3
0.5
5.6
0.5
0.0
0.0
0.0
22.4
0.8
0.0
0.0
18.5
1.8
5.1
49.3
6.1
0.0
2.3
0.0
26.9
3.3
0.5
0.5
0.0
0.0
0.0
0.0
0.3
59.4
3.6
0.0
4.3
4.3
10.9
0.0
52.6
14.7
0.0
0.0
0.0
1.0
0.0
0.0
0.0
0.0
0.0
0.0
0.3
0.0
0.0
0.0
0.0
31.2
36.8
8.6
6.3
0.8
0.0
0.0
0.0
0.0
11.9
0.8
0.8
0.0
0.0
0.8
0.0
0.0
3.3
0.0
0.0
0.0
0.8
0.0
16.6
0.6
0.0
0.0
3.8
0.0
0.0
0.0
0.0
0.0
1.3
0.0
1.3
0.0
0.0
0.0
0.0
0.0
0.0
2.7
0.0
0.5
1.0
0.0
0.0
0.0
0.0
0.0
0.0
6.9
0.5
0.0
0.0
0.0
0.0
0.0
0.0
0.0
0.0
0.0
0.0
0.0
0.0
5.1
5.3
0.6
14.3
0.0
1.5
0.0
3.3
0.0
0.0
0.0
0.0
0.0
0.0
0.0
5.3
12.2
0.0
0.0
0.0
1.1
0.0
0.0
0.0
0.0
5.8
0.5
0.0
0.0
0.0
2.0
4.1
24.6
0.0
0.0
0.0
0.0
0.0
0.0
0.0
0.0
0.0
0.0
0.0
0.0
0.0
2.8
0.0
2.0
7.6
0.3
9.9
6.1
0.3
0.0
0.0
0.0
0.0
0.0
3.0
0.5
0.0
0.0
4.3
18.8
0.0
18.0
6.3
0.0
0.0
0.0
0.0
15.5
0.0
4.3
21.3
5.1
0.5
0.0
0.0
0.0
0.0
0.0
0.0
0.0
0.0
0.0
0.0
0.0
0.0
0.0
3.3
1.8
13.0
24.1
6.1
1.3
0.0
0.0
0.0
4.1
9.9
0.0
0.3
0.0
0.0
0.0
0.0
0.0
0.0
29.2
4.3
1.3
0.8
0.0
2.5
38.1
6.6
0.0
0.0
9.1
3.3
0.0
0.0
15.0
3.8
12.7
0.0
0.0
0.0
0.0
43.7
13.5
0.3
0.0
2.8
0.5
0.0
0.0
51.8
0.0
0.3
0.0
18.0
10.9
0.5
18.3
0.0
0.0
26.4
0.0
5.6
6.6
39.6
20.1
0.0
0.0
0.0
3.8
0.0
0.0
0.0
0.0
0.0
0.0
7.1
0.0
18.3
2.3
1.0
0.0
0.0
0.0
0.0
0.0
0.0
0.0
1.9
0.0
2.3
70.3
11.4
0.0
0.0
0.0
31.0
0.0
0.0
1.3
0.3
0.0
1.8
0.0
0.0
0.0
0.0
7.1
0.0
0.0
0.0
0.0
0.0
0.0
0.0
0.0
22.4
0.0
0.0
0.0
0.0
0.0
0.0
34.3
0.0
0.0
0.0
0.0
0.0
0.0
0.0
0.0
0.0
4.8
11.2
22.9
53.8
0.0
0.0
0.0
0.0
0.0
0.0
1.0
21.3
0.3
0.0
0.0
0.0
0.0
0.0
0.0
12.2
0.5
0.0
55.1
0.3
2.0
0.0
5.1
0.0
0.0
0.0
0.0
0.0
0.0
3.0
0.0
0.0
0.0
0.0
0.0
0.0
0.0
0.0
0.0
0.0
0.0
0.0
0.0
0.0
0.0
0.0
0.0
0.0
0.0
0.0
5.6
17.0
7.4
0.0
0.0
0.0
0.0
0.0
0.0
0.0
0.0
0.0
1.0
0.0
0.0
0.0
0.0
0.0
0.0
0.0
0.5
0.0
0.0
0.5
0.0
0.3
0.0
0.0
0.0
0.5
7.9
0.0
21.3
0.5
0.0
0.0
0.0
17.8
0.0
0.0
0.0
0.0
1.0
0.0
0.0
0.0
0.0
0.0
0.0
9.9
3.8
0.0
0.0
1.3
0.5
0.0
0.0
0.0
0.0
0.0
0.0
0.5
8.9
0.0
0.0
0.0
0.0
1.3
5.6
3.0
0.0
0.0
0.0
0.0
0.0
1.5
0.5
0.0
0.0
2.5
3.8
0.0
0.0
0.0
0.0
0.0
2.3
0.3
7.4
1.3
0.3
0.0
1.8
0.0
0.0
0.0
0.0
0.0
0.0
0.0
4.1
36.1
0.0
0.0
0.0
0.3
0.0
0.0
0.0
0.0
0.0
0.0
0.0
0.0
0.0
0.0
0.0
0.0
0.0
9.1
6.6
2.0
0.0
3.8
9.4
0.0
1.0
16.5
0.0
0.0
0.0
0.0
32.5
0.3
0.0
0.0
8.4
0.0
0.0
0.0
0.0
0.0
2.5
0.0
0.0
0.0
3.3
0.5
0.0
0.0
0.0
0.0
0.0
0.0
0.0
0.0
0.0
0.0
0.0
0.0
0.0
0.0
10.4
0.0
0.0
0.0
1.8
7.1
0.0
19.8
0.0
0.0
0.0
0.0
31.5
0.8
0.0
3.8
34.0
0.0
3.6
31.5
0.0
0.5
13.7
0.5
0.3
0.0
0.0
0.0
8.4
0.0
0.0
0.0
5.3
0.8
0.0
0.0
0.0
0.3
0.0
0.0
4.3
12.2
7.6
0.0
0.0
0.0
0.0
0.0
0.3
9.4
0.0
10.4
13.0
1.3
0.0
31.0
0.0
0.0
0.0
0.0
12.7
0.0
1.8
4.3
0.0
0.0
0.0
0.0
8.9
0.0
0.0
29.2
17.5
0.3
0.0
1.5
18.3
2.5
2.0
2.8
0.8
0.0
0.0
7.9
30.0
2.5
0.0
0.0
0.0
0.0
0.0
0.5
0.0
0.0
0.0
20.3
0.0
0.0
0.0
0.0
0.5
0.0
0.0
0.0
0.0
0.0
0.0
0.0
0.0
0.0
0.0
0.0
3.8
0.0
1.8
0.0
0.0
0.0
0.0
0.0
0.0
0.0
0.0
0.0
0.0
0.0
0.0
3.0
0.0
0.0
0.0
0.0
0.0
0.0
0.0
0.0
0.0
1.8
0.0
0.0
0.0
0.0
0.0
1.5
0.0
0.0
0.0
0.0
0.0
2.0
0.0
0.0
0.0
1.3
0.0
0.0
0.0
0.0
5.8
10.4
0.0
0.0
0.0
0.0
9.4
0.0
0.0
0.0
3.8
0.0
0.0
0.0
0.0
0.0
0.0
0.0
15.7
1.8
0.0
0.0
0.0
0.0
0.0
0.0
0.0
0.0
0.0
0.0
0.0
0.0
0.0
0.0
13.7
0.5
0.0
0.0
0.0
13.7
1.0
4.6
0.0
0.0
0.0
0.3
0.0
0.0
0.8
0.0
0.0
0.0
1.8
0.0
0.0
17.3
19.0
0.0
0.0
2.0
9.2
8.4
0.1
0.0
0.0
0.0
0.5
0.0
0.0
0.0
0.0
0.0
0.0
0.0
6.6
13.2
0.0
0.0
0.0
14.5
0.0
0.0
0.0
0.0
0.0
0.0
2.3
0.0
0.0
0.0
0.0
0.3
0.0
0.0
0.0
0.5
6.6
12.2
0.0
0.0
0.0
0.0
25.4
1.8
0.8
0.0
0.0
0.0
0.0
14.2
0.0
0.0
0.0
2.3
0.5
0.0
0.0
0.0
0.0
0.0
0.0
0.0
0.0
0.0
0.0
2.0
4.8
0.0
0.3
0.0
18.8
0.0
0.0
0.0
0.0
0.0
2.3
0.0
0.0
4.3
5.1
1.0
0.0
0.0
0.0
0.0
0.0
0.0
17.3
1.3
0.0
0.0
0.5
0.0
0.0
0.3
0.0
0.0
2.0
0.0
3.3
0.0
0.0
0.0
0.0
0.8
0.0
0.5
0.0
0.3
0.0
0.0
0.0
10.7
0.0
0.0
8.4
0.0
4.6
0.0
0.0
5.1
0.5
0.0
0.0
2.5
0.0
0.0
0.0
8.9
0.0
0.8
0.0
0.0
0.0
0.0
8.1
0.3
0.0
0.0
0.0
0.0
0.0
4.6
0.0
0.0
0.0
0.0
0.5
0.3
0.0
0.0
0.0
0.0
0.0
0.0
0.0
0.0
8.1
14.7
24.6
0.0
0.0
0.0
0.5
5.6
0.0
0.0
0.0
0.0
0.0
0.0
2.0
0.8
41.7
1.8
12.3
0.0
6.9
1.8
0.0
1.8
0.0
0.0
0.0
0.0
0.0
0.0
0.0
0.0
0.0
0.0
0.0
0.0
0.0
33.8
0.0
0.0
0.0
0.0
0.0
0.0
0.0
0.5
0.0
0.0
21.6
0.0
0.0
0.0
0.0
0.0
0.0
0.0
0.0
0.0
0.0
3.3
0.0
0.0
0.0
0.0
7.1
0.0
0.0
0.0
0.0
0.3
0.0
0.0
1.0
0.0
0.0
0.0
0.0
0.0
7.1
0.0
0.0
0.0
0.0
0.0
0.0
0.0
2.3
0.0
1.5
0.0
0.0
0.0
0.0
0.0
0.0
0.0
2.1
0.2
0.0
0.0
0.0
0.0
0.0
0.0
0.0
0.0
0.0
0.0
0.0
0.0
0.0
2.5
0.0
20.1
0.0
0.0
0.0
0.0
0.0
0.0
0.0
4.3
0.0
0.0
0.0
12.4
0.0
0.8
0.0
0.0
0.0
0.0
0.0
0.0
0.0
4.6
0.0
0.0
0.0
0.0
56.4
9.1
1.5
0.0
0.0
6.6
0.0
2.5
0.0
0.0
0.0
0.0
0.0
3.6
0.0
0.0
0.0
0.0
0.0
0.0
0.0
0.0
0.0
0.0
7.1
5.1
0.8
0.0
0.0
0.0
0.0
0.0
0.0
0.0
22.9
1.0
0.0
0.0
0.0
1.3
0.0
0.0
0.0
54.1
4.1
0.0
0.0
7.9
2.0
0.3
0.0
0.0
17.5
0.0
0.0
13.2
0.0
0.0
0.0
0.0
0.0
0.0
0.0
4.3
0.3
0.2
0.6
4.2
0.0
0.0
0.0
0.0
24.1
0.0
0.0
0.0
0.0
0.0
0.0
0.0
0.0
0.0
0.0
0.0
0.0
0.0
0.0
0.0
0.0
0.0
0.0
0.0
0.0
0.0
25.4
0.0
0.0
2.8
5.8
3.8
0.3
0.0
0.0
0.0
0.0
11.7
0.5
0.0
5.6
0.0
16.8
8.9
0.0
0.0
0.0
0.0
0.0
0.0
0.0
0.0
0.0
0.0
4.3
0.0
0.0
0.0
0.0
0.0
0.0
0.0
0.0
0.0
17.5
0.0
9.1
0.0
0.0
0.0
0.0
0.0
0.0
0.0
0.0
0.0
0.0
0.0
0.0
0.0
0.0
4.1
0.5
47.8
0.5
0.0
0.3
0.3
0.0
0.0
0.0
0.0
8.9
0.0
3.0
5.6
0.0
0.0
0.0
0.0
0.0
0.0
0.0
3.3
0.0
0.0
12.4
0.0
0.0
0.0
23.6
12.7
3.6
2.0
0.3
0.0
0.0
0.8
3.0
0.0
0.0
0.0
10.2
20.6
0.0
0.0
0.0
0.0
0.0
0.0
2.5
0.0
0.0
0.0
0.0
0.0
3.8
38.6
0.0
0.0
0.0
0.0
0.0
0.0
0.0
0.0
0.0
0.0
0.0
0.0
0.0
6.1
0.3
0.0
39.1
0.0
0.0
1.8
0.3
26.7
9.7
13.5
31.2
0.0
0.0
0.0
0.0
11.9
2.0
0.0
0.0
6.9
0.1
0.0
0.0
0.0
18.1
30.5
10.2
4.3
0.0
0.0
0.8
20.6
0.0
0.0
0.0
0.0
0.0
0.0
0.0
0.8
0.0
0.5
28.4
0.0
3.8
0.8
0.0
36.8
35.8
31.5
3.6
0.0
23.6
32.5
0.3
0.0
0.0
0.0
0.0
0.0
0.0
0.0
3.3
0.0
0.0
0.0
0.0
0.3
19.0
0.0
0.0
0.0
0.0
0.0
14.5
0.0
0.0
5.1
1.0
19.0
0.0
0.0
6.9
0.0
0.0
0.0
0.0
0.0
0.0
0.0
0.0
0.0
0.3
13.2
0.0
0.0
0.0
3.3
0.0
0.0
0.0
0.0
0.0
0.0
6.9
0.0
0.0
0.0
0.0
14.5
0.0
0.0
0.0
20.8
0.0
0.0
0.5
0.0
0.0
0.0
0.0
2.0
0.0
0.0
0.0
0.0
2.0
0.0
0.0
0.0
0.0
0.0
0.0
0.0
0.0
0.0
0.0
0.0
0.0
0.0
0.0
0.0
0.0
0.0
0.0
0.0
0.0
0.0
0.0
0.0
0.0
0.0
5.2
3.2
0.0
0.0
4.6
0.8
0.0
0.0
0.5
0.0
0.0
1.0
2.8
1.0
0.0
0.0
0.0
0.0
0.0
0.0
0.0
9.7
0.0
0.0
0.0
0.0
20.8
0.0
1.3
1.8
0.0
0.0
0.0
0.0
2.0
0.0
0.0
0.5
5.8
0.5
0.0
5.6
0.0
0.0
0.0
3.6
0.0
0.0
0.0
0.0
0.0
0.0
2.5
40.6
19.8
0.3
0.0
0.0
0.0
10.2
3.6
0.0
0.0
0.0
0.0
2.5
0.0
0.0
0.0
0.0
0.0
1.0
0.0
0.0
3.5
5.7
0.0
0.0
0.0
0.0
0.0
0.0
0.0
0.0
0.0
0.0
0.0
0.0
0.0
0.0
0.0
0.0
1.3
0.0
0.0
0.0
0.0
18.9
3.5
0.3
0.0
0.0
0.0
0.8
5.6
16.5
0.0
0.0
0.0
0.0
0.0
0.0
0.0
0.0
0.0
0.0
5.6
0.0
0.0
1.3
21.6
0.0
0.0
0.0
0.5
12.7
0.0
0.0
0.0
0.3
0.5
0.0
0.0
1.0
0.0
5.3
0.0
0.0
0.0
0.0
0.0
0.0
0.0
0.0
0.0
0.3
14.0
5.6
0.0
0.0
14.0
0.0
0.0
0.3
0.5
0.0
0.0
0.0
0.0
0.5
10.4
0.5
1.3
15.2
0.0
2.0
3.8
0.0
4.3
0.0
0.8
0.0
0.0
0.0
0.0
4.1
0.0
0.0
0.0
0.0
0.0
0.0
0.0
0.0
0.0
33.5
0.0
0.0
0.0
0.0
0.0
0.0
1.3
0.0
0.0
0.0
0.0
0.0
1.0
0.0
8.1
6.3
0.0
0.0
0.0
0.3
5.1
31.5
15.5
0.0
0.0
0.0
0.0
0.0
0.0
0.0
0.0
0.0
4.8
1.8
0.0
0.0
0.0
0.0
0.0
0.0
5.3
0.0
0.0
5.1
0.0
0.0
28.2
5.3
0.3
0.0
0.3
0.0
0.0
0.0
0.0
0.0
0.0
5.8
0.0
14.2
0.0
11.7
1.5
13.5
4.1
2.8
0.0
0.0
0.0
0.0
0.0
0.0
0.0
0.0
0.0
0.0
0.0
0.0
0.5
0.0
0.0
0.8
0.0
49.3
0.0
0.0
0.0
25.4
0.0
16.5
4.1
0.0
0.0
0.0
0.0
0.0
0.0
0.0
0.0
17.5
0.0
2.5
15.5
63.2
0.0
0.0
0.0
1.3
0.3
0.0
7.9
0.0
0.0
0.0
0.0
1.8
0.0
8.9
0.0
0.0
0.0
0.0
9.4
0.0
0.0
0.0
0.0
0.0
0.0
0.0
0.0
0.0
0.0
0.0
0.0
11.4
11.9
0.0
0.0
0.0
0.0
0.0
27.7
0.0
0.0
2.3
0.0
3.3
18.8
1.8
0.3
32.8
0.0
0.0
0.0
0.0
0.0
1.8
0.0
0.0
0.5
28.2
0.0
1.3
0.0
0.0
0.0
0.0
0.3
56.9
2.0
0.0
0.0
6.3
0.0
0.0
0.0
20.3
0.0
0.0
0.0
41.1
51.6
0.0
1.8
0.0
0.0
23.6
0.0
0.3
0.0
0.0
2.0
0.0
0.0
0.0
0.0
0.0
0.0
0.0
0.0
0.0
0.0
24.1
35.6
1.3
0.0
0.8
1.3
0.8
0.0
0.8
0.5
0.0
1.3
18.5
1.8
1.3
0.0
0.0
0.0
0.0
0.0
0.0
0.0
0.0
0.0
0.0
0.0
10.9
0.0
0.0
0.0
0.0
0.0
0.0
7.1
0.0
0.0
0.0
0.0
0.0
0.0
0.0
2.0
0.0
0.0
0.0
0.0
0.5
0.5
0.0
0.0
0.0
1.0
0.0
32.5
0.0
0.0
6.1
0.0
0.0
0.0
0.0
0.0
0.0
0.0
0.0
15.2
0.0
0.3
1.0
0.0
0.0
0.0
0.0
0.0
0.0
8.1
0.0
0.0
1.0
0.0
0.0
0.0
17.3
0.0
0.0
0.0
1.3
0.7
0.0
0.0
0.0
0.0
0.0
3.1
11.2
0.0
3.0
0.0
0.0
0.0
0.0
0.0
6.9
0.0
0.0
0.0
0.0
0.0
0.0
0.0
0.0
0.0
0.0
0.0
0.0
1.8
2.8
0.5
0.0
0.0
0.0
0.0
10.4
6.3
0.0
0.0
2.5
0.0
0.0
0.0
0.0
0.0
0.0
0.0
0.0
0.0
0.0
1.6
0.0
1.2
0.0
0.0
15.6
0.0
0.0
0.0
0.0
2.0
0.8
0.0
11.4
3.6
1.3
0.0
0.0
0.0
0.0
0.0
0.0
1.0
0.5
0.0
0.0
0.3
0.0
0.0
0.0
0.0
0.0
5.6
0.0
0.0
0.0
1.3
15.0
10.7
0.0
0.0
0.0
0.8
0.0
0.0
0.0
1.3
0.0
0.0
0.0
0.0
0.0
31.0
0.8
0.0
0.0
0.8
0.0
0.0
0.0
0.0
0.0
0.0
23.4
0.0
0.5
0.0
0.0
1.3
11.9
0.0
0.0
0.0
0.0
0.0
0.0
0.0
0.0
8.4
0.0
0.0
30.0
21.8
1.0
28.7
3.6
0.0
0.0
5.1
4.3
3.0
0.3
0.0
0.0
3.0
0.0
0.0
0.0
7.1
0.3
6.9
0.0
18.5
29.2
17.8
0.0
0.0
0.0
0.0
0.0
9.7
0.0
47.0
0.0
0.0
0.0
3.0
5.6
11.9
14.2
19.0
1.5
1.8
30.5
0.3
10.7
0.0
0.0
0.0
37.1
2.5
14.0
0.0
44.4
0.0
0.0
0.8
0.0
0.0
0.0
0.0
11.4
6.1
53.6
0.8
3.8
5.6
0.0
0.0
0.0
0.0
11.2
0.0
4.1
4.8
8.4
0.0
0.0
0.0
0.0
3.3
0.8
0.0
0.0
0.0
0.0
0.0
0.0
1.3
0.0
0.0
0.8
0.0
0.0
2.7
25.2
0.0
0.0
0.0
0.0
0.0
0.0
0.0
0.8
5.8
0.0
0.0
0.0
0.0
0.8
0.0
0.0
0.0
0.0
0.3
0.3
0.0
0.0
0.0
0.0
0.0
0.0
0.0
0.0
0.0
29.7
0.0
25.1
1.8
0.0
0.0
0.0
0.0
0.0
0.8
24.4
0.0
0.0
0.0
0.0
0.0
0.0
0.0
0.0
3.0
0.0
0.0
0.0
0.0
0.0
0.0
0.0
0.0
0.0
0.0
1.0
0.0
0.0
0.0
0.0
0.0
0.0
0.0
0.0
0.0
0.0
0.0
3.8
0.0
0.0
0.2
1.2
0.0
4.1
17.8
0.3
0.0
2.0
8.1
0.0
0.3
0.0
0.0
5.8
0.0
0.0
0.0
0.0
0.0
5.1
0.0
0.0
0.0
0.0
19.8
29.0
0.0
0.0
11.7
2.8
0.0
0.0
0.0
1.0
17.8
6.9
0.0
3.0
6.6
1.0
1.1
0.0
0.0
0.0
3.6
0.0
0.0
0.0
0.0
0.0
1.7
24.1
3.3
3.8
0.0
0.0
0.0
0.0
6.1
0.3
4.6
19.6
0.0
0.0
65.1
23.4
40.1
0.0
0.0
0.0
0.0
0.0
0.0
0.0
0.0
0.0
7.6
2.5
6.6
0.0
0.0
0.0
0.0
0.0
1.7
0.9
0.0
0.0
8.0
0.0
0.0
0.0
0.0
0.0
0.0
0.0
0.0
0.0
0.0
0.0
0.0
0.0
18.3
0.0
0.0
0.0
0.0
0.4
2.0
0.1
0.0
1.5
0.0
1.2
5.1
0.0
3.7
0.0
0.0
0.0
0.0
0.0
0.0
0.0
2.0
0.0
0.0
0.0
0.0
0.8
0.3
0.0
2.5
0.0
0.0
6.1
0.0
3.6
1.0
0.8
0.0
19.0
6.1
0.0
10.9
0.0
0.0
0.0
0.0
0.0
0.0
0.0
18.5
1.0
0.0
0.0
8.6
0.0
0.0
52.1
0.0
0.0
0.0
0.0
0.0
0.0
11.9
0.8
0.0
0.0
12.2
0.0
0.0
0.0
0.0
0.0
0.0
0.0
0.0
0.8
3.0
0.5
0.0
0.0
0.0
0.0
10.2
10.7
0.0
3.9
9.1
1.0
0.0
2.0
0.0
0.0
0.0
8.7
8.9
5.1
0.0
24.4
0.0
7.4
0.0
0.0
0.5
1.9
0.0
0.0
0.0
0.0
0.0
0.0
0.0
0.4
3.3
0.0
0.0
0.0
0.0
38.9
8.5
0.0
5.8
0.0
0.0
0.0
0.0
0.0
0.0
0.0
0.0
0.0
1.7
0.6
0.0
0.0
0.0
0.0
0.0
0.9
0.1
6.8
0.0
0.0
0.0
1.3
0.0
0.0
0.0
0.0
0.0
15.7
5.1
0.0
15.0
3.3
6.1
0.0
0.0
0.0
0.0
0.8
29.0
0.0
0.0
0.0
9.9
39.4
7.1
2.8
23.6
1.8
0.0
70.5
0.0
0.0
0.0
3.8
0.0
0.0
0.0
0.0
2.8
0.0
5.8
0.0
0.0
0.0
0.0
0.0
0.0
0.0
107.9
0.0
17.0
23.4
0.0
0.0
0.0
8.1
7.7
0.0
0.0
0.0
8.1
4.3
0.5
57.9
0.5
0.0
14.0
0.0
0.0
0.0
0.0
0.0
0.0
0.0
0.8
14.5
7.6
0.2
0.0
0.0
0.0
0.0
0.0
8.9
0.0
0.0
0.0
0.0
0.0
0.0
0.0
0.0
3.2
0.0
0.0
0.3
6.3
7.1
0.5
0.0
0.0
0.0
24.4
0.0
0.0
0.0
0.0
0.0
0.7
1.5
0.0
0.0
15.6
0.0
0.0
0.0
8.4
0.7
0.0
0.0
0.0
0.0
0.0
5.6
0.0
0.0
0.0
0.0
0.0
0.0
14.2
0.8
0.0
0.0
0.0
0.0
4.6
0.0
0.0
0.0
0.0
0.0
0.0
0.0
0.0
0.0
0.0
0.0
0.0
0.0
17.8
4.8
0.0
0.0
0.0
9.4
13.0
0.0
0.0
0.0
0.0
0.0
7.1
0.0
0.0
0.0
0.0
0.0
0.0
2.2
0.0
0.0
0.0
0.0
1.5
0.6
0.0
0.0
0.0
0.0
0.0
3.6
0.0
7.4
0.0
0.0
0.0
0.0
0.0
0.0
0.0
8.7
3.5
1.3
0.0
0.0
0.0
0.0
0.0
0.5
2.3
1.5
2.8
0.9
0.8
4.8
0.0
0.0
6.2
0.0
0.0
0.0
0.0
0.0
0.0
0.0
0.0
0.0
0.0
0.0
0.0
0.0
0.0
0.0
0.0
0.0
0.3
0.0
5.0
0.0
0.0
0.0
0.0
0.0
0.0
0.0
0.0
0.0
0.0
0.0
3.3
12.7
0.0
0.4
0.3
0.0
0.0
0.0
8.9
0.0
0.0
0.0
0.0
0.0
12.7
0.0
0.0
1.3
0.0
0.0
8.6
2.0
0.0
0.0
3.2
0.0
0.0
0.0
0.0
0.0
0.0
1.8
8.1
5.8
0.0
5.1
0.0
18.0
41.1
0.9
0.0
0.0
15.7
23.6
11.4
0.0
0.0
0.0
0.8
0.8
0.0
0.0
0.0
5.1
16.3
2.0
0.0
0.0
0.0
3.3
0.0
0.0
0.0
0.0
0.0
22.9
0.4
10.9
68.6
8.1
0.0
0.0
23.6
4.3
0.0
0.0
0.0
0.0
0.0
13.5
0.0
0.0
0.0
0.0
0.0
0.0
0.0
27.9
19.8
7.1
0.0
2.2
1.7
2.3
0.0
0.5
0.0
0.0
0.0
0.0
0.0
0.0
0.0
0.0
0.0
0.0
0.0
0.0
0.0
0.0
0.0
0.0
0.0
0.0
7.1
0.0
0.5
7.8
0.0
0.0
0.0
0.0
12.4
0.0
0.0
0.0
1.1
0.0
0.0
0.8
20.5
0.0
0.0
0.0
0.0
4.3
4.3
0.0
0.0
0.0
36.1
0.8
2.0
0.0
0.0
0.0
0.0
0.0
1.9
0.0
0.0
0.8
22.4
0.0
0.0
0.0
40.0
9.0
0.0
0.0
0.0
0.0
0.5
0.0
5.1
0.0
0.0
0.0
0.0
0.0
0.0
21.8
0.0
0.0
0.0
0.0
0.0
0.8
0.0
0.0
0.0
0.0
13.6
0.0
0.0
0.0
0.0
0.0
0.8
2.0
0.0
0.0
0.0
0.0
0.0
0.0
0.3
0.0
0.0
0.0
0.0
0.0
0.0
0.0
0.0
0.0
0.0
0.0
0.0
0.0
0.5
0.0
0.0
0.0
0.0
0.0
0.0
0.0
0.0
0.0
0.0
0.0
0.0
0.0
0.0
1.3
59.4
9.1
10.9
6.1
0.0
31.7
35.7
0.8
0.0
0.0
8.3
0.0
0.0
0.0
0.0
0.0
0.0
0.0
6.6
1.8
0.8
0.0
0.0
0.0
0.0
0.0
0.4
0.0
0.8
0.0
0.0
0.0
2.5
0.0
0.0
0.0
0.0
0.0
1.3
0.0
0.0
7.6
3.0
0.0
0.8
5.1
0.0
0.0
0.0
0.0
0.0
0.0
0.0
0.0
0.0
0.0
3.8
0.0
0.0
0.0
0.0
1.5
0.0
0.0
0.0
0.0
0.0
0.0
0.0
0.0
0.0
0.0
0.0
0.0
2.3
0.0
0.0
0.0
0.0
0.3
1.6
2.5
0.0
0.0
0.0
0.0
0.0
0.6
0.0
0.0
0.0
0.0
0.0
0.0
0.0
2.5
0.0
0.0
0.0
1.4
0.0
0.0
2.5
0.0
0.0
0.0
0.0
0.0
0.0
7.4
1.3
0.0
0.0
0.0
0.0
0.0
0.0
0.0
0.0
0.0
0.0
0.0
0.0
0.3
0.8
0.0
0.4
0.0
0.0
4.9
0.0
0.0
0.0
0.0
0.0
0.0
1.6
9.9
26.9
45.7
0.8
2.3
7.6
11.4
0.0
0.0
1.3
10.2
0.0
0.0
0.0
18.8
9.9
0.5
0.0
0.0
0.0
0.4
0.0
0.0
0.0
0.0
0.0
7.7
0.0
0.0
0.0
0.0
0.0
0.0
34.0
20.8
0.0
24.9
0.8
2.0
0.0
0.0
0.0
4.3
4.4
1.8
0.0
0.0
0.0
0.0
0.0
0.0
0.0
0.0
0.0
26.9
0.0
0.0
0.0
0.0
0.0
0.0
0.0
0.0
0.0
3.6
0.0
0.0
0.0
0.0
0.0
0.0
0.0
0.0
15.2
7.5
0.0
0.0
1.6
0.0
0.5
2.7
0.0
0.0
0.0
0.0
0.0
7.1
0.0
0.0
0.0
0.0
3.0
0.0
0.0
0.0
0.0
5.8
0.0
2.5
0.0
38.1
1.5
0.0
0.0
0.0
0.0
0.0
0.0
0.0
0.0
0.0
7.4
27.8
20.3
0.0
0.0
1.5
0.0
0.0
0.0
0.0
9.9
4.3
76.7
0.9
0.0
0.0
11.7
0.0
0.0
4.1
0.0
0.0
0.0
0.0
0.4
0.0
8.1
0.0
0.0
0.0
0.0
0.0
0.0
0.0
0.0
18.5
0.0
0.0
0.0
0.0
0.5
0.0
0.0
0.0
0.8
0.0
0.0
0.0
0.0
3.8
108.7
1.8
0.5
0.0
0.3
0.0
0.0
0.0
0.8
2.7
0.0
1.3
0.0
0.0
0.0
0.0
0.0
4.3
40.1
0.8
0.0
8.1
0.0
0.0
0.0
7.4
19.0
0.0
0.0
0.0
57.1
0.0
0.0
0.0
0.0
0.0
0.0
0.0
1.8
24.6
104.4
3.8
0.0
0.0
0.0
0.0
0.0
0.0
0.0
0.0
0.0
0.0
0.0
0.0
0.0
0.0
0.0
2.8
0.8
0.0
0.0
0.0
0.0
0.0
0.0
0.0
0.0
7.6
1.3
2.7
38.0
0.0
0.5
3.8
0.0
4.3
0.0
4.6
0.0
0.0
0.0
0.0
0.0
0.0
0.0
0.0
0.0
0.0
14.7
4.2
0.0
0.0
0.0
8.6
5.8
7.1
0.0
0.4
7.1
6.6
0.0
0.0
5.2
1.2
0.0
0.0
1.8
0.0
9.1
2.9
0.0
0.0
0.0
0.0
0.0
0.0
0.0
11.9
0.0
12.0
0.0
0.0
0.0
0.0
23.9
17.8
1.3
0.0
0.0
0.0
2.6
0.0
0.0
0.0
0.0
0.0
0.0
15.2
0.0
0.0
0.0
0.0
0.0
0.0
3.0
0.0
0.0
0.0
0.0
0.0
16.5
7.1
0.0
0.0
29.0
