20000101
0.0
0.0
1.5
9.2
0.0
0.0
0.0
0.3
1.2
0.0
0.0
0.0
0.0
0.0
0.0
0.0
0.0
0.0
1.4
7.0
0.0
0.3
2.4
0.0
0.0
0.0
0.0
0.0
0.5
4.8
0.0
0.0
0.0
0.2
0.0
0.0
0.0
0.0
0.0
0.0
2.5
0.5
0.0
0.0
0.8
0.0
0.0
0.0
28.6
1.1
0.0
0.0
0.2
0.4
1.8
0.0
2.1
6.5
0.0
0.0
2.2
0.0
0.0
0.0
0.0
0.0
0.0
0.0
0.0
0.0
1.6
4.5
0.0
0.1
0.9
1.2
0.0
1.0
7.5
11.8
5.8
0.0
0.0
0.0
0.0
0.4
3.2
0.0
0.0
0.0
0.0
0.0
0.0
0.0
0.0
0.0
0.0
0.0
3.1
0.0
0.9
7.8
0.0
0.0
0.0
0.0
0.0
15.6
0.2
2.7
3.0
8.1
0.0
1.3
12.6
0.0
0.3
0.0
0.0
0.2
0.0
0.0
6.1
0.0
2.0
0.0
0.0
0.4
0.7
6.6
9.1
0.0
0.0
13.3
0.0
0.0
0.0
0.0
2.2
9.4
0.0
0.0
3.2
2.6
0.0
0.0
6.1
29.2
11.8
0.0
0.0
0.0
0.1
0.0
0.0
1.2
17.5
0.0
0.0
0.0
0.0
0.2
0.9
12.7
13.4
2.0
7.7
0.0
0.1
0.8
0.0
9.8
34.3
0.5
4.8
16.5
5.5
4.4
1.4
0.0
0.6
0.0
0.0
0.0
2.8
1.8
26.2
0.0
0.0
0.0
0.0
1.3
18.9
0.0
0.0
0.0
0.0
0.0
0.0
0.6
1.6
0.5
0.0
0.0
0.0
0.0
0.0
0.0
0.0
0.0
0.0
1.3
1.9
0.1
0.0
3.9
0.0
0.0
12.0
0.9
0.4
1.2
0.0
0.0
0.0
0.0
0.0
0.0
0.0
7.0
6.2
0.0
0.0
0.0
10.5
26.0
3.8
0.0
0.0
14.8
2.3
1.4
0.0
0.0
0.0
0.0
0.0
0.0
0.0
0.0
0.0
0.0
0.0
6.1
23.6
12.3
0.0
0.0
2.1
0.0
0.0
0.0
0.0
0.0
5.7
1.7
4.1
10.5
13.0
8.9
0.0
0.0
0.0
0.0
0.0
0.0
0.0
12.1
22.6
5.6
0.0
0.0
0.0
0.0
0.0
0.0
0.0
3.8
11.3
0.6
1.5
0.0
0.0
0.0
0.0
0.0
0.6
0.0
0.0
0.0
0.0
0.0
0.0
0.0
0.0
1.3
1.0
0.8
0.0
0.0
6.1
18.6
0.0
11.0
20.4
0.0
1.5
8.3
0.0
0.0
0.0
0.0
0.0
0.0
0.0
0.0
0.0
0.0
0.0
4.3
9.5
0.0
0.4
0.8
0.4
0.2
0.8
0.0
0.0
0.0
0.0
0.0
0.0
0.0
0.0
9.2
12.6
7.9
4.6
0.0
0.7
0.9
0.0
1.6
0.0
1.0
0.0
0.0
0.0
0.0
0.0
0.5
0.0
1.8
1.4
0.0
0.3
0.0
0.0
0.0
0.0
0.0
0.0
0.0
0.0
0.0
0.2
1.3
1.4
0.6
0.0
0.0
0.0
0.0
0.0
0.0
0.0
0.0
0.0
0.0
0.0
1.2
4.1
2.4
13.8
7.3
0.8
0.0
0.0
0.0
0.0
0.0
0.0
0.0
1.0
5.0
10.7
0.0
0.0
2.0
10.2
1.8
0.0
0.0
0.0
0.0
0.0
0.1
2.3
0.0
15.5
38.1
0.0
0.0
0.0
0.0
0.0
0.0
0.0
0.0
0.0
0.0
0.0
0.0
0.0
0.1
0.4
1.3
0.4
7.2
6.3
3.1
0.0
0.0
0.0
0.0
0.0
0.0
0.0
0.0
0.0
0.0
0.0
0.0
0.0
0.0
1.9
0.0
0.0
0.0
3.8
4.4
0.0
0.0
2.3
9.4
16.4
0.3
0.0
2.6
3.2
0.4
0.3
0.9
0.0
2.9
1.7
0.3
0.8
1.7
6.7
0.8
0.0
0.0
0.0
0.0
1.7
0.0
0.0
0.3
3.0
0.0
0.8
2.8
0.0
1.0
6.9
0.0
0.0
0.8
0.0
0.8
8.7
7.5
0.9
0.6
1.8
2.8
1.5
2.7
4.1
6.6
6.5
0.0
0.0
0.0
5.5
6.9
3.0
1.5
7.6
10.6
22.7
0.0
0.0
0.0
0.0
0.0
0.0
0.0
0.0
2.1
0.0
0.0
0.0
0.0
0.1
13.8
5.1
0.0
0.0
0.0
0.0
0.0
0.0
0.0
0.0
0.0
0.4
7.8
13.2
15.6
0.0
0.0
0.0
10.4
0.0
0.0
0.0
0.0
0.0
0.0
0.0
0.6
9.4
5.3
0.0
0.8
0.0
2.2
8.4
0.0
1.5
0.0
1.5
9.0
2.7
0.0
0.0
0.3
14.3
0.0
0.0
0.0
0.0
0.0
0.0
0.0
0.0
0.0
0.0
0.0
1.1
4.3
0.0
1.5
13.8
0.0
0.0
4.9
25.1
1.4
5.2
1.8
0.0
0.0
0.6
0.0
14.4
0.0
0.0
0.0
0.0
0.0
1.2
5.4
4.9
11.9
3.6
0.0
0.0
0.0
0.0
0.0
0.0
0.0
5.4
10.2
1.6
3.0
0.0
0.0
0.0
0.0
0.0
0.0
0.0
0.0
0.0
0.0
0.0
0.0
3.1
16.9
8.3
0.0
0.0
0.7
6.7
11.0
19.7
11.0
24.2
5.8
11.8
0.0
0.0
0.0
0.0
1.4
2.6
7.0
3.3
18.3
0.0
0.0
0.0
0.0
0.0
0.0
1.7
4.3
0.0
0.0
0.0
0.0
0.0
0.0
0.7
0.0
0.0
0.0
0.0
0.0
0.0
0.0
0.0
0.4
0.6
0.0
0.0
0.0
0.7
5.4
2.6
0.0
1.3
6.2
8.3
15.6
0.0
0.0
0.0
0.0
0.8
1.4
0.0
0.0
0.0
0.0
0.0
3.4
7.3
5.3
2.8
5.4
13.9
2.0
0.0
0.0
0.0
1.5
3.6
0.0
0.0
0.0
0.0
0.0
0.0
0.0
0.0
0.0
0.0
0.0
0.0
0.0
0.6
0.0
0.0
0.0
0.0
0.0
0.0
0.0
0.0
0.0
0.0
0.0
0.0
0.0
0.0
0.0
0.0
0.0
0.6
0.4
0.0
0.0
0.0
0.0
17.0
36.9
13.7
0.0
0.0
0.0
0.0
0.0
0.0
0.0
0.0
0.0
4.7
0.0
0.0
0.0
0.0
0.0
0.0
0.0
6.9
26.7
8.1
0.3
0.0
0.0
0.0
8.9
0.6
0.0
0.0
5.7
10.5
0.0
0.0
0.0
0.0
0.0
14.9
3.9
0.0
0.5
0.0
0.0
1.0
5.1
2.0
0.0
0.2
2.9
0.0
0.0
0.0
0.0
26.7
14.1
0.4
0.0
0.4
1.4
0.0
0.0
0.9
1.1
0.0
0.0
0.0
0.0
2.4
11.3
0.0
0.0
0.0
1.5
0.0
0.0
0.0
0.0
0.0
0.0
8.0
24.9
4.7
0.0
0.0
17.3
0.0
0.0
42.0
0.0
0.0
0.0
4.7
0.0
0.0
0.0
12.8
20.9
1.2
15.6
0.0
3.7
35.0
15.6
5.9
0.0
0.4
23.3
6.9
0.0
0.0
0.0
0.0
0.0
2.3
1.9
0.0
0.0
1.3
7.1
0.0
0.0
0.0
0.0
0.0
0.0
16.9
4.4
0.0
0.0
0.0
1.5
0.4
34.9
17.6
7.1
8.3
2.0
0.0
0.0
0.0
0.0
0.0
0.0
0.0
0.0
5.1
0.7
0.0
0.0
0.0
0.0
0.0
0.0
0.0
0.0
0.0
0.0
0.0
0.0
0.0
0.0
0.0
0.0
0.0
0.0
0.0
0.0
0.0
0.0
0.9
3.9
0.0
7.4
11.2
0.0
0.0
0.0
11.1
1.5
26.1
0.0
0.0
0.0
0.3
0.0
0.0
0.0
0.0
0.0
0.0
0.0
0.0
0.0
0.0
0.0
3.5
13.4
20.9
5.9
0.0
28.2
10.7
0.0
0.0
56.5
27.0
7.1
0.0
0.0
0.0
0.0
0.0
0.0
0.0
0.0
0.0
0.0
0.0
0.0
0.0
0.0
0.0
0.0
0.0
0.0
0.0
0.0
0.9
2.2
0.0
11.2
1.1
12.1
6.6
0.0
0.0
0.0
0.0
0.0
0.0
0.0
0.0
0.0
0.0
0.0
0.2
0.0
12.4
0.0
0.0
0.0
0.0
0.0
0.0
1.0
2.1
0.0
0.0
0.0
0.0
0.0
20.2
0.0
0.0
0.0
0.0
0.0
4.9
4.9
0.0
0.0
7.4
6.2
0.9
0.0
0.0
0.0
2.6
1.0
9.8
0.0
0.0
0.0
1.7
0.0
0.0
0.0
0.0
3.2
0.0
0.0
0.0
0.4
0.0
0.0
2.6
0.0
0.0
1.5
0.0
0.0
0.0
0.0
0.0
0.0
0.0
0.0
0.0
0.0
0.0
0.0
0.0
0.0
0.0
0.0
0.0
0.0
0.0
0.0
0.0
0.0
9.5
19.3
2.1
0.0
0.6
0.0
0.0
12.6
0.0
0.0
0.0
0.0
0.0
0.6
0.0
1.1
4.0
0.0
3.4
0.7
0.0
0.0
0.0
0.0
0.0
0.0
0.0
0.0
0.0
1.4
2.3
0.0
0.0
0.0
0.0
0.0
0.0
0.0
0.0
1.4
0.0
0.0
3.5
0.0
0.0
4.4
0.0
0.0
1.0
0.0
0.0
0.0
0.0
0.0
1.5
2.5
0.0
0.0
0.0
19.5
7.0
0.0
0.0
0.0
0.0
0.0
0.0
3.2
2.6
0.0
0.0
0.0
0.0
0.0
0.8
0.0
0.0
5.2
0.6
0.0
0.0
0.0
0.0
0.0
0.0
10.8
0.0
0.0
0.0
0.0
0.0
1.0
8.8
3.8
0.0
0.0
0.0
2.4
0.0
0.0
0.0
9.0
0.0
0.0
0.0
0.0
0.0
0.0
9.1
0.0
13.9
0.0
0.0
0.0
0.0
0.0
0.0
0.0
0.0
0.0
6.2
0.6
0.0
13.0
0.0
0.0
0.0
0.0
9.8
3.4
0.0
0.0
0.0
0.0
6.0
0.0
0.0
0.0
37.7
0.0
2.2
0.0
16.4
17.2
20.8
0.0
0.0
0.0
16.2
0.7
0.0
5.6
0.3
3.6
0.0
0.0
0.0
0.0
0.0
0.0
0.0
0.0
2.7
0.0
9.3
0.0
0.0
8.4
0.6
0.0
0.0
7.5
0.0
0.0
0.0
14.0
38.4
0.0
19.1
0.0
0.0
0.0
0.0
4.2
0.0
0.0
0.0
0.0
0.0
0.0
1.0
1.2
0.0
1.3
1.3
0.0
0.0
0.0
0.0
0.1
1.8
0.8
0.0
21.2
90.3
0.0
0.0
0.0
0.0
0.3
0.0
0.0
15.1
0.5
0.0
18.6
0.0
2.7
0.0
0.0
0.0
0.0
0.3
6.6
0.0
0.0
0.0
1.5
18.0
2.5
0.0
0.0
0.0
0.0
0.0
0.0
0.0
0.0
0.0
0.7
0.0
0.0
0.0
0.0
0.0
0.0
0.0
0.0
0.0
0.0
0.0
0.0
0.0
0.0
6.7
18.3
0.0
95.7
12.6
0.0
0.0
0.0
0.0
0.0
0.0
0.0
0.0
0.0
0.0
2.1
1.7
0.0
0.0
0.0
0.0
0.0
0.0
0.0
6.2
1.1
3.0
0.0
0.0
33.9
0.0
0.8
0.0
0.0
0.0
0.0
6.7
0.0
0.0
0.0
0.0
0.0
0.0
0.0
0.0
0.0
12.8
1.0
0.0
0.0
0.0
0.0
0.0
0.0
0.0
0.0
0.0
9.3
5.0
0.0
1.5
0.0
0.0
0.0
0.0
2.3
0.0
0.0
11.1
0.3
0.0
0.0
0.0
0.0
1.7
1.9
0.0
0.0
1.3
1.0
0.0
43.5
21.2
0.0
0.0
0.0
0.0
22.0
0.0
0.0
0.8
0.0
0.0
0.0
0.0
0.0
0.0
0.9
8.7
1.0
0.0
0.0
0.0
4.6
0.0
0.0
0.0
1.8
0.0
0.0
0.0
3.5
1.4
0.3
0.0
0.0
25.0
0.9
0.0
0.0
0.0
0.0
20.0
0.0
0.0
0.0
0.0
0.0
22.1
8.4
0.0
0.0
0.0
0.0
0.0
0.0
0.0
0.0
0.0
0.0
0.0
4.0
7.0
0.0
0.0
0.0
0.0
0.0
0.0
0.0
3.5
2.6
0.6
0.0
1.6
0.0
0.0
0.0
5.5
0.0
0.0
3.6
1.4
0.0
0.0
0.0
0.0
0.0
0.0
0.0
0.0
0.0
0.0
0.0
0.0
0.8
0.0
0.0
0.0
0.8
0.0
0.0
0.0
0.0
0.0
2.3
0.0
0.0
2.0
31.3
0.0
0.0
0.0
0.6
0.0
0.0
0.0
0.0
3.0
0.0
4.2
1.4
0.0
1.4
1.3
0.0
0.0
0.0
0.0
1.3
36.8
43.8
0.0
13.0
16.0
21.6
0.7
0.0
0.0
0.0
0.0
0.0
0.0
0.0
0.0
0.0
0.0
0.0
0.0
0.0
0.0
0.0
0.0
0.0
0.0
0.0
22.0
0.0
11.4
0.0
11.6
0.0
0.0
0.0
1.5
0.0
4.3
7.9
5.9
0.0
0.7
0.0
0.0
0.0
0.0
0.0
8.3
0.0
9.4
27.1
9.4
0.0
0.3
0.0
16.4
0.0
0.0
0.0
0.0
1.0
33.8
0.0
0.2
0.3
0.0
0.6
11.1
1.8
0.5
2.7
0.0
0.0
0.0
0.0
0.0
0.0
10.4
56.6
0.5
0.4
0.0
1.7
25.8
10.9
0.0
0.0
0.0
0.0
6.0
0.0
0.0
14.5
0.0
0.0
0.0
0.0
0.0
0.0
0.0
4.5
5.6
0.0
0.9
5.1
0.0
0.0
24.6
0.8
1.5
0.0
20.4
0.0
0.0
0.7
0.0
0.0
0.0
0.0
0.0
0.5
0.0
0.0
0.0
0.0
0.0
0.0
7.8
7.9
0.0
0.0
0.0
10.5
0.0
0.0
0.0
0.0
0.0
13.9
0.0
0.0
0.0
0.0
0.0
0.0
0.0
0.4
0.3
4.4
15.5
0.0
0.0
0.4
6.6
47.1
3.3
5.1
15.7
0.0
0.0
0.0
0.0
0.0
0.0
0.0
0.0
0.0
0.0
0.0
0.0
0.0
0.0
0.0
0.0
2.7
1.7
0.0
0.0
0.0
0.0
0.0
0.0
0.0
0.0
0.0
0.0
0.0
0.0
0.0
0.0
0.0
2.3
0.0
0.0
0.0
0.0
0.0
0.0
6.1
0.0
0.0
0.0
14.1
0.9
5.9
0.0
0.0
22.2
11.6
0.4
0.0
0.0
6.9
3.1
0.0
0.0
18.7
0.0
8.9
8.0
0.0
7.0
20.5
0.0
4.4
0.0
0.0
0.0
0.0
0.0
0.0
2.8
4.8
0.0
0.0
0.0
0.0
0.0
0.0
11.7
0.9
0.0
0.9
0.0
6.9
25.8
0.0
8.4
9.5
1.1
8.9
15.9
0.0
0.0
0.0
0.0
9.3
20.6
1.6
0.0
0.1
1.3
0.0
0.0
0.0
0.0
0.0
0.0
0.0
0.0
0.0
0.0
0.0
0.0
0.0
0.0
1.3
0.0
0.0
0.0
0.0
0.0
1.5
0.6
11.9
18.4
15.5
24.8
0.0
4.2
0.0
0.0
4.0
19.4
37.3
7.3
0.0
0.5
0.0
0.0
0.0
0.0
0.4
0.6
0.9
0.0
0.0
0.0
0.0
0.0
0.7
7.2
0.0
0.0
0.0
0.0
0.0
0.0
0.0
4.8
8.5
1.7
0.4
0.0
0.0
2.5
21.5
0.0
2.7
0.0
0.0
0.0
2.6
2.0
0.0
0.0
0.0
0.0
0.0
0.0
1.3
0.6
0.0
0.0
0.0
0.0
0.0
0.7
0.0
0.0
0.0
0.7
0.0
0.0
0.0
0.0
0.0
0.0
0.0
0.0
0.0
0.0
0.0
32.0
4.5
10.0
4.5
0.1
0.0
0.0
0.0
4.2
0.0
7.3
0.0
0.0
0.0
0.0
0.4
0.0
0.0
0.0
0.0
13.7
7.9
0.0
0.0
0.0
0.0
0.0
0.0
0.0
23.3
6.1
4.2
0.0
0.0
4.5
0.4
0.0
0.0
2.7
0.0
0.0
0.0
0.0
0.0
0.0
0.0
0.0
0.4
3.6
0.0
2.7
0.0
1.0
1.2
0.0
0.0
0.0
10.6
6.7
0.0
0.0
0.0
0.0
0.0
0.0
0.0
0.0
0.0
0.6
0.0
0.0
0.0
1.0
0.0
0.0
0.1
0.0
0.0
3.1
0.0
14.4
0.1
0.1
30.1
0.0
0.0
0.0
0.0
0.0
0.0
0.0
0.0
0.0
0.0
0.0
1.2
0.0
0.0
6.1
0.0
0.0
0.0
0.0
0.0
9.6
0.0
0.0
5.0
0.0
0.0
0.0
16.5
5.6
3.8
2.7
7.8
0.0
2.9
17.4
0.0
0.4
4.0
0.0
0.0
0.0
0.0
14.4
0.0
0.0
0.0
0.0
0.0
0.0
0.0
9.9
1.4
1.2
0.0
0.0
0.0
0.0
0.0
0.0
9.4
6.2
6.4
1.9
0.0
0.0
20.8
9.3
0.0
0.7
0.0
0.0
0.0
2.0
0.0
0.0
0.0
0.0
0.0
0.0
0.0
0.0
0.0
0.0
0.0
0.0
0.0
0.0
0.0
0.0
0.0
0.0
5.3
0.0
21.2
0.0
0.0
6.3
13.9
0.0
0.0
0.0
5.1
0.5
25.8
0.0
0.0
11.6
0.0
0.0
0.0
0.0
0.0
0.0
0.0
0.0
0.0
0.0
0.0
0.0
0.0
0.0
0.0
0.0
0.0
0.0
0.0
0.6
11.4
17.7
0.0
0.0
0.3
0.4
0.0
0.0
0.0
0.0
0.0
4.9
32.2
0.0
0.0
0.0
0.0
13.4
0.0
0.0
0.0
0.0
0.0
0.0
0.6
0.0
9.3
14.1
0.0
0.0
0.0
0.0
0.0
0.0
0.0
0.0
0.0
0.0
6.8
23.0
3.3
0.0
1.9
1.2
0.0
2.1
0.0
0.0
0.0
0.0
9.4
0.0
0.0
0.1
0.0
2.0
2.2
0.0
0.0
0.0
0.3
0.0
0.0
0.0
0.0
0.0
3.0
0.3
0.0
0.6
10.7
0.0
5.6
0.0
0.0
1.8
0.0
0.0
0.0
0.0
0.0
0.0
0.0
4.4
0.0
0.8
5.1
0.0
1.4
4.9
1.8
0.0
0.0
6.9
0.0
0.0
0.0
0.0
0.0
0.0
0.0
16.1
0.0
0.3
0.0
0.0
0.4
5.4
0.0
0.0
0.0
0.0
0.0
0.0
0.0
0.5
0.0
0.0
0.0
12.6
7.4
0.0
0.0
0.0
0.0
0.0
0.0
0.0
0.0
0.0
0.0
0.0
0.0
0.0
0.0
0.0
0.0
3.4
0.3
3.7
17.5
17.6
2.2
24.9
4.1
0.0
0.0
0.0
0.0
0.0
0.0
0.0
1.7
1.6
0.0
0.0
0.8
0.0
0.0
6.8
0.3
0.0
12.7
0.0
0.0
13.6
0.6
0.0
5.2
27.6
0.0
0.0
0.0
0.0
1.1
0.0
3.0
0.8
0.4
12.3
0.0
8.4
0.0
0.0
0.0
0.0
0.0
1.0
3.6
0.0
0.0
0.0
11.7
7.3
8.5
0.0
0.6
0.0
0.0
0.0
0.0
0.0
0.0
13.0
1.9
2.2
1.9
2.6
3.6
2.1
9.8
1.9
0.0
0.0
0.0
0.0
0.0
4.1
0.1
0.0
0.0
0.0
0.0
0.4
7.5
1.8
0.0
0.0
0.0
0.0
0.4
0.0
0.0
0.0
5.6
0.0
0.0
0.0
0.0
0.0
0.0
1.8
4.3
0.0
0.0
0.0
0.0
0.0
0.0
8.1
1.1
0.0
0.6
0.0
0.7
0.0
1.1
7.9
0.0
0.0
0.0
0.0
2.3
0.9
30.1
11.7
36.1
0.0
0.0
0.0
0.0
0.0
0.0
2.9
4.4
15.6
0.0
0.0
0.0
0.0
76.2
39.8
0.0
0.0
0.0
0.0
0.0
0.0
0.0
0.0
0.0
2.4
0.3
21.1
9.2
1.4
0.0
0.0
1.0
1.4
0.0
0.0
10.7
11.1
10.8
0.0
0.0
0.0
0.0
0.0
0.0
1.3
33.8
1.1
0.6
0.4
1.4
0.0
0.0
0.0
2.2
0.6
0.0
0.5
0.0
0.0
0.0
19.3
0.4
0.2
0.0
0.0
0.0
12.6
0.0
0.0
0.0
5.2
0.0
0.4
0.4
0.0
0.0
0.0
0.0
0.0
0.0
0.0
8.2
0.0
0.6
0.0
0.0
0.0
0.0
0.0
9.2
1.6
0.0
0.0
0.0
0.0
53.0
0.0
0.3
0.0
0.0
4.2
0.0
0.0
0.0
7.0
3.9
2.0
0.0
0.0
0.0
0.0
0.0
0.0
0.0
1.5
0.3
2.5
0.0
0.0
0.0
15.6
0.0
0.0
0.0
7.3
11.2
4.0
0.0
0.0
0.0
0.0
0.0
0.0
0.0
0.0
0.0
0.0
0.0
0.0
17.1
43.8
2.7
0.0
0.0
0.0
0.0
0.0
0.0
0.0
0.0
1.4
11.2
2.3
0.0
0.0
0.0
0.0
5.5
0.0
0.0
20.5
19.4
3.1
0.0
0.0
0.0
0.0
0.0
0.0
0.0
18.6
3.6
0.0
0.0
0.0
15.7
1.1
0.0
2.1
0.0
0.0
0.0
0.6
23.0
1.6
23.6
0.1
0.0
0.0
0.0
0.0
4.0
0.0
0.0
2.8
0.0
0.0
0.0
0.0
0.0
0.0
0.0
0.0
0.0
0.0
0.0
0.0
0.0
9.4
0.0
0.0
0.0
0.0
0.0
9.4
11.6
0.0
0.0
4.3
0.9
0.0
0.0
0.0
0.0
0.0
0.0
21.3
0.0
0.0
0.0
3.4
2.6
0.0
0.0
0.0
0.0
0.0
0.0
0.0
1.7
0.0
0.0
0.0
0.0
4.8
0.0
0.0
0.0
5.6
2.4
0.7
4.6
11.5
7.6
0.4
0.0
0.0
0.3
29.5
0.0
8.1
5.1
0.0
0.0
13.7
0.0
0.0
0.0
0.0
0.0
0.0
12.1
5.8
0.0
0.9
6.2
0.0
0.0
0.0
0.0
0.0
0.0
0.0
0.0
0.0
14.2
8.8
7.3
0.0
0.0
0.0
0.0
0.0
0.0
0.0
2.6
0.0
0.0
0.0
0.0
1.0
0.0
0.0
0.0
0.0
0.0
21.7
0.0
0.0
0.0
0.0
0.0
0.0
0.0
0.0
0.7
0.4
4.9
7.1
0.0
0.0
0.0
0.5
0.7
2.6
0.0
3.3
0.0
0.0
0.0
0.0
0.0
0.0
0.0
0.0
0.0
0.0
0.0
0.0
0.0
13.4
0.0
0.0
17.7
22.3
28.6
22.4
0.0
11.4
12.1
20.3
0.0
0.0
0.0
0.0
0.0
0.3
0.5
0.0
0.0
0.0
11.5
0.2
0.0
2.0
0.0
1.0
0.0
16.1
16.2
0.6
2.5
0.0
0.0
0.0
0.0
0.0
0.0
0.0
14.8
0.0
0.0
0.0
0.0
0.0
0.0
0.0
3.8
0.0
0.4
0.0
0.0
0.0
0.0
0.0
0.0
0.4
4.1
0.2
3.8
0.0
2.1
2.1
23.1
0.0
0.0
0.0
11.2
0.0
0.0
0.0
0.0
0.0
0.0
0.0
0.0
0.0
0.0
0.0
0.0
7.8
4.7
8.4
0.0
3.8
0.0
0.0
0.0
0.0
0.0
0.0
0.0
0.0
0.0
0.0
0.0
0.0
0.0
1.9
2.1
0.0
0.0
0.0
0.0
3.3
0.0
19.8
0.0
0.0
0.0
0.0
0.0
3.7
0.0
0.0
0.0
0.0
0.0
0.0
20.1
0.0
24.9
3.1
0.0
0.0
0.0
11.3
0.0
0.0
0.9
9.1
0.0
0.0
0.0
0.0
0.0
0.0
0.0
0.0
0.0
0.0
0.0
0.0
0.0
0.0
4.6
1.2
9.3
0.0
0.0
0.0
0.0
0.0
1.0
0.0
10.6
41.8
0.0
0.0
0.0
7.5
1.7
0.0
0.0
0.0
0.0
4.2
8.0
0.0
1.6
0.0
3.5
0.0
12.6
5.0
5.4
10.9
0.0
0.0
1.2
16.1
0.0
0.0
0.0
0.0
2.3
0.3
2.4
0.0
0.0
0.0
2.5
0.0
3.9
0.0
0.0
1.0
1.0
0.0
0.0
4.6
0.4
0.0
46.3
3.4
0.0
4.1
0.0
0.0
0.0
0.0
0.0
0.0
0.5
0.0
0.0
0.0
0.7
0.0
0.0
0.0
0.0
0.0
0.0
0.0
9.9
0.0
17.8
0.3
0.0
11.3
26.5
55.6
2.6
0.3
1.1
0.0
0.2
0.0
0.0
0.0
0.0
0.0
23.3
1.4
0.0
0.5
0.0
3.2
4.9
0.0
0.0
6.2
0.0
0.0
2.2
0.0
0.0
4.2
5.2
9.1
0.0
0.0
0.0
0.0
0.0
0.0
0.0
0.0
1.7
0.0
1.3
0.0
19.9
15.1
0.0
0.0
0.0
0.0
0.0
0.0
0.0
3.9
25.7
0.0
0.0
1.3
10.3
0.0
0.0
1.6
0.0
0.0
0.0
0.0
6.0
1.2
25.6
0.9
2.0
0.3
0.0
0.0
0.0
0.0
3.5
0.4
0.0
0.0
0.0
0.0
0.8
20.4
0.0
1.5
4.3
0.0
0.0
9.4
9.5
0.0
0.0
0.0
0.0
22.8
7.3
0.0
25.8
3.3
0.0
5.8
0.0
18.1
0.0
0.0
0.0
10.0
0.0
0.0
0.0
13.1
0.0
0.6
0.2
1.5
0.0
0.0
27.6
0.0
0.0
52.3
109.7
3.5
0.0
10.4
17.1
1.1
3.0
0.0
0.0
0.0
0.0
0.0
1.2
0.0
0.0
0.0
0.0
0.0
1.0
0.3
0.0
2.6
0.0
0.0
8.4
0.0
0.0
0.0
0.0
1.4
12.9
1.1
0.0
30.0
4.5
43.2
0.0
0.0
28.7
18.4
0.0
0.0
0.0
0.0
0.0
2.0
1.7
1.5
26.2
0.0
0.0
0.0
0.0
0.0
1.0
0.0
15.5
0.6
0.0
0.0
0.0
0.9
0.0
3.5
0.0
0.0
0.0
0.0
0.0
0.0
0.0
0.0
0.0
0.0
0.0
0.0
0.0
0.0
0.0
0.6
3.8
0.0
0.0
0.0
0.0
0.0
4.2
0.0
0.0
0.0
0.0
0.0
20.0
71.6
0.0
2.9
0.1
4.8
0.0
0.0
13.8
7.8
18.2
93.2
0.4
0.0
0.0
0.0
0.0
0.3
0.0
0.0
0.0
0.0
0.0
0.0
0.0
0.5
3.1
0.0
0.0
0.0
0.0
0.0
0.0
0.0
29.9
0.0
0.0
0.0
0.0
0.0
0.0
0.2
3.4
0.0
3.7
0.0
0.0
0.0
0.0
0.0
31.1
2.4
0.0
0.0
0.0
0.0
0.0
0.0
0.0
0.0
0.0
0.0
0.0
0.0
2.7
0.0
0.0
0.0
0.0
3.3
1.2
1.8
6.1
0.2
0.0
0.0
0.0
0.0
0.0
0.0
0.0
1.8
0.0
0.0
0.0
0.0
0.0
6.6
3.5
1.1
0.0
0.5
0.0
0.5
0.0
0.9
12.5
3.5
0.0
0.0
0.0
0.0
5.1
0.0
4.3
0.0
32.7
0.0
0.0
0.3
0.0
29.5
3.0
0.0
0.5
35.9
0.0
0.0
0.0
0.0
0.0
0.0
0.0
0.0
0.0
0.4
0.0
0.0
1.2
0.0
0.0
0.0
4.5
0.0
0.0
0.0
0.0
0.5
0.5
0.0
0.0
0.0
0.0
0.0
1.4
0.0
6.3
0.0
0.0
0.0
0.0
0.0
0.0
0.0
0.0
0.0
0.0
0.0
0.0
3.3
12.2
14.7
0.0
1.0
0.0
0.0
0.0
1.5
2.0
0.0
0.0
0.0
0.0
0.0
0.0
0.0
6.3
0.0
0.0
0.0
0.0
0.0
0.0
0.0
0.0
8.6
0.3
14.2
20.1
0.0
0.0
0.0
0.0
0.0
0.0
0.0
0.0
0.0
0.0
0.0
0.0
0.0
4.3
0.0
0.0
0.0
19.3
0.0
1.8
8.1
0.0
18.3
0.0
4.3
14.7
0.0
0.0
0.0
11.2
0.0
0.0
15.7
5.6
0.0
0.0
0.0
0.0
5.3
19.3
2.0
1.3
0.0
0.0
0.0
0.0
0.1
39.1
2.0
15.5
5.3
3.3
0.0
0.0
0.0
0.0
0.0
9.4
3.0
0.0
0.0
0.0
24.9
45.2
0.0
45.2
0.3
0.0
0.0
0.0
0.0
0.0
0.0
2.0
0.0
13.2
0.8
1.0
1.5
0.0
1.5
0.0
1.3
7.1
3.3
0.0
0.0
0.0
1.5
2.8
0.8
9.7
4.3
0.0
0.0
0.0
4.8
2.0
26.9
0.8
21.8
0.0
0.3
0.0
0.0
0.0
12.5
0.0
3.3
0.0
0.0
0.0
0.0
0.0
2.0
35.8
0.0
0.0
22.9
16.3
0.0
0.0
2.3
0.0
0.0
29.2
0.0
0.0
0.0
0.0
0.0
0.0
0.0
0.0
0.0
27.9
0.3
0.8
0.0
8.1
0.0
0.0
0.0
0.8
0.0
0.0
24.9
0.0
0.0
4.3
0.0
0.0
0.0
0.0
0.0
0.0
0.0
0.0
2.8
3.8
0.0
22.0
0.0
2.0
0.3
0.0
0.0
0.0
0.0
66.0
0.8
0.0
0.0
0.0
0.0
0.0
0.0
0.0
11.6
0.0
0.0
0.0
0.0
0.0
0.0
0.0
0.0
0.0
0.0
0.0
0.0
0.0
0.0
3.6
0.0
12.2
0.8
1.0
7.4
0.5
0.0
0.0
0.0
0.0
23.6
0.8
0.5
0.0
7.1
1.5
6.6
46.5
9.4
0.5
2.3
0.3
14.0
8.4
1.3
0.5
0.0
0.0
0.0
0.0
0.0
54.9
1.3
0.3
1.5
3.3
7.1
0.3
25.7
26.7
0.0
0.0
0.0
0.8
0.0
0.0
0.0
0.0
0.0
0.0
0.0
0.0
0.0
0.0
0.0
36.3
26.9
6.9
5.3
2.8
0.0
0.0
0.0
0.8
12.4
1.5
1.0
0.0
0.0
1.3
0.0
0.0
0.8
0.0
0.0
0.0
0.3
0.0
23.4
0.5
0.0
0.0
6.1
0.0
0.0
0.0
0.0
0.0
0.0
0.0
0.8
0.0
6.3
15.7
39.4
0.3
1.8
2.8
0.0
0.3
1.3
0.0
0.0
0.0
0.0
0.0
0.0
9.4
1.8
0.0
0.0
0.0
0.0
0.0
0.0
0.0
0.3
0.0
0.0
0.0
0.0
3.8
8.1
0.0
10.9
0.0
3.6
0.0
1.3
0.0
0.0
0.0
0.0
0.0
0.0
0.0
3.8
4.3
0.0
0.0
6.9
2.5
0.0
0.0
0.0
0.0
2.8
0.8
0.0
0.0
0.0
3.8
2.8
18.0
0.0
0.5
0.0
0.0
0.0
0.0
0.0
0.0
0.0
0.0
0.0
0.0
0.0
5.3
0.0
0.5
9.4
0.0
11.7
6.9
0.3
0.0
0.0
0.0
0.0
0.0
0.8
3.3
0.0
0.0
2.8
10.5
0.0
12.2
12.6
0.0
0.0
0.0
0.0
5.9
6.6
0.0
1.0
1.0
4.4
0.0
0.0
0.0
0.0
0.0
0.0
0.0
0.0
0.0
0.0
0.0
0.0
0.0
1.3
0.0
5.8
17.3
8.9
0.0
0.0
0.0
0.0
2.0
19.6
0.3
4.8
0.0
0.0
0.0
0.0
0.3
0.0
32.5
5.8
2.3
3.3
0.0
0.0
17.5
6.9
0.3
0.0
7.5
4.7
0.0
0.0
0.0
0.0
0.0
0.0
0.0
0.0
0.0
6.3
16.8
0.3
0.0
5.3
11.4
0.0
0.0
24.9
0.0
0.0
0.0
17.3
12.7
17.1
29.6
0.0
11.3
32.8
0.0
3.3
11.7
10.2
10.4
0.0
0.0
0.0
1.8
0.0
0.0
0.0
0.0
0.0
0.0
0.5
0.0
0.0
4.2
0.3
0.5
0.0
0.0
0.0
0.0
0.0
0.8
0.0
0.3
0.0
31.2
2.5
17.0
0.0
0.0
25.4
0.0
0.0
0.0
0.5
0.0
0.0
0.0
0.0
0.0
0.0
7.9
0.0
0.0
0.0
0.0
0.0
1.3
0.0
0.0
12.2
0.0
0.0
0.0
0.0
0.0
0.0
16.5
0.0
0.0
0.0
0.0
0.0
0.0
0.0
0.0
0.0
0.0
0.8
45.0
12.4
0.0
0.0
0.0
0.0
0.0
0.0
0.0
3.6
0.0
0.0
0.0
0.0
2.3
0.0
0.0
3.6
0.3
0.0
12.2
14.0
1.3
0.0
5.1
0.0
0.0
0.0
0.0
0.0
5.1
1.0
0.0
0.0
0.0
0.0
0.0
0.0
0.0
0.0
0.0
0.0
3.6
0.0
0.0
0.0
0.0
0.0
0.0
0.0
0.0
0.0
2.5
49.8
8.1
0.0
0.0
0.0
0.0
0.0
0.0
0.0
0.0
0.0
0.5
0.0
0.0
0.0
0.0
0.0
0.0
0.0
1.3
0.5
0.0
0.3
0.0
0.0
0.0
0.0
0.0
0.5
27.7
0.0
42.9
5.8
0.0
0.0
0.0
24.1
0.3
0.0
0.0
8.4
1.3
0.0
0.0
0.0
0.0
0.3
0.0
20.3
1.3
0.0
0.0
9.7
0.3
0.0
0.0
0.0
1.3
0.0
0.0
0.0
9.1
0.0
0.0
0.0
0.0
0.8
0.0
4.1
0.0
0.0
0.0
0.0
0.0
0.0
0.8
0.0
0.0
4.6
2.3
0.0
0.0
0.0
0.0
0.0
2.0
0.5
2.3
1.0
0.3
0.0
1.8
0.0
0.0
0.0
0.0
0.0
0.0
0.0
8.6
21.8
0.0
0.0
0.0
3.0
0.0
0.0
0.0
0.0
0.0
0.0
0.0
0.0
0.0
0.0
0.0
0.0
0.0
8.6
2.5
5.6
0.0
2.5
1.3
0.3
0.3
7.6
0.0
0.0
0.0
0.0
25.1
0.0
0.0
0.0
10.7
0.0
0.0
0.0
0.0
0.0
7.1
0.0
0.0
0.0
0.0
1.3
0.8
0.0
1.8
0.0
0.0
0.0
0.0
0.0
0.0
0.0
0.0
0.0
1.7
0.0
9.2
3.8
0.0
0.0
8.5
3.0
0.0
15.0
0.0
0.0
0.0
0.0
12.4
0.8
0.0
13.5
38.9
0.3
6.1
17.0
0.0
0.5
30.2
3.6
10.2
0.3
0.0
0.0
4.6
0.3
0.0
0.0
5.8
1.8
0.8
0.0
0.0
0.0
0.0
0.0
27.2
6.9
3.0
0.0
0.0
0.0
0.0
0.0
4.8
5.8
0.0
0.8
64.3
5.1
0.3
45.5
2.5
0.0
0.0
0.0
2.9
0.0
0.5
12.4
0.0
0.0
0.0
0.8
17.0
0.0
0.0
0.0
15.1
5.0
0.0
0.0
0.8
1.0
0.0
8.6
0.3
1.3
0.0
2.0
28.2
0.0
0.0
0.0
0.3
0.0
0.0
0.0
0.0
0.0
0.0
0.3
0.0
0.0
0.0
0.0
13.7
0.0
0.0
0.0
0.0
0.0
0.3
0.5
0.0
0.0
0.0
0.0
15.7
0.3
0.0
0.0
0.0
0.0
0.0
0.0
0.0
0.0
0.0
0.0
0.0
0.0
0.0
3.8
0.0
0.0
0.0
0.0
14.7
0.0
0.0
0.0
0.0
0.0
0.0
0.0
0.0
0.0
20.1
0.3
0.0
0.0
0.0
0.0
0.0
1.0
0.0
0.0
0.0
6.9
1.3
0.0
0.0
0.0
15.7
0.3
0.0
0.0
0.0
0.0
8.7
0.0
0.0
0.0
6.9
0.5
0.0
0.0
0.0
0.3
0.3
7.9
19.8
1.3
0.3
0.0
0.0
0.0
0.0
0.0
0.0
0.0
0.0
0.0
0.0
0.0
0.0
0.0
13.7
2.5
0.0
0.0
0.0
5.1
3.8
16.3
0.3
0.0
0.0
0.8
0.0
0.0
1.8
0.3
0.0
0.0
2.5
0.0
0.0
15.2
17.5
0.0
0.0
2.5
5.3
7.1
0.5
0.0
0.0
0.0
0.0
2.5
0.0
0.0
0.0
0.0
0.0
0.0
2.0
19.8
0.3
0.0
0.0
16.0
0.0
13.0
0.0
0.0
0.0
0.0
4.7
0.7
0.0
0.0
0.0
0.5
0.0
0.0
0.0
0.3
4.6
16.0
0.0
0.0
0.0
0.0
19.8
1.8
0.0
0.0
0.0
0.0
0.0
7.1
0.0
0.0
0.0
2.8
1.0
0.0
0.0
0.0
0.0
0.0
0.0
0.0
0.0
0.0
0.0
1.5
7.6
0.5
0.0
0.0
38.9
0.0
0.0
0.0
1.8
0.0
21.3
0.0
0.0
7.4
6.6
1.5
0.0
0.0
0.0
0.8
0.0
0.0
7.2
4.8
0.0
0.0
0.3
0.0
0.0
0.8
0.0
0.0
2.0
0.0
4.6
0.0
0.0
0.0
0.0
1.5
0.0
0.0
0.8
0.0
0.0
0.0
0.0
4.1
0.0
0.0
2.8
0.0
0.3
0.0
0.0
1.5
0.5
0.0
0.0
1.3
0.0
0.0
0.0
0.0
0.0
8.4
0.0
0.0
0.0
0.0
0.0
0.8
0.0
0.0
0.0
0.0
0.0
1.3
0.0
11.7
0.0
0.0
0.0
0.0
0.0
0.0
0.0
0.0
0.0
0.0
0.0
0.0
0.8
7.9
17.5
0.0
0.0
0.0
0.0
1.3
0.0
0.0
0.3
0.0
0.0
0.0
2.0
0.2
21.5
2.5
7.4
0.5
0.3
0.3
0.0
32.0
0.5
0.0
0.0
0.0
0.0
0.0
0.0
0.0
0.0
0.0
0.0
0.0
0.0
2.8
0.0
0.0
0.0
0.0
0.0
0.0
0.0
0.0
0.0
0.0
11.2
0.0
4.6
0.0
3.3
0.0
0.0
0.0
0.0
0.0
0.0
3.0
0.0
0.0
0.0
0.0
17.8
0.0
0.0
0.0
0.0
8.1
0.0
0.0
0.5
0.0
0.0
0.0
0.0
1.3
0.8
0.0
0.0
0.0
0.0
0.0
0.0
0.0
5.3
0.0
0.0
0.0
0.0
0.0
0.0
0.0
0.0
3.8
0.3
0.0
0.0
0.0
0.0
0.0
1.5
0.0
4.1
0.0
0.0
0.0
0.0
0.0
0.0
0.0
0.0
14.2
0.0
0.0
0.0
0.8
3.3
0.0
0.0
13.0
0.8
0.0
0.0
26.7
0.0
0.0
0.0
0.0
0.0
0.0
0.0
0.0
0.0
56.4
0.0
0.0
0.0
0.0
36.6
42.4
4.1
0.0
0.0
3.8
0.0
21.8
0.0
0.0
0.0
0.0
0.0
3.6
0.0
0.0
0.0
4.8
0.0
0.0
0.0
5.6
0.0
0.0
6.3
4.6
3.3
0.0
0.0
0.0
0.0
0.0
1.5
0.7
16.9
5.2
0.0
0.0
0.0
0.8
0.0
0.0
0.0
33.3
1.8
0.0
0.0
15.2
4.3
8.4
0.0
0.0
21.8
5.1
0.0
10.9
0.0
0.0
0.0
0.0
0.0
0.0
0.0
1.3
1.5
0.0
0.0
2.5
0.0
0.0
0.0
0.0
18.5
0.0
0.0
0.0
0.0
0.0
0.0
0.0
0.0
0.0
0.0
2.0
0.0
0.0
0.0
0.0
0.0
0.0
0.0
0.0
0.0
0.0
8.9
0.0
0.0
3.3
3.6
2.8
1.5
0.0
0.0
0.0
0.0
6.3
0.5
0.0
1.8
0.0
24.4
6.6
0.0
0.0
0.0
0.0
0.0
0.0
0.0
0.0
0.0
0.0
3.8
0.0
0.0
0.0
0.0
0.5
0.0
0.0
0.0
0.0
13.5
0.0
15.2
0.5
0.0
0.0
0.0
0.0
0.0
0.0
0.0
0.0
0.0
0.0
1.5
0.0
0.0
2.8
0.0
29.0
0.8
0.0
1.3
0.5
0.0
0.0
0.0
0.0
7.4
0.0
4.8
7.9
0.0
0.0
0.0
0.0
0.0
0.0
0.0
8.4
0.0
0.0
12.7
0.0
0.0
0.0
21.1
13.0
1.8
0.8
0.0
0.0
0.0
0.0
8.6
0.0
0.0
0.0
0.8
2.5
0.3
0.6
0.0
0.0
0.0
0.0
1.0
0.0
0.0
0.0
0.0
0.0
0.3
19.9
0.3
0.0
0.0
0.0
0.0
0.0
0.0
0.0
0.0
0.0
0.0
0.0
0.0
1.5
0.5
0.0
64.3
0.3
0.0
0.8
0.0
19.8
17.5
0.3
59.9
0.8
0.0
0.0
0.0
11.9
1.5
0.0
0.0
12.9
0.3
0.0
0.0
0.0
10.9
3.8
3.3
0.5
0.0
0.0
0.0
23.1
0.3
0.0
0.0
0.0
0.0
0.0
0.0
0.0
0.0
0.0
21.1
0.3
0.5
0.8
0.0
11.2
11.9
20.3
0.8
0.0
9.7
31.2
7.1
0.0
0.0
0.0
0.0
0.0
0.0
0.0
0.8
0.0
0.3
1.3
0.0
0.0
8.6
0.0
0.0
0.0
0.0
0.0
2.8
53.6
10.9
3.0
108.2
0.5
0.0
0.3
5.1
0.0
0.0
0.8
0.3
0.0
0.0
0.3
0.0
0.5
0.5
21.1
0.0
0.0
0.0
0.0
0.0
0.0
0.0
0.0
0.0
0.3
12.7
0.5
0.0
0.0
0.0
2.3
0.0
0.0
0.0
6.6
0.8
0.0
3.8
0.0
0.0
0.0
0.0
0.8
0.0
0.0
0.0
0.0
0.0
0.0
0.0
0.0
0.0
0.0
0.0
0.0
0.0
0.3
0.0
0.0
0.0
0.0
0.0
0.0
0.0
0.0
0.0
2.5
0.0
0.0
0.0
0.0
0.0
0.0
0.0
0.0
0.0
0.0
1.9
0.4
0.0
0.0
2.1
0.0
0.0
1.5
7.4
0.8
0.0
0.0
0.0
0.0
0.0
0.0
0.0
2.5
0.0
0.0
0.0
0.8
18.5
0.0
13.0
2.0
0.0
0.0
0.0
0.0
0.0
1.5
0.0
0.0
1.3
0.8
0.5
6.6
0.0
0.0
0.0
9.7
0.0
0.0
0.0
0.0
0.0
0.0
2.3
24.1
15.5
0.5
0.0
0.0
0.0
6.9
1.3
0.0
0.0
0.0
0.0
0.8
0.0
0.0
0.0
0.0
0.5
1.8
0.0
0.0
0.8
8.9
0.0
0.0
0.0
0.0
0.0
0.0
0.0
0.0
0.0
0.0
0.0
0.0
0.0
0.0
0.0
0.8
1.8
0.0
0.0
0.0
0.0
17.0
1.8
1.5
0.0
0.5
0.0
1.8
5.4
18.7
0.0
0.0
0.0
0.0
0.0
0.0
0.0
0.0
0.0
0.0
4.3
0.0
0.0
1.0
2.3
0.0
0.0
0.0
0.8
20.1
0.0
0.0
0.0
1.5
0.8
1.0
0.0
1.3
0.0
1.5
0.0
0.3
0.0
1.0
0.0
0.0
0.0
0.0
0.0
0.0
13.7
7.9
0.0
0.0
10.7
0.0
0.0
0.5
0.8
0.0
0.0
0.0
0.0
0.0
3.0
1.3
0.0
17.0
0.0
2.5
4.8
0.0
5.6
0.0
0.3
0.0
0.0
0.0
0.0
1.8
0.0
0.0
0.0
0.0
0.0
0.0
0.0
0.0
0.0
17.3
0.3
0.0
0.0
0.0
0.0
0.0
3.0
0.0
0.0
0.0
0.0
0.0
1.3
0.0
7.9
6.3
0.0
0.0
0.0
0.0
1.8
34.0
5.3
0.3
0.0
0.0
13.7
0.0
0.0
0.3
0.0
0.0
10.7
2.3
0.0
0.0
0.0
0.0
0.0
0.0
0.0
0.0
0.8
7.2
0.0
0.0
26.9
11.4
6.6
0.3
0.5
0.0
0.5
0.0
0.0
0.0
0.0
4.6
0.5
8.4
0.0
31.5
0.3
15.0
11.7
1.8
0.0
0.3
0.0
0.0
14.7
0.0
0.0
0.0
0.0
0.0
1.0
0.0
13.0
0.0
0.0
12.3
1.6
24.2
5.8
0.0
0.0
34.3
0.0
8.4
7.1
0.5
0.0
0.0
0.0
0.0
0.0
0.0
0.0
23.6
0.0
9.1
54.1
29.0
1.2
0.0
0.0
1.0
0.8
0.0
54.1
0.0
0.3
0.0
0.0
5.3
0.8
12.4
0.0
0.0
0.0
47.0
29.7
0.0
21.1
0.0
0.0
0.0
0.0
0.0
0.0
0.0
0.0
0.0
0.0
2.3
45.7
0.0
0.0
0.0
0.0
0.0
0.0
0.0
0.0
17.8
0.0
0.0
1.3
0.3
0.0
0.3
6.3
0.0
0.0
0.0
0.0
4.4
0.3
0.3
0.0
3.0
0.0
10.9
2.3
0.0
9.4
5.8
8.6
10.9
0.5
0.5
0.3
2.5
0.5
0.0
0.5
8.4
0.0
0.0
2.3
24.1
45.2
0.0
2.0
0.0
0.0
21.8
0.3
0.0
0.0
0.0
19.0
0.0
0.0
0.0
0.0
0.0
0.0
0.0
0.0
0.0
0.0
18.8
18.5
2.3
0.0
1.5
1.8
0.0
0.3
2.3
0.0
0.0
3.3
30.0
3.8
7.1
0.0
0.0
0.0
0.0
0.0
0.0
0.0
0.0
0.0
0.0
0.0
9.4
0.0
0.0
2.5
0.0
0.0
0.0
5.8
6.3
0.6
0.0
0.0
0.0
0.0
0.0
3.2
0.0
0.0
0.0
0.3
1.5
0.0
0.0
0.0
0.0
3.8
3.6
32.0
0.0
0.0
0.0
0.0
0.0
0.0
0.0
0.0
0.0
0.0
1.0
10.9
0.0
1.0
1.8
0.0
0.0
0.0
0.0
0.0
0.3
3.6
0.0
0.0
0.5
0.0
0.0
0.0
17.8
4.6
1.0
0.0
2.0
1.3
0.0
0.0
0.0
0.0
0.0
5.3
10.4
0.5
5.8
0.0
0.0
0.3
0.0
0.0
6.9
0.0
0.0
0.0
0.0
0.0
0.0
0.0
0.0
0.0
0.0
0.0
0.0
0.4
2.3
0.8
0.0
0.0
0.0
0.0
9.6
6.3
0.0
0.0
2.3
0.0
0.0
0.0
0.0
0.0
0.0
0.0
0.0
0.0
0.0
0.0
0.0
0.6
0.0
0.0
5.1
0.3
0.0
0.0
0.0
2.3
0.0
0.0
15.3
2.1
0.8
0.4
0.0
0.0
0.0
0.0
0.0
0.6
0.8
0.0
1.0
0.6
0.0
0.0
0.0
0.0
0.0
2.8
0.0
0.0
0.0
1.0
16.8
11.2
0.0
0.0
0.0
1.5
0.0
0.0
0.0
3.6
1.3
0.0
0.0
1.3
10.7
3.6
8.6
0.0
0.0
1.3
1.4
0.0
0.7
0.0
0.0
0.0
9.3
0.0
2.8
0.0
0.0
2.3
11.4
0.0
0.0
0.0
0.3
0.0
0.0
0.0
10.9
5.6
0.0
0.0
0.5
13.7
4.3
21.8
6.3
0.0
0.0
7.9
5.8
11.2
0.0
0.0
0.0
1.5
0.0
0.0
0.0
0.0
1.5
4.1
4.3
0.0
12.6
36.0
0.0
0.0
0.0
0.0
0.0
0.0
0.0
47.5
0.3
0.0
0.0
11.4
14.0
31.0
0.0
12.7
0.3
1.5
1.8
1.3
7.4
0.0
0.0
0.5
36.6
0.5
22.4
0.0
8.4
0.8
0.0
0.0
0.0
0.0
0.0
0.0
14.0
1.5
45.7
0.5
0.5
6.3
0.3
0.0
0.0
0.0
0.5
0.0
0.8
0.3
3.6
0.0
0.0
0.0
0.0
0.0
0.0
0.0
21.1
0.0
0.0
0.0
0.0
0.0
0.0
0.0
1.3
0.0
0.0
2.5
17.5
0.0
0.0
0.0
0.0
0.0
0.0
0.0
5.3
14.0
0.5
0.0
0.3
0.0
0.0
0.0
0.0
0.0
0.0
0.0
3.8
0.0
0.0
26.0
0.1
0.0
8.9
0.0
0.0
0.0
26.1
0.0
11.1
0.8
0.0
0.0
0.0
0.0
0.0
25.9
48.8
0.0
0.0
0.0
0.0
0.0
0.0
0.0
0.0
0.0
0.0
0.0
0.0
0.0
0.0
0.3
0.0
0.0
0.0
0.0
0.8
0.0
0.0
0.0
0.0
0.0
0.0
0.0
0.0
0.0
0.0
0.0
0.0
0.0
0.0
0.5
0.0
0.0
8.9
19.6
1.3
0.0
1.0
11.2
0.0
0.0
0.0
0.0
3.0
0.0
0.0
0.0
0.0
0.0
8.6
0.0
0.0
0.0
0.0
22.9
27.4
0.0
0.0
10.7
5.8
0.0
0.0
0.0
1.8
20.6
9.7
0.0
0.8
10.7
0.3
1.0
0.0
0.0
0.0
1.5
0.0
0.0
0.0
0.0
0.0
0.5
19.0
2.8
1.3
0.0
0.0
0.0
0.0
18.8
0.0
0.5
18.5
0.0
0.0
66.3
18.8
40.4
0.0
0.0
0.0
0.0
0.0
0.0
0.0
0.0
0.0
2.3
4.8
9.7
0.0
0.3
0.0
0.0
0.0
5.8
0.5
0.0
0.0
5.6
0.0
0.0
0.0
0.0
0.0
0.0
0.0
0.0
0.0
0.0
0.0
0.0
0.0
17.8
0.0
0.0
0.0
0.0
0.0
0.3
0.0
0.0
0.5
0.0
0.5
3.3
0.0
0.0
0.0
0.0
0.0
0.0
0.0
0.0
2.8
1.8
0.0
0.0
0.0
0.0
0.0
0.0
0.0
2.5
0.0
0.0
1.3
3.0
0.0
4.6
0.5
0.0
13.8
13.3
0.3
0.0
0.0
0.0
0.0
0.5
0.0
0.0
0.0
22.4
6.3
0.0
0.0
7.1
0.0
0.0
31.0
5.6
0.0
0.0
0.0
0.0
0.0
28.7
0.0
0.8
0.0
10.2
0.0
0.0
0.0
0.0
0.0
0.0
0.0
0.0
0.0
14.2
1.0
0.0
0.0
0.0
0.0
0.3
12.7
0.0
5.9
18.9
5.9
0.3
5.3
0.0
0.0
0.0
4.6
7.9
29.5
0.5
8.1
0.5
7.9
0.0
0.0
3.0
1.0
0.0
0.0
1.5
0.0
0.0
0.0
0.0
0.0
8.9
4.8
0.0
0.0
17.5
27.4
0.5
0.0
12.7
11.4
0.0
0.0
0.0
0.0
0.0
0.0
0.0
0.0
2.3
7.9
0.8
0.0
0.0
0.0
0.0
20.1
42.7
7.4
0.0
0.0
0.0
0.0
0.0
0.0
0.0
5.8
0.0
10.7
6.3
0.0
18.5
2.3
0.8
0.0
0.0
0.0
0.0
0.0
25.9
0.0
0.0
0.0
8.4
3.0
0.0
0.0
15.3
0.0
0.0
46.7
0.0
0.0
13.5
1.0
0.0
0.0
0.0
0.0
0.0
0.0
0.0
0.0
0.0
0.0
0.0
0.0
0.0
0.0
37.8
0.0
11.7
43.4
0.0
0.0
5.1
0.0
8.9
0.0
0.0
0.3
11.7
7.6
13.2
10.1
0.0
0.0
0.3
0.0
0.0
0.0
0.0
0.0
0.0
0.0
13.3
27.0
10.9
0.5
0.0
0.0
7.4
0.0
0.0
7.4
0.0
0.0
0.0
0.0
0.0
0.0
0.0
0.0
1.0
0.0
0.0
0.8
5.6
3.0
0.0
0.0
0.0
0.0
0.0
0.0
0.0
0.0
0.0
0.0
2.5
4.8
0.0
0.0
0.6
2.8
0.0
0.0
15.1
3.1
0.0
0.0
0.0
0.0
3.3
7.1
0.0
0.0
0.0
0.0
0.0
0.0
11.2
0.0
0.0
0.0
0.0
0.3
5.6
0.0
0.0
0.0
0.0
0.0
0.0
0.0
0.0
0.0
7.6
0.0
0.0
0.0
22.4
11.4
0.0
0.0
0.0
8.9
18.3
0.0
0.0
0.0
0.0
0.0
10.4
0.0
0.0
0.0
0.0
0.0
1.5
1.5
0.5
0.0
0.0
0.0
3.3
0.5
0.0
0.0
0.0
0.0
0.0
1.0
0.0
18.5
0.0
0.0
0.0
0.0
0.0
0.0
0.0
0.0
9.7
1.0
0.0
0.0
0.0
0.0
0.5
0.3
15.2
0.0
3.2
2.9
0.5
5.8
0.0
0.0
21.3
0.0
0.0
0.0
0.0
0.0
0.3
0.0
0.0
0.0
0.8
0.0
0.0
0.0
0.0
0.0
0.0
0.0
1.0
0.0
5.9
0.0
0.0
0.7
0.0
0.0
0.0
0.0
0.0
0.0
0.0
0.0
1.0
1.0
0.0
0.0
0.0
0.0
0.0
1.5
14.0
0.0
0.0
0.0
0.0
0.0
0.0
0.0
0.0
0.0
0.0
0.0
5.6
2.0
0.3
0.0
1.5
0.8
0.0
0.8
0.0
0.0
0.0
0.3
1.0
1.3
0.3
1.0
0.0
9.4
22.1
0.5
0.0
0.0
7.2
15.2
17.0
0.0
0.0
0.0
0.0
2.3
0.0
0.0
0.0
6.9
9.1
0.8
0.0
0.0
0.0
2.3
0.0
0.0
0.0
0.0
0.0
16.8
0.1
10.4
46.0
7.6
0.8
0.0
28.2
8.1
2.3
0.0
0.0
0.8
0.0
18.0
0.0
0.0
0.0
0.0
0.0
0.0
0.0
9.4
7.9
30.0
0.0
0.0
2.5
4.6
0.0
0.5
0.0
0.0
0.0
3.8
0.0
0.0
0.0
0.0
0.0
0.0
0.0
0.0
0.0
0.0
0.0
0.0
0.0
0.0
3.6
0.0
0.0
1.8
0.0
1.0
4.8
0.0
0.8
0.3
0.0
0.0
3.6
0.0
0.0
0.8
1.3
0.0
0.0
0.0
0.0
0.0
0.0
0.0
0.0
0.0
2.8
8.6
0.0
0.0
0.0
0.0
0.0
0.0
4.3
0.0
2.8
0.0
6.1
4.3
0.0
0.0
11.4
3.6
0.0
0.0
0.0
0.0
4.8
1.7
13.9
0.0
0.0
0.6
0.0
0.0
0.0
1.3
0.0
0.0
0.0
0.0
0.0
2.8
0.0
1.2
0.0
0.0
20.6
0.8
0.0
0.0
0.0
0.0
1.0
10.9
0.0
0.0
0.0
0.0
0.0
0.0
0.0
0.0
0.0
0.0
0.0
0.0
0.0
0.0
0.0
0.0
0.0
0.0
0.0
0.0
28.4
0.0
0.0
0.0
0.8
0.0
0.0
0.0
0.0
0.0
0.0
0.0
0.0
0.0
0.0
0.3
9.4
24.1
7.6
10.9
0.0
7.6
15.5
1.5
0.8
0.0
5.7
0.0
0.0
0.0
0.0
0.0
0.0
0.5
37.1
5.6
2.0
0.0
0.0
0.0
0.0
0.5
0.0
0.0
1.8
2.0
0.0
2.0
18.8
0.0
0.0
0.0
0.0
0.0
1.6
1.0
0.0
13.0
2.8
0.0
10.6
22.4
0.0
0.0
0.0
0.0
0.0
0.0
0.0
0.0
0.0
0.0
1.5
0.0
0.0
0.0
0.0
4.8
0.0
0.0
0.0
0.0
0.0
0.0
0.0
0.0
0.0
0.0
0.0
0.0
0.0
0.0
0.0
0.0
0.0
0.8
2.0
2.8
0.0
0.0
0.0
0.0
2.0
0.8
0.0
0.0
0.0
0.0
0.0
0.0
0.0
1.8
0.0
0.2
0.8
7.5
0.0
0.0
4.1
0.3
0.0
0.0
0.0
0.0
0.0
8.6
2.0
0.3
0.0
0.0
0.0
0.0
0.0
0.0
0.0
0.0
0.0
0.0
1.3
0.5
3.0
0.0
0.0
0.0
0.0
3.7
0.0
0.0
0.0
0.1
0.8
0.0
1.9
13.5
31.8
69.5
1.2
2.5
4.6
2.8
0.0
0.0
1.0
12.2
1.5
0.0
0.0
0.0
3.8
0.5
0.0
0.0
0.0
0.0
0.0
0.0
0.0
0.0
0.0
8.6
0.5
0.0
0.0
0.0
0.0
0.0
14.2
18.1
0.0
17.8
3.3
2.3
3.0
1.3
0.5
6.3
6.9
0.8
0.0
0.0
0.0
0.0
4.3
0.0
0.0
0.0
0.0
23.9
0.5
0.8
0.0
0.0
0.8
0.0
0.0
0.0
0.0
9.9
0.0
0.0
0.0
0.0
0.0
0.0
0.0
0.0
13.7
0.5
0.0
0.0
0.3
0.0
0.0
7.4
0.0
0.0
0.0
0.0
1.0
1.5
0.0
0.0
0.5
0.0
0.5
0.0
0.0
0.0
0.0
29.0
0.0
0.0
2.3
4.1
3.6
20.6
0.0
17.3
0.0
0.0
0.0
0.0
0.0
0.0
49.5
25.4
21.6
2.8
0.0
0.0
0.0
0.0
0.0
0.0
33.9
13.4
23.3
29.7
0.5
0.0
2.5
0.8
0.0
0.0
0.0
0.0
7.1
0.0
1.0
0.0
8.6
0.0
0.0
0.0
0.0
15.2
0.0
0.0
0.0
8.4
0.0
1.0
0.0
0.0
0.0
0.0
1.0
6.1
0.0
0.0
0.0
0.0
0.0
1.0
27.9
0.5
1.3
0.0
0.0
0.0
0.0
0.0
1.4
0.0
0.0
0.0
0.0
0.0
0.0
0.0
0.0
1.8
19.0
1.8
0.0
14.5
6.9
1.0
0.0
2.3
14.0
0.0
0.0
0.0
7.1
0.5
0.0
0.0
0.0
0.0
0.0
0.0
0.0
19.6
82.3
11.7
0.3
0.0
0.0
0.0
0.0
0.0
0.0
0.0
0.0
0.0
0.0
2.5
0.0
0.0
0.0
1.3
9.9
0.0
0.0
0.0
0.0
0.0
0.0
0.0
0.0
7.1
5.8
14.5
0.5
0.0
0.0
8.6
0.0
6.6
0.0
3.3
0.0
0.0
0.0
0.0
1.0
0.0
0.0
0.0
0.0
0.0
9.7
3.0
1.0
0.0
4.6
14.5
10.9
13.9
0.0
0.6
7.8
3.4
0.0
0.0
6.5
0.0
0.0
0.0
1.4
0.0
5.9
0.0
0.0
0.0
0.5
0.0
0.0
0.0
0.0
12.2
0.0
22.4
0.5
0.0
0.0
0.0
13.2
3.3
1.5
0.0
0.8
0.0
1.5
0.0
0.0
0.0
0.0
0.0
0.0
9.9
0.0
0.0
0.0
0.0
0.0
0.0
4.3
0.0
0.0
0.0
0.0
0.0
10.4
11.4
0.0
0.0
25.4
