               2    | NROT: number of years of rotation
Operation Schedule:
  4  5           3    3            83.00000   0.00
  4  7           6    6             0.00000
  5  1           1  133          1800.00000   0.00     0.00000 0.00   0.00  0.00
  6  4           3    4            74.00000   0.00
 10  8           5                  0.00000
 10 15           1   28          1800.00000   0.00     0.00000 0.00   0.00  0.00
                17
  4 25           8                  0.00000
  4 28           6    6             0.00000
  5 19           1  135          1800.00000   0.00     0.00000 0.00   0.00  0.00
 10 11           5                  0.00000
 10 28           3   18           207.00000   1.00
 10 30           3    3           104.00000   0.00
 11  1           6   85             0.00000
                17