               10    | NROT: number of years of rotation
Operation Schedule:
  3 25           3   18            35.00000   1.00
  4  1           1  137          1400.00000   0.00     0.00000 0.00   0.00  0.00
 10 31           7        0         0.75000   0.00
                17
  5 25           3   18            10.00000   1.00
  5 25           3    4            23.00000   0.00
 10 31           7        0         0.75000   0.00
                17
  5 25           3   18            10.00000   1.00
  5 25           3    4            23.00000   0.00
 10 31           7        0         0.75000   0.00
                17
  5 25           3   18            10.00000   1.00
  5 25           3    4            23.00000   0.00
 10 31           7        0         0.75000   0.00
                17
  5 25           3   18            10.00000   1.00
  5 25           3    4            23.00000   0.00
 10 31           7        0         0.75000   0.00
                17
  5 25           3   18            10.00000   1.00
  5 25           3    4            23.00000   0.00
 10 31           7        0         0.75000   0.00
                17
  5 25           3   18            10.00000   1.00
  5 25           3    4            23.00000   0.00
 10 31           7        0         0.75000   0.00
                17
  5 25           3   18            10.00000   1.00
  5 25           3    4            23.00000   0.00
 10 31           7        0         0.75000   0.00
                17
  5 25           3   18            10.00000   1.00
  5 25           3    4            23.00000   0.00
 10 31           7        0         0.75000   0.00
                17
  5 25           3   18            10.00000   1.00
  5 25           3    4            23.00000   0.00
 10 31           5                  0.00000
                17