               10    | NROT: number of years of rotation
Operation Schedule:
  5  1           6    6            
  5 13           1  142          1830.00000   0.00     0.00000 0.00   0.00  0.00
                17
  5 15           3    4            23.00000   0.00
                17
  5 15           3    4            23.00000   0.00
                17
  5 15           3    4            23.00000   0.00
 10 31           7        0         0.70000   1.00
                17
  5 15           3    4            23.00000   0.00
 10 31           7        0         0.70000   1.00
                17
  5 15           3    4            23.00000   0.00
 10 31           7        0         0.70000   1.00
                17
  5 15           3    4            23.00000   0.00
 10 31           7        0         0.70000   1.00
                17 
  5 15           3    4            23.00000   0.00
 10 31           7        0         0.70000   1.00
                17
  5 15           3    4            23.00000   0.00
 10 31           7        0         0.70000   1.00
                17
 10 31           5                  0.00000
                17